9 0.973698 0.7375 0.0130208 0.0546296 0.266405
7 0.29349 0.919444 0.184896 0.157407 0.290304
7 0.541927 0.49213 0.0765625 0.106481 0.314271
0 0.927083 0.733796 0.0177083 0.075 0.325105
0 0.936979 0.795833 0.021875 0.0675926 0.369628
7 0.440104 0.484259 0.0520833 0.116667 0.448318
2 0.209896 0.284259 0.0375 0.0722222 0.534663
2 0.539844 0.225463 0.0369792 0.0453704 0.554783
2 0.826823 0.160648 0.0161458 0.0268519 0.588847
2 0.440365 0.485185 0.0515625 0.116667 0.624881
0 0.881771 0.745833 0.01875 0.075 0.635019
2 0.539844 0.491204 0.0776042 0.106481 0.637774
5 0.44375 0.216204 0.123958 0.106481 0.652566
2 0.403385 0.424074 0.0338542 0.0685185 0.702092
2 0.500521 0.265278 0.0447917 0.0472222 0.722029
2 0.396094 0.29537 0.0505208 0.0555556 0.75637
2 0.420833 0.334722 0.0447917 0.0601852 0.842222
7 0.364062 0.809259 0.142708 0.244444 0.87273
2 0.778385 0.728704 0.118229 0.177778 0.874762
7 0.516927 0.583333 0.138021 0.25 0.892477
2 0.667969 0.725926 0.109896 0.148148 0.913411
2 0.663281 0.870833 0.132812 0.193519 0.913913
2 0.802865 0.886111 0.129688 0.192593 0.925305
