2 0.845312 0.89537 0.15 0.203704 0.292365
0 0.0419271 0.548611 0.0151042 0.0472222 0.300282
2 0.840365 0.108333 0.0151042 0.0277778 0.329244
0 0.447396 0.656482 0.0302083 0.0888889 0.329976
0 0.791927 0.980093 0.0171875 0.0361111 0.337831
0 0.922135 0.722685 0.0171875 0.0712963 0.343447
0 0.0875 0.5125 0.025 0.0638889 0.378708
2 0.210417 0.284722 0.0364583 0.0712963 0.384764
9 0.973958 0.7375 0.0114583 0.0509259 0.420999
0 0.0611979 0.666667 0.0140625 0.0555556 0.42329
7 0.843229 0.896296 0.147917 0.2 0.487848
2 0.590104 0.162963 0.01875 0.0296296 0.488673
2 0.482031 0.227778 0.0359375 0.0407407 0.488704
5 0.426042 0.224074 0.0854167 0.0944444 0.494248
2 0.513021 0.223611 0.0385417 0.0527778 0.515746
2 0.450781 0.25787 0.0421875 0.0453704 0.516015
0 0.882031 0.74537 0.0171875 0.0722222 0.540858
0 0.897917 0.540278 0.0125 0.062037 0.545229
2 0.395052 0.296296 0.0505208 0.0574074 0.744341
2 0.392448 0.393519 0.0390625 0.0703704 0.795559
2 0.547656 0.652778 0.0932292 0.127778 0.841348
2 0.442708 0.522685 0.065625 0.0990741 0.881556
2 0.552604 0.527315 0.06875 0.106481 0.89139
