0 0.908854 0.883796 0.0197917 0.0638889 0.268341
2 0.842448 0.106019 0.0171875 0.0342593 0.273292
2 0.48099 0.228241 0.0369792 0.0416667 0.334274
0 0.93724 0.8 0.0182292 0.0685185 0.357811
9 0.974219 0.738426 0.0119792 0.0546296 0.418605
0 0.889063 0.89213 0.0166667 0.0694444 0.429118
0 0.904427 0.815741 0.0203125 0.0703704 0.453315
5 0.440885 0.222685 0.119271 0.108333 0.497732
0 0.924219 0.508796 0.0119792 0.062037 0.517128
0 0.840365 0.893056 0.0203125 0.0824074 0.53075
0 0.890625 0.651389 0.0125 0.0694444 0.541532
2 0.396094 0.318519 0.0536458 0.0722222 0.570572
2 0.445312 0.27963 0.046875 0.0611111 0.707217
2 0.25599 0.4125 0.0390625 0.0657407 0.797394
2 0.347917 0.721759 0.0854167 0.162037 0.878756
5 0.11875 0.514815 0.161458 0.22037 0.904796
