0 0.9375 0.797685 0.01875 0.0675926 0.253377
0 0.901563 0.553241 0.0114583 0.0657407 0.271997
0 0.917708 0.758796 0.025 0.0657407 0.28725
2 0.260677 0.318981 0.0213542 0.0305556 0.296162
0 0.973698 0.738426 0.0109375 0.0527778 0.310171
9 0.973437 0.737037 0.0114583 0.0518519 0.313852
0 0.888021 0.550463 0.0114583 0.0638889 0.330973
5 0.241406 0.360185 0.0421875 0.127778 0.344833
0 0.909115 0.748148 0.0140625 0.0666667 0.350773
0 0.85026 0.824537 0.0140625 0.062037 0.372672
7 0.240885 0.358796 0.0421875 0.126852 0.400501
2 0.480469 0.229167 0.0348958 0.0416667 0.405142
0 0.983854 0.616204 0.0135417 0.0638889 0.447992
0 0.946875 0.75 0.015625 0.05 0.455639
2 0.840104 0.108796 0.0145833 0.0268519 0.483259
0 0.447656 0.6625 0.0317708 0.0972222 0.484941
5 0.441146 0.219907 0.125 0.108333 0.515677
2 0.395833 0.318981 0.05625 0.0712963 0.719722
2 0.447135 0.274074 0.0453125 0.0648148 0.740482
2 0.290104 0.565741 0.05 0.107407 0.844312
2 0.835677 0.923148 0.146354 0.15 0.910001
