0 0.0604167 0.668519 0.015625 0.0537037 0.264103
7 0.666927 0.259259 0.0619792 0.0962963 0.264898
0 0.0875 0.5125 0.025 0.062037 0.290333
0 0.0419271 0.547222 0.0151042 0.0481481 0.300477
0 0.922396 0.722222 0.0177083 0.0703704 0.314474
2 0.48125 0.228241 0.0333333 0.0398148 0.331074
2 0.840365 0.108333 0.0151042 0.0277778 0.332739
0 0.901302 0.466204 0.00989583 0.0453704 0.33634
7 0.853385 0.902778 0.144271 0.190741 0.350435
2 0.588021 0.162963 0.0197917 0.0351852 0.391791
0 0.447396 0.656482 0.0302083 0.0888889 0.414078
2 0.210677 0.285185 0.0369792 0.0740741 0.414155
9 0.973958 0.7375 0.0114583 0.0509259 0.426356
2 0.508854 0.226389 0.0427083 0.0564815 0.476139
5 0.425521 0.224537 0.084375 0.0935185 0.510958
2 0.450521 0.25787 0.0427083 0.0453704 0.522312
0 0.882031 0.74537 0.0171875 0.0722222 0.527919
0 0.897917 0.544907 0.0135417 0.0694444 0.532671
2 0.853385 0.900926 0.142188 0.196296 0.655689
2 0.395312 0.296296 0.05 0.0574074 0.756059
2 0.391667 0.397222 0.0385417 0.0740741 0.819795
2 0.561458 0.540741 0.071875 0.107407 0.839907
2 0.448958 0.52963 0.0677083 0.101852 0.869083
2 0.55599 0.662037 0.0953125 0.12963 0.875705
