9 0.872135 0.447222 0.0119792 0.0462963 0.260672
0 0.845573 0.849074 0.0192708 0.0777778 0.272433
0 0.658333 0.313426 0.0135417 0.0731481 0.306801
0 0.890365 0.85463 0.0171875 0.0611111 0.315362
0 0.907031 0.787037 0.0223958 0.0814815 0.343362
2 0.252865 0.311111 0.0213542 0.0296296 0.367566
0 0.93125 0.525926 0.0145833 0.062963 0.376126
2 0.838802 0.112037 0.0171875 0.0240741 0.38481
2 0.395573 0.316667 0.0557292 0.0722222 0.394489
2 0.382812 0.329167 0.03125 0.0546296 0.402391
2 0.871094 0.562963 0.0203125 0.0277778 0.437854
2 0.48151 0.229167 0.0369792 0.0435185 0.444946
9 0.974219 0.7375 0.0130208 0.0527778 0.448446
5 0.4375 0.221296 0.108333 0.0925926 0.485773
0 0.913281 0.849537 0.0161458 0.0601852 0.489124
0 0.890365 0.626389 0.0119792 0.0583333 0.521426
2 0.266406 0.382407 0.0265625 0.0574074 0.577961
2 0.444792 0.281019 0.0458333 0.0583333 0.776271
2 0.34375 0.714352 0.0833333 0.158333 0.895063
5 0.15625 0.474537 0.142708 0.210185 0.899365
