0 0.913021 0.738889 0.0145833 0.0592593 0.277578
2 0.839583 0.0986111 0.01875 0.0324074 0.284904
0 0.928906 0.737963 0.0140625 0.0648148 0.300294
5 0.230208 0.322222 0.0541667 0.1 0.325381
0 0.936458 0.796759 0.0177083 0.0657407 0.344676
2 0.260156 0.309259 0.0328125 0.0555556 0.349175
2 0.459115 0.299537 0.0432292 0.0490741 0.354173
0 0.895312 0.442593 0.009375 0.0425926 0.357606
2 0.230469 0.322222 0.0546875 0.1 0.366817
0 0.884635 0.659259 0.0140625 0.0666667 0.408191
2 0.490365 0.27037 0.0380208 0.0425926 0.417382
2 0.260677 0.388426 0.0338542 0.0638889 0.446146
0 0.973698 0.738426 0.0119792 0.0527778 0.457697
2 0.53125 0.236574 0.0395833 0.037963 0.464886
2 0.769271 0.360185 0.040625 0.0611111 0.536316
7 0.417448 0.421759 0.0557292 0.169444 0.717817
5 0.496615 0.184722 0.102604 0.0990741 0.736483
2 0.48151 0.346296 0.0348958 0.0648148 0.741321
2 0.517187 0.489352 0.0666667 0.0824074 0.753557
2 0.47526 0.422222 0.0494792 0.0925926 0.758458
5 0.209115 0.521759 0.0755208 0.24537 0.811152
2 0.634375 0.60787 0.10625 0.14537 0.864451
2 0.506771 0.561574 0.0760417 0.110185 0.868066
2 0.52474 0.713889 0.0994792 0.166667 0.879953
2 0.704948 0.775463 0.121354 0.173148 0.880405
