0 0.873438 0.444907 0.0104167 0.0509259 0.253012
7 0.229687 0.322222 0.0510417 0.1 0.263734
7 0.869792 0.962037 0.0958333 0.0740741 0.281437
2 0.459375 0.300926 0.040625 0.0462963 0.304415
0 0.913802 0.738889 0.0151042 0.0611111 0.318035
2 0.489062 0.271759 0.040625 0.0435185 0.320499
0 0.936458 0.797222 0.0177083 0.062963 0.325899
7 0.6625 0.252778 0.05625 0.0833333 0.337789
2 0.53099 0.2375 0.0390625 0.037963 0.344285
9 0.973958 0.737963 0.0125 0.0537037 0.354823
2 0.870052 0.963426 0.0963542 0.0694444 0.374019
0 0.929167 0.738426 0.0145833 0.0694444 0.447003
0 0.895052 0.450926 0.00989583 0.0555556 0.483091
7 0.209375 0.505556 0.071875 0.235185 0.499871
2 0.763542 0.375463 0.0458333 0.0638889 0.533396
0 0.885938 0.651389 0.0135417 0.0675926 0.574954
5 0.229687 0.322222 0.0510417 0.1 0.58065
7 0.416146 0.414815 0.05625 0.172222 0.59325
5 0.5 0.183333 0.102083 0.0962963 0.666596
2 0.51224 0.485185 0.0661458 0.0851852 0.681785
2 0.482292 0.344444 0.034375 0.062963 0.701807
2 0.626823 0.599074 0.104687 0.144444 0.72576
5 0.209896 0.505093 0.071875 0.234259 0.775734
2 0.474479 0.419907 0.0489583 0.0916667 0.776408
2 0.515104 0.703704 0.0947917 0.155556 0.869794
2 0.501042 0.554167 0.075 0.112037 0.870496
2 0.694271 0.763426 0.119792 0.167593 0.902366
