5 0.400521 0.253241 0.0645833 0.0898148 0.265928
2 0.254687 0.31713 0.021875 0.0324074 0.268316
0 0.958594 0.682407 0.0161458 0.0666667 0.383007
2 0.440104 0.984259 0.065625 0.0296296 0.390447
9 0.351562 0.354167 0.0135417 0.0416667 0.399425
2 0.526563 0.204167 0.0395833 0.0342593 0.601391
2 0.746094 0.300463 0.0328125 0.0564815 0.645329
2 0.825781 0.161574 0.0161458 0.0305556 0.653637
0 0.883333 0.732407 0.0197917 0.0814815 0.687478
2 0.786719 0.331944 0.0421875 0.0861111 0.697365
2 0.517187 0.242593 0.0364583 0.0481481 0.713
5 0.354948 0.291667 0.151562 0.151852 0.756666
2 0.121354 0.528704 0.0614583 0.0814815 0.830795
2 0.349479 0.725463 0.0854167 0.163889 0.834408
2 0.815104 0.923611 0.102083 0.149074 0.841731
