0 0.0872396 0.514352 0.0255208 0.0694444 0.291079
2 0.478646 0.246296 0.0333333 0.0407407 0.292534
7 0.949219 0.296296 0.101562 0.588889 0.315222
9 0.973698 0.736574 0.0119792 0.0527778 0.382866
2 0.802344 0.276389 0.0348958 0.0712963 0.439794
2 0.770833 0.243519 0.0239583 0.0425926 0.458676
0 0.900781 0.643056 0.0161458 0.0583333 0.471399
0 0.891667 0.694907 0.0229167 0.0824074 0.510812
2 0.025 0.627315 0.0489583 0.0768519 0.539039
2 0.832552 0.141667 0.0192708 0.0296296 0.562514
2 0.469792 0.280093 0.04375 0.0731481 0.625246
2 0.548698 0.223148 0.0401042 0.0425926 0.630057
2 0.842188 0.882407 0.0979167 0.174074 0.777094
2 0.547917 0.957407 0.104167 0.0814815 0.819261
2 0.349479 0.725463 0.0854167 0.163889 0.827882
5 0.328385 0.30787 0.165104 0.182407 0.863144
2 0.546615 0.789352 0.0932292 0.14537 0.904391
