0 0.935156 0.731944 0.0161458 0.0398148 0.25726
0 0.930729 0.735648 0.0208333 0.0601852 0.309585
0 0.921354 0.728241 0.0197917 0.0712963 0.339895
7 0.213802 0.291667 0.0421875 0.0814815 0.351127
0 0.89401 0.44213 0.00989583 0.0472222 0.3559
0 0.973698 0.738889 0.0119792 0.0537037 0.369027
9 0.351562 0.353241 0.0125 0.0435185 0.385389
2 0.839844 0.107407 0.0161458 0.0296296 0.416351
2 0.394531 0.295833 0.0484375 0.0546296 0.417202
5 0.214062 0.291667 0.0416667 0.0796296 0.428894
7 0.667708 0.260185 0.065625 0.0981481 0.441984
0 0.93724 0.797222 0.0234375 0.0703704 0.442659
5 0.426302 0.226852 0.0859375 0.0962963 0.455955
0 0.882031 0.747222 0.0182292 0.0740741 0.498147
0 0.91901 0.610648 0.0171875 0.0694444 0.521677
2 0.482552 0.227778 0.0338542 0.037037 0.55576
2 0.527865 0.2125 0.0369792 0.0435185 0.64544
2 0.577865 0.685185 0.102604 0.140741 0.836268
2 0.421094 0.493981 0.0598958 0.0990741 0.851635
2 0.782031 0.761111 0.106771 0.15 0.897021
2 0.743229 0.848611 0.132292 0.180556 0.903599
