9 0.974479 0.738889 0.0114583 0.0537037 0.253553
0 0.884115 0.494444 0.00989583 0.0425926 0.278407
2 0.489062 0.270833 0.0416667 0.0453704 0.291032
2 0.464844 0.408333 0.0338542 0.0611111 0.292556
0 0.659375 0.313889 0.0135417 0.0740741 0.30165
7 0.66276 0.251852 0.0578125 0.0796296 0.302992
7 0.226823 0.313426 0.0515625 0.102778 0.306785
0 0.352865 0.353241 0.0119792 0.0416667 0.317336
0 0.93724 0.793056 0.0203125 0.0694444 0.32997
5 0.227344 0.313426 0.0505208 0.102778 0.345037
2 0.534115 0.244444 0.0494792 0.05 0.357537
0 0.913021 0.743056 0.015625 0.0712963 0.366481
0 0.904427 0.481481 0.00989583 0.0537037 0.40528
2 0.463802 0.354167 0.0359375 0.075 0.409243
0 0.929688 0.738889 0.0145833 0.0648148 0.436595
2 0.229427 0.883333 0.0890625 0.190741 0.663468
7 0.409635 0.37963 0.0442708 0.148148 0.753974
2 0.434375 0.477315 0.053125 0.087963 0.798571
2 0.438802 0.603241 0.0734375 0.121296 0.843511
2 0.502083 0.476852 0.06875 0.1 0.847866
2 0.491146 0.553704 0.0802083 0.111111 0.864604
2 0.384375 0.506019 0.05 0.100926 0.875517
2 0.543229 0.440278 0.06875 0.0805556 0.879259
