7 0.273958 0.418519 0.0385417 0.105556 0.264029
7 0.959375 0.225463 0.08125 0.0490741 0.268188
5 0.439323 0.246296 0.0505208 0.0722222 0.33249
2 0.209896 0.284259 0.0364583 0.0703704 0.335724
2 0.336979 0.944444 0.04375 0.0611111 0.358921
2 0.444271 0.256019 0.0395833 0.0527778 0.369557
2 0.338542 0.880093 0.05625 0.0768519 0.383697
5 0.210417 0.284722 0.0375 0.0712963 0.410497
7 0.670573 0.260648 0.0703125 0.100926 0.415256
9 0.973958 0.7375 0.0125 0.0527778 0.421352
2 0.560938 0.207407 0.0302083 0.037037 0.431964
0 0.88151 0.744907 0.0182292 0.0712963 0.498092
2 0.528125 0.240278 0.0354167 0.0398148 0.542128
5 0.274219 0.419444 0.0380208 0.105556 0.549548
2 0.485156 0.405556 0.0380208 0.0777778 0.582238
0 0.929167 0.74213 0.0166667 0.0731481 0.594568
5 0.422135 0.232407 0.0692708 0.0944444 0.595571
2 0.811198 0.215278 0.0192708 0.0361111 0.61614
5 0.478646 0.197222 0.0541667 0.0703704 0.65398
2 0.956771 0.910648 0.0864583 0.163889 0.694413
2 0.48724 0.273611 0.0390625 0.0453704 0.694766
7 0.415365 0.425926 0.0338542 0.105556 0.74071
2 0.435677 0.326852 0.0421875 0.0555556 0.763388
5 0.196354 0.490741 0.0833333 0.218519 0.795208
7 0.46901 0.520833 0.108854 0.219444 0.855495
2 0.53776 0.494907 0.0765625 0.117593 0.855758
2 0.64349 0.608796 0.0880208 0.112037 0.867459
2 0.640885 0.701389 0.103646 0.137963 0.892713
2 0.788802 0.872685 0.126563 0.193519 0.909107
2 0.627865 0.838426 0.125521 0.189815 0.918171
