2 0.560677 0.20787 0.0296875 0.0398148 0.304493
9 0.973698 0.738426 0.0119792 0.0527778 0.317278
0 0.9 0.404167 0.0125 0.0490741 0.335458
2 0.841146 0.1 0.015625 0.0259259 0.368772
0 0.940104 0.793056 0.021875 0.0712963 0.406651
2 0.529427 0.239352 0.0390625 0.0398148 0.417162
0 0.914583 0.735185 0.0197917 0.0759259 0.417718
2 0.490885 0.270833 0.0401042 0.0453704 0.455252
7 0.276823 0.371296 0.0390625 0.0925926 0.464991
2 0.446875 0.311574 0.0385417 0.0453704 0.469221
5 0.484635 0.191204 0.0567708 0.0694444 0.47111
2 0.804688 0.240741 0.0229167 0.037037 0.511045
0 0.881771 0.733796 0.0166667 0.0638889 0.538469
2 0.855729 0.8125 0.134375 0.191667 0.575567
0 0.930208 0.743981 0.01875 0.0694444 0.639967
2 0.48151 0.39213 0.0338542 0.0768519 0.695176
2 0.0679687 0.637963 0.0640625 0.1 0.72482
5 0.430469 0.224074 0.0765625 0.0962963 0.756267
5 0.216927 0.420833 0.0609375 0.167593 0.781376
7 0.449219 0.493981 0.100521 0.208333 0.859189
5 0.304688 0.831481 0.227083 0.331481 0.866008
2 0.613281 0.674074 0.100521 0.135185 0.892429
2 0.520573 0.47963 0.0703125 0.1 0.893413
2 0.777604 0.855556 0.130208 0.190741 0.893729
2 0.593229 0.5625 0.078125 0.102778 0.89734
2 0.620833 0.829167 0.123958 0.182407 0.911804
