0 0.895312 0.433796 0.009375 0.0435185 0.271359
5 0.446615 0.27037 0.0494792 0.0759259 0.280415
0 0.973698 0.737963 0.0119792 0.0518519 0.296899
7 0.667969 0.25787 0.0661458 0.0935185 0.298741
2 0.246354 0.292593 0.0270833 0.0407407 0.306414
7 0.211458 0.288889 0.0395833 0.0796296 0.337245
9 0.973958 0.7375 0.0114583 0.0509259 0.341445
0 0.932552 0.743981 0.0192708 0.0638889 0.354383
5 0.211979 0.288889 0.0395833 0.0777778 0.368733
0 0.921615 0.725926 0.0171875 0.0666667 0.371255
9 0.352083 0.353241 0.0135417 0.0435185 0.396966
5 0.478646 0.193519 0.0541667 0.0592593 0.411762
2 0.446875 0.272685 0.046875 0.0731481 0.459004
0 0.91224 0.593056 0.0151042 0.0694444 0.476129
0 0.936458 0.797222 0.0229167 0.0685185 0.481772
2 0.839844 0.106019 0.0161458 0.0305556 0.485438
0 0.882292 0.74537 0.0177083 0.0722222 0.514923
5 0.424479 0.226852 0.0822917 0.0888889 0.646139
2 0.546615 0.196296 0.0296875 0.0388889 0.686768
2 0.394531 0.29537 0.0484375 0.0574074 0.73727
2 0.403646 0.461574 0.0479167 0.0898148 0.83043
2 0.53099 0.633796 0.0901042 0.130556 0.883228
2 0.707552 0.689815 0.0994792 0.142593 0.903189
2 0.682031 0.790278 0.121354 0.165741 0.915731
