9 0.351823 0.353704 0.0130208 0.0425926 0.269988
2 0.560417 0.208333 0.0302083 0.0407407 0.27877
7 0.232552 0.333796 0.0536458 0.10463 0.291225
0 0.884375 0.6625 0.0135417 0.0490741 0.302023
0 0.352344 0.353704 0.0119792 0.0407407 0.303198
0 0.895312 0.441204 0.009375 0.0527778 0.314494
0 0.873177 0.444444 0.00989583 0.0518519 0.316796
2 0.839844 0.0990741 0.0171875 0.0296296 0.328213
2 0.89401 0.972222 0.0942708 0.0518519 0.331722
0 0.913281 0.733796 0.0171875 0.0731481 0.384929
9 0.973698 0.738889 0.0119792 0.0518519 0.389806
7 0.666146 0.258796 0.0625 0.0953704 0.409267
5 0.233073 0.333333 0.0536458 0.105556 0.419037
0 0.928906 0.741667 0.0140625 0.0703704 0.42431
0 0.936979 0.793519 0.0197917 0.0703704 0.503284
2 0.488802 0.27037 0.0401042 0.0462963 0.519171
2 0.460156 0.298148 0.0453125 0.0462963 0.576561
2 0.250781 0.409722 0.0348958 0.0657407 0.599297
2 0.777344 0.343981 0.0348958 0.0546296 0.661233
2 0.530729 0.237963 0.0375 0.0388889 0.665406
7 0.421094 0.43287 0.0609375 0.171296 0.687248
2 0.479948 0.356019 0.0338542 0.0694444 0.761223
2 0.527344 0.501852 0.0651042 0.0944444 0.789098
5 0.208073 0.560185 0.0755208 0.259259 0.82833
5 0.492188 0.193056 0.10625 0.10463 0.841086
2 0.480469 0.42963 0.0494792 0.0888889 0.856344
2 0.648438 0.623611 0.109375 0.150926 0.860078
2 0.51875 0.573611 0.0802083 0.112037 0.894861
2 0.547917 0.744907 0.108333 0.163889 0.908901
2 0.726823 0.798611 0.123438 0.180556 0.912503
