0 0.953125 0.672222 0.0135417 0.0611111 0.287358
9 0.350781 0.353241 0.0140625 0.0435185 0.291189
2 0.254427 0.316667 0.0213542 0.0333333 0.302966
9 0.973437 0.737037 0.0135417 0.0537037 0.36772
0 0.0864583 0.515741 0.021875 0.0685185 0.449349
2 0.526563 0.208796 0.0354167 0.037963 0.45983
7 0.788802 0.324537 0.0421875 0.0898148 0.469868
2 0.578906 0.198611 0.0317708 0.0398148 0.47445
2 0.750521 0.293056 0.0302083 0.0546296 0.562502
2 0.826563 0.160185 0.015625 0.0277778 0.685845
2 0.511719 0.248611 0.0380208 0.0509259 0.717572
0 0.883854 0.728241 0.0197917 0.0842593 0.737527
2 0.45026 0.966667 0.0828125 0.062963 0.8034
2 0.816406 0.920833 0.103646 0.158333 0.819584
5 0.353906 0.291204 0.154687 0.165741 0.821234
2 0.349479 0.725463 0.0854167 0.163889 0.835863
2 0.109635 0.544444 0.0619792 0.0851852 0.858016
