2 0.267188 0.327778 0.028125 0.0444444 0.307511
2 0.559375 0.206019 0.03125 0.0361111 0.341523
2 0.53099 0.2375 0.0390625 0.0398148 0.354899
2 0.749219 0.912037 0.136979 0.175926 0.361968
0 0.898177 0.480093 0.0109375 0.0509259 0.382051
9 0.974219 0.738426 0.0109375 0.0509259 0.413847
7 0.748698 0.9125 0.132812 0.175 0.418415
2 0.464583 0.389352 0.034375 0.087963 0.419043
5 0.525781 0.163889 0.0651042 0.0759259 0.427438
5 0.232812 0.399537 0.046875 0.15463 0.437147
0 0.885938 0.593056 0.0114583 0.0546296 0.474511
7 0.232292 0.399537 0.0458333 0.15463 0.486788
5 0.214062 0.287037 0.0552083 0.101852 0.489077
0 0.914323 0.733333 0.0182292 0.0833333 0.496491
0 0.9375 0.793056 0.0208333 0.0694444 0.548191
9 0.410417 0.392593 0.04375 0.159259 0.552314
7 0.410417 0.393056 0.0447917 0.158333 0.638707
0 0.928385 0.742593 0.0140625 0.0722222 0.651825
2 0.491927 0.316667 0.0359375 0.0611111 0.710525
2 0.564062 0.533796 0.0895833 0.123148 0.779164
2 0.486719 0.451389 0.0526042 0.0805556 0.811977
2 0.697917 0.448611 0.0791667 0.0731481 0.828135
2 0.441406 0.600926 0.0765625 0.127778 0.856821
2 0.460677 0.510185 0.0651042 0.0981481 0.866849
2 0.598698 0.663889 0.103646 0.142593 0.899575
