2 0.560156 0.208333 0.0317708 0.0351852 0.261906
2 0.43125 0.332407 0.034375 0.0648148 0.266169
2 0.840365 0.101389 0.0171875 0.0268519 0.28403
0 0.0875 0.511111 0.0239583 0.062963 0.31974
2 0.252865 0.296759 0.0276042 0.0490741 0.349403
9 0.973698 0.738426 0.0119792 0.0527778 0.385757
0 0.897656 0.47037 0.00989583 0.0555556 0.395036
0 0.959375 0.816204 0.0229167 0.0657407 0.40105
2 0.270833 0.342593 0.0229167 0.0481481 0.415737
0 0.886198 0.609259 0.0130208 0.0518519 0.46835
0 0.914062 0.733796 0.0177083 0.0768519 0.472246
7 0.811719 0.9375 0.130729 0.123148 0.531154
5 0.221875 0.305093 0.0447917 0.0898148 0.538313
0 0.9375 0.793519 0.0197917 0.0703704 0.543139
2 0.529948 0.237963 0.0390625 0.0388889 0.552873
0 0.929427 0.741667 0.0151042 0.0722222 0.604047
7 0.41276 0.405093 0.0494792 0.152778 0.639631
2 0.468229 0.400463 0.0364583 0.0842593 0.686606
5 0.52474 0.175926 0.0953125 0.0962963 0.696073
2 0.488021 0.325 0.0375 0.0648148 0.78036
2 0.495833 0.464352 0.0572917 0.0787037 0.789786
2 0.733073 0.419907 0.0598958 0.075 0.801445
2 0.5875 0.558796 0.0958333 0.136111 0.818939
5 0.22526 0.428704 0.0619792 0.187037 0.821877
2 0.638021 0.705556 0.1125 0.159259 0.869178
2 0.47474 0.527315 0.0682292 0.10463 0.892125
2 0.466667 0.638889 0.084375 0.133333 0.902935
