2 0.560156 0.208796 0.0307292 0.037963 0.254339
9 0.973958 0.7375 0.0125 0.0546296 0.264203
0 0.973958 0.7375 0.0125 0.0527778 0.267193
7 0.663542 0.255556 0.0583333 0.0851852 0.28943
2 0.45651 0.302315 0.0411458 0.0472222 0.311668
0 0.917188 0.737037 0.0229167 0.0722222 0.317463
2 0.529167 0.238889 0.0395833 0.0407407 0.317513
0 0.938021 0.796296 0.021875 0.0685185 0.341932
0 0.88125 0.73287 0.0166667 0.075 0.372685
2 0.488802 0.269907 0.0432292 0.0435185 0.524712
7 0.277865 0.350926 0.0338542 0.0814815 0.529282
2 0.799219 0.259259 0.0244792 0.0407407 0.546912
0 0.929948 0.743981 0.0182292 0.0675926 0.561667
2 0.480729 0.385648 0.034375 0.0787037 0.672013
5 0.45599 0.21713 0.113021 0.10463 0.742452
7 0.229167 0.39213 0.0520833 0.150926 0.793359
2 0.122135 0.579167 0.0630208 0.0953704 0.793363
2 0.576563 0.544444 0.0770833 0.1 0.806036
2 0.785156 0.744444 0.130729 0.190741 0.819426
2 0.510677 0.468519 0.0661458 0.105556 0.857264
5 0.270312 0.791204 0.179167 0.412037 0.874029
2 0.777083 0.856481 0.130208 0.187037 0.878042
7 0.440365 0.480093 0.0890625 0.199074 0.892315
2 0.589323 0.649074 0.0953125 0.127778 0.89461
2 0.616667 0.822222 0.123958 0.17963 0.914893
