7 0.951563 0.297685 0.096875 0.59537 0.330784
0 0.90625 0.778241 0.0135417 0.0342593 0.343454
2 0.327865 0.373611 0.0619792 0.0805556 0.352459
9 0.974219 0.7375 0.0119792 0.0509259 0.354178
2 0.842708 0.1 0.0177083 0.0314815 0.372264
2 0.25625 0.318056 0.028125 0.0324074 0.449003
5 0.438802 0.227778 0.113021 0.111111 0.513498
0 0.884115 0.794444 0.0151042 0.0592593 0.609039
2 0.476042 0.233333 0.0364583 0.0388889 0.677909
2 0.296094 0.374537 0.0515625 0.0712963 0.741403
2 0.415104 0.300926 0.0479167 0.0611111 0.794586
2 0.349479 0.725463 0.0854167 0.163889 0.8497
