3 0.564323 0.560185 0.0317708 0.0666667 0.25071
0 0.658594 0.312963 0.0130208 0.0759259 0.288982
9 0.973958 0.743519 0.0114583 0.0481481 0.304083
0 0.93776 0.793519 0.0213542 0.0722222 0.35086
7 0.663021 0.257407 0.0604167 0.0907407 0.392365
0 0.928906 0.738889 0.0161458 0.0740741 0.410791
0 0.915104 0.737037 0.0197917 0.0814815 0.412046
0 0.904427 0.483796 0.0109375 0.0527778 0.417901
2 0.464844 0.403704 0.0359375 0.0666667 0.43257
2 0.490104 0.271296 0.0395833 0.0462963 0.449118
2 0.464323 0.350463 0.0369792 0.0675926 0.475595
5 0.219271 0.299537 0.0614583 0.113889 0.493697
2 0.53151 0.236111 0.0380208 0.0407407 0.501196
7 0.409635 0.380556 0.0442708 0.148148 0.635635
2 0.228385 0.881944 0.0880208 0.189815 0.690425
2 0.494792 0.464352 0.065625 0.0972222 0.761327
7 0.221094 0.431944 0.0828125 0.125 0.806324
2 0.433333 0.476389 0.0520833 0.0898148 0.837167
2 0.438021 0.602315 0.0729167 0.125 0.843871
2 0.491406 0.552778 0.0786458 0.109259 0.862544
2 0.384375 0.505556 0.05 0.101852 0.870119
2 0.542708 0.439815 0.06875 0.0796296 0.881826
