2 0.0208333 0.689352 0.0416667 0.0935185 0.255888
25 0.778385 0.987037 0.0557292 0.0240741 0.28336
9 0.973698 0.737963 0.0119792 0.0518519 0.319931
2 0.59349 0.172685 0.0265625 0.0490741 0.379819
7 0.94974 0.295833 0.100521 0.591667 0.448318
2 0.810156 0.218981 0.0192708 0.0398148 0.604273
0 0.873177 0.825926 0.0223958 0.0944444 0.68085
2 0.664583 0.504167 0.0614583 0.100926 0.725302
2 0.122135 0.570833 0.0661458 0.10463 0.771181
7 0.73776 0.500463 0.0713542 0.141667 0.79466
2 0.35 0.725463 0.0854167 0.165741 0.826882
2 0.28125 0.385185 0.0552083 0.062963 0.833432
5 0.40599 0.250926 0.139062 0.138889 0.867153
