2 0.507812 0.210185 0.0354167 0.0407407 0.261838
2 0.209115 0.282407 0.0359375 0.0703704 0.266059
0 0.939844 0.79213 0.0244792 0.0712963 0.280372
0 0.0872396 0.509722 0.0255208 0.0601852 0.281939
2 0.560677 0.208333 0.0286458 0.037037 0.289041
7 0.667708 0.259259 0.0645833 0.0925926 0.290968
0 0.914583 0.734722 0.01875 0.0657407 0.319908
2 0.839323 0.1 0.0182292 0.0277778 0.331398
9 0.973958 0.737037 0.0125 0.0518519 0.356554
0 0.929427 0.740278 0.0161458 0.0657407 0.367219
7 0.276823 0.343519 0.0338542 0.0759259 0.382794
2 0.276823 0.343519 0.0338542 0.0759259 0.391582
2 0.489844 0.269907 0.0401042 0.0435185 0.422096
2 0.458333 0.3 0.0416667 0.0462963 0.431273
0 0.896094 0.417593 0.0109375 0.0555556 0.457315
0 0.882292 0.723148 0.01875 0.0703704 0.459378
2 0.795313 0.268519 0.0239583 0.0425926 0.498347
2 0.528906 0.238426 0.0380208 0.0398148 0.538441
7 0.233073 0.378704 0.0484375 0.146296 0.616529
2 0.15 0.548148 0.0625 0.0925926 0.640046
5 0.461458 0.210185 0.115625 0.109259 0.744509
2 0.480208 0.381944 0.034375 0.0787037 0.757869
2 0.775781 0.856944 0.127604 0.191667 0.839061
2 0.755469 0.716667 0.128646 0.188889 0.8411
2 0.56849 0.539815 0.0765625 0.0925926 0.859315
5 0.254427 0.775463 0.146354 0.434259 0.863618
2 0.505729 0.4625 0.0645833 0.100926 0.872736
7 0.435417 0.471759 0.0833333 0.193519 0.881214
2 0.578385 0.6375 0.0942708 0.134259 0.883857
2 0.614062 0.81713 0.125 0.178704 0.922144
