0 0.93776 0.797222 0.0192708 0.0685185 0.282232
0 0.926042 0.75 0.015625 0.0537037 0.285332
9 0.973437 0.7375 0.0114583 0.0527778 0.318733
0 0.973437 0.738426 0.0114583 0.0527778 0.321435
2 0.259896 0.31713 0.0239583 0.0324074 0.362256
0 0.98724 0.618056 0.0171875 0.0638889 0.377073
0 0.85026 0.824537 0.0140625 0.062037 0.423384
7 0.241927 0.358796 0.0421875 0.125 0.442557
2 0.480469 0.22963 0.0348958 0.0425926 0.45006
0 0.908854 0.750926 0.015625 0.0740741 0.458296
2 0.840104 0.108333 0.0145833 0.0277778 0.482393
5 0.436719 0.223611 0.113021 0.102778 0.488031
0 0.447656 0.6625 0.0317708 0.0972222 0.488566
0 0.947396 0.750926 0.0145833 0.0537037 0.508338
2 0.395573 0.319444 0.0557292 0.0703704 0.729574
2 0.447396 0.274537 0.0447917 0.062037 0.749514
2 0.2875 0.555556 0.05 0.111111 0.79231
2 0.822917 0.918519 0.144792 0.161111 0.915943
