5 0.206771 0.268519 0.046875 0.0759259 0.256025
0 0.958594 0.919444 0.0192708 0.0666667 0.262825
2 0.490885 0.27037 0.0348958 0.0407407 0.272282
0 0.903906 0.484259 0.00989583 0.0537037 0.329465
0 0.886458 0.531482 0.0104167 0.0555556 0.384224
2 0.563281 0.206481 0.0307292 0.0351852 0.435385
0 0.9375 0.793519 0.0197917 0.0703704 0.438566
2 0.511458 0.288426 0.040625 0.0583333 0.463508
2 0.530469 0.235648 0.0359375 0.037963 0.476109
9 0.974219 0.737963 0.0119792 0.0518519 0.483465
7 0.410417 0.380556 0.04375 0.148148 0.483662
2 0.46224 0.35787 0.0338542 0.075 0.506095
5 0.235938 0.336574 0.0541667 0.100926 0.531613
0 0.929167 0.742593 0.015625 0.0722222 0.556821
0 0.914062 0.735185 0.0166667 0.0814815 0.606084
5 0.410677 0.380093 0.0442708 0.147222 0.643309
2 0.254427 0.920833 0.105729 0.15463 0.691197
2 0.467448 0.411574 0.0390625 0.0805556 0.700819
2 0.515365 0.698148 0.0932292 0.144444 0.825338
2 0.391406 0.518981 0.0557292 0.106481 0.829352
2 0.560938 0.447685 0.0739583 0.0824074 0.85199
2 0.438542 0.486574 0.05625 0.0898148 0.857814
2 0.517708 0.482407 0.0770833 0.105556 0.85825
2 0.509635 0.573611 0.0838542 0.117593 0.89375
