9 0.973698 0.737963 0.0130208 0.0555556 0.287526
7 0.949479 0.297222 0.101042 0.592593 0.322936
0 0.86849 0.634722 0.0213542 0.0712963 0.359552
2 0.832552 0.135648 0.0171875 0.0287037 0.403932
2 0.808854 0.254167 0.03125 0.062037 0.424669
0 0.946354 0.985648 0.0302083 0.0287037 0.447492
2 0.442187 0.306481 0.0447917 0.087037 0.544902
2 0.526042 0.240741 0.0385417 0.05 0.684302
0 0.895312 0.680093 0.0197917 0.0824074 0.68961
2 0.613802 0.833796 0.101562 0.189815 0.699013
5 0.357812 0.277315 0.0770833 0.0972222 0.74302
2 0.349479 0.725463 0.0854167 0.163889 0.827155
2 0.857552 0.85 0.0921875 0.181481 0.844783
5 0.279948 0.344444 0.111979 0.144444 0.846056
2 0.60026 0.67037 0.0776042 0.12037 0.893198
