0 0.891927 0.840741 0.0171875 0.0574074 0.253744
9 0.872135 0.446759 0.0119792 0.0472222 0.260263
0 0.658333 0.313426 0.0135417 0.0731481 0.311993
2 0.251823 0.309722 0.0203125 0.0305556 0.367282
2 0.395573 0.31713 0.0557292 0.0731481 0.39616
2 0.382812 0.328704 0.03125 0.0555556 0.399034
2 0.838802 0.112037 0.0171875 0.0240741 0.40113
2 0.871354 0.562963 0.0208333 0.0277778 0.407039
2 0.48151 0.229167 0.0369792 0.0435185 0.453943
0 0.933073 0.528704 0.0140625 0.0666667 0.455897
9 0.973958 0.7375 0.0125 0.0509259 0.459237
5 0.438542 0.220833 0.110417 0.0935185 0.488305
2 0.267708 0.376852 0.0270833 0.0592593 0.505688
0 0.91224 0.846296 0.0171875 0.0666667 0.519575
0 0.889583 0.621759 0.0114583 0.0583333 0.600083
2 0.444792 0.281019 0.0458333 0.0564815 0.773415
5 0.161719 0.469444 0.141146 0.205556 0.902301
2 0.34401 0.712037 0.0828125 0.159259 0.903175
