9 0.973958 0.7375 0.0125 0.0527778 0.291425
0 0.973437 0.7375 0.0125 0.0527778 0.313497
7 0.665625 0.255093 0.0625 0.087963 0.316149
0 0.891146 0.468519 0.0104167 0.0462963 0.327794
2 0.839844 0.108796 0.0151042 0.0268519 0.340623
0 0.9375 0.799074 0.021875 0.0648148 0.359674
2 0.221615 0.306019 0.0473958 0.0861111 0.375764
7 0.960938 0.923148 0.078125 0.144444 0.41193
0 0.0877604 0.510185 0.0255208 0.0648148 0.463557
5 0.442448 0.218981 0.123438 0.108333 0.499884
0 0.876042 0.756944 0.0145833 0.0694444 0.527963
2 0.961198 0.925463 0.0776042 0.14537 0.559139
2 0.273177 0.34213 0.0255208 0.0490741 0.562716
2 0.477865 0.244444 0.0442708 0.0666667 0.567414
0 0.936719 0.665741 0.0140625 0.062963 0.582679
5 0.220313 0.305556 0.0489583 0.0851852 0.591278
2 0.396875 0.318056 0.0583333 0.0768519 0.703407
2 0.508594 0.60463 0.0921875 0.12963 0.875559
2 0.723177 0.83287 0.125521 0.176852 0.912308
