2 0.43099 0.33287 0.0338542 0.0657407 0.250366
2 0.560156 0.208333 0.0317708 0.0351852 0.260789
2 0.252865 0.296759 0.0276042 0.0509259 0.271976
2 0.840104 0.101389 0.0177083 0.0268519 0.289092
0 0.0875 0.510648 0.0239583 0.0638889 0.35772
9 0.973698 0.738426 0.0119792 0.0527778 0.384995
0 0.959115 0.816204 0.0223958 0.0657407 0.400312
2 0.270312 0.34213 0.0239583 0.0472222 0.404369
0 0.897656 0.470833 0.00989583 0.0509259 0.40482
7 0.803906 0.937037 0.122396 0.122222 0.471669
0 0.914062 0.733796 0.0177083 0.0768519 0.479605
0 0.886458 0.606019 0.0125 0.0435185 0.510224
2 0.529948 0.237963 0.0390625 0.0388889 0.534064
5 0.220833 0.30463 0.0458333 0.0907407 0.539615
0 0.9375 0.793519 0.0197917 0.0703704 0.539799
0 0.929427 0.741667 0.0151042 0.0722222 0.615141
7 0.41276 0.402778 0.0484375 0.157407 0.67542
2 0.467969 0.400463 0.0359375 0.0842593 0.67679
5 0.52474 0.175 0.0953125 0.0962963 0.706402
2 0.488542 0.325 0.0385417 0.0648148 0.780715
2 0.495573 0.462037 0.0567708 0.0851852 0.802582
2 0.731771 0.422222 0.0625 0.0759259 0.81064
2 0.586979 0.556481 0.0958333 0.135185 0.811002
5 0.225 0.424074 0.0614583 0.190741 0.843761
2 0.635677 0.702315 0.110937 0.152778 0.882392
2 0.473958 0.525926 0.06875 0.101852 0.888165
2 0.465365 0.6375 0.0848958 0.132407 0.889143
