7 0.226823 0.314352 0.0515625 0.0990741 0.257451
7 0.66276 0.251852 0.0578125 0.0796296 0.257883
2 0.58151 0.192593 0.0265625 0.0296296 0.265242
2 0.546094 0.24537 0.0338542 0.0407407 0.291144
0 0.659375 0.313889 0.0135417 0.0740741 0.296252
2 0.528125 0.24213 0.0385417 0.0398148 0.298058
0 0.352865 0.353704 0.0119792 0.0407407 0.326702
0 0.93724 0.793056 0.0203125 0.0694444 0.33003
3 0.667448 0.669444 0.0390625 0.0666667 0.330582
2 0.464844 0.409259 0.0338542 0.0592593 0.333729
0 0.9125 0.743519 0.015625 0.0685185 0.339598
2 0.489062 0.271296 0.040625 0.0444444 0.355637
0 0.929427 0.738889 0.0151042 0.062963 0.396818
5 0.226823 0.314815 0.0515625 0.1 0.434145
0 0.904427 0.481944 0.0109375 0.0546296 0.438381
2 0.463802 0.355093 0.0359375 0.0768519 0.460554
2 0.229427 0.883333 0.0890625 0.190741 0.670962
7 0.409635 0.380093 0.0442708 0.147222 0.760588
2 0.433854 0.477315 0.0520833 0.087963 0.808702
2 0.501823 0.474074 0.0692708 0.1 0.815247
2 0.438021 0.603704 0.0729167 0.124074 0.844664
2 0.490885 0.552778 0.0807292 0.111111 0.869574
2 0.543229 0.440278 0.06875 0.0805556 0.877876
2 0.384375 0.506481 0.05 0.101852 0.882078
