0 0.872396 0.444907 0.0114583 0.0527778 0.255197
0 0.960156 0.814815 0.0244792 0.0703704 0.257429
7 0.663021 0.254167 0.0572917 0.0824074 0.273494
0 0.448698 0.661574 0.0296875 0.0972222 0.283026
2 0.500521 0.216204 0.0364583 0.0435185 0.285397
0 0.88125 0.731944 0.015625 0.0657407 0.29043
0 0.973698 0.737037 0.0130208 0.0537037 0.29599
5 0.50026 0.216667 0.0359375 0.0425926 0.316699
0 0.938542 0.79537 0.0229167 0.0703704 0.31812
2 0.457292 0.302315 0.0416667 0.0472222 0.327204
0 0.896615 0.415278 0.0109375 0.0546296 0.329541
0 0.914062 0.738426 0.01875 0.0657407 0.404668
2 0.528906 0.238889 0.0390625 0.0407407 0.410478
2 0.797135 0.263889 0.0286458 0.0425926 0.454777
2 0.489583 0.269907 0.0427083 0.0453704 0.474071
0 0.930208 0.741667 0.0177083 0.0666667 0.510481
7 0.276823 0.347685 0.0338542 0.0787037 0.54832
2 0.480469 0.383796 0.0338542 0.0787037 0.616906
2 0.132031 0.568056 0.0598958 0.0916667 0.710867
7 0.229427 0.386111 0.0494792 0.148148 0.721202
5 0.457812 0.2125 0.114583 0.110185 0.747447
5 0.265365 0.788889 0.171354 0.42037 0.807282
2 0.509896 0.46713 0.0677083 0.102778 0.84573
2 0.77474 0.737037 0.130729 0.17963 0.861804
2 0.776823 0.856019 0.129688 0.186111 0.876133
2 0.572396 0.543056 0.0760417 0.0972222 0.877686
2 0.584635 0.644444 0.0942708 0.127778 0.882374
7 0.438802 0.474537 0.0880208 0.197222 0.883652
2 0.615365 0.821296 0.123438 0.17963 0.917515
