0 0.0872396 0.511111 0.0255208 0.062963 0.25401
0 0.898698 0.78287 0.0140625 0.0657407 0.25848
2 0.234375 0.275926 0.015625 0.0296296 0.270951
2 0.839583 0.110648 0.0145833 0.0268519 0.290748
0 0.944271 0.748611 0.0114583 0.0453704 0.304682
0 0.447135 0.659722 0.0307292 0.0935185 0.356488
0 0.936198 0.799537 0.0161458 0.0657407 0.358652
9 0.973698 0.737963 0.0130208 0.0518519 0.401653
0 0.8875 0.569444 0.0125 0.062963 0.421706
0 0.84974 0.824074 0.0140625 0.0611111 0.450203
2 0.48125 0.227778 0.034375 0.0388889 0.47596
2 0.264323 0.326852 0.0234375 0.0388889 0.586637
5 0.442187 0.22037 0.122917 0.112963 0.610047
2 0.90026 0.959722 0.114063 0.0787037 0.667567
2 0.395052 0.323148 0.0536458 0.062963 0.690009
2 0.445833 0.276389 0.05 0.0638889 0.692953
5 0.229948 0.380093 0.0546875 0.137963 0.832656
2 0.309635 0.631944 0.0630208 0.136111 0.877336
