0 0.913021 0.737037 0.0145833 0.062963 0.254127
9 0.351823 0.352315 0.0119792 0.0416667 0.261919
7 0.663281 0.253241 0.0557292 0.0824074 0.26419
2 0.233073 0.328241 0.0515625 0.10463 0.288402
7 0.232812 0.32963 0.0510417 0.103704 0.295791
2 0.560938 0.207407 0.0291667 0.0351852 0.296599
0 0.928385 0.742593 0.0130208 0.062963 0.301289
0 0.884635 0.663889 0.0119792 0.0611111 0.30589
2 0.260417 0.308333 0.0364583 0.0592593 0.322776
0 0.895573 0.441204 0.00885417 0.0472222 0.324804
0 0.936198 0.796759 0.0182292 0.0657407 0.346251
2 0.839844 0.0976852 0.0192708 0.0324074 0.355214
5 0.233594 0.32963 0.0505208 0.103704 0.378833
0 0.973698 0.738426 0.0119792 0.0527778 0.462
2 0.459115 0.299074 0.0432292 0.0481481 0.4933
2 0.490104 0.269907 0.0385417 0.0435185 0.493586
2 0.53099 0.237037 0.0390625 0.0388889 0.494563
7 0.420312 0.428241 0.059375 0.171296 0.612899
2 0.258073 0.399074 0.0359375 0.0592593 0.680613
2 0.480729 0.352778 0.0333333 0.0666667 0.720985
2 0.773177 0.353704 0.0390625 0.0592593 0.728954
5 0.206771 0.543981 0.0729167 0.24537 0.790394
2 0.521094 0.493981 0.0651042 0.0861111 0.796118
5 0.495313 0.187963 0.105208 0.1 0.810911
2 0.5125 0.568981 0.0791667 0.117593 0.850485
2 0.640885 0.613426 0.107813 0.147222 0.865076
2 0.477083 0.424537 0.0510417 0.0898148 0.868908
2 0.715625 0.786111 0.121875 0.174074 0.878472
2 0.534635 0.731019 0.101562 0.162037 0.904494
