7 0.669271 0.259259 0.0666667 0.0981481 0.25806
2 0.255208 0.316204 0.0229167 0.0342593 0.272916
9 0.351562 0.355093 0.0135417 0.0416667 0.434569
2 0.53776 0.198611 0.0296875 0.0324074 0.5088
2 0.825 0.165278 0.0177083 0.0287037 0.52326
7 0.784635 0.341667 0.0432292 0.0925926 0.556448
7 0.742448 0.310648 0.0338542 0.0583333 0.606321
0 0.883333 0.739815 0.0208333 0.0851852 0.698848
2 0.522917 0.236111 0.0364583 0.0481481 0.73327
2 0.81224 0.928241 0.101562 0.141667 0.773759
2 0.349479 0.725463 0.0864583 0.163889 0.840441
2 0.133333 0.518519 0.0614583 0.0796296 0.841187
5 0.359896 0.282407 0.153125 0.155556 0.86713
