5 0.210677 0.284722 0.0390625 0.0731481 0.287368
2 0.210417 0.284722 0.0385417 0.0731481 0.346361
0 0.0223958 0.985648 0.0135417 0.0287037 0.375039
7 0.66224 0.251852 0.0557292 0.0777778 0.390232
2 0.823698 0.180093 0.0182292 0.0287037 0.428855
0 0.929427 0.741667 0.0140625 0.0666667 0.431448
9 0.974219 0.7375 0.0109375 0.0527778 0.433099
2 0.514323 0.250463 0.0421875 0.0435185 0.469295
2 0.401563 0.291667 0.0479167 0.0574074 0.525683
2 0.551562 0.217593 0.0333333 0.0407407 0.526733
2 0.458594 0.297222 0.0442708 0.0555556 0.552905
2 0.506771 0.448611 0.0583333 0.087963 0.569276
0 0.88151 0.742593 0.0182292 0.0685185 0.578988
5 0.44349 0.215741 0.121354 0.105556 0.604296
2 0.432552 0.465278 0.0536458 0.113889 0.605075
5 0.219792 0.783333 0.136458 0.422222 0.614597
2 0.403646 0.385185 0.040625 0.0722222 0.636686
0 0.935938 0.795833 0.0208333 0.0712963 0.638045
7 0.290885 0.606481 0.0682292 0.166667 0.765674
2 0.865365 0.828704 0.102604 0.162963 0.821015
2 0.634115 0.5875 0.0994792 0.137963 0.906001
7 0.515104 0.582407 0.138542 0.248148 0.906284
2 0.66849 0.727315 0.109896 0.149074 0.911915
2 0.796354 0.879167 0.13125 0.191667 0.919826
2 0.654688 0.8625 0.13125 0.191667 0.920319
