0 0.946354 0.706481 0.0177083 0.0703704 0.275017
5 0.452604 0.247685 0.071875 0.075 0.323293
0 0.923958 0.728241 0.021875 0.0787037 0.329019
0 0.960156 0.814815 0.0223958 0.062963 0.333561
0 0.973437 0.738889 0.0125 0.0537037 0.366812
0 0.890885 0.491204 0.00989583 0.0453704 0.381851
0 0.86875 0.773611 0.0145833 0.062037 0.43803
2 0.839844 0.109722 0.0151042 0.0268519 0.464862
2 0.226562 0.313889 0.0520833 0.0925926 0.469571
0 0.938021 0.799074 0.0239583 0.0685185 0.491325
2 0.276302 0.383796 0.0276042 0.0546296 0.5322
5 0.441146 0.220833 0.121875 0.10463 0.538744
7 0.226562 0.314352 0.0520833 0.0916667 0.541464
2 0.396354 0.31713 0.0541667 0.0768519 0.702988
2 0.460417 0.261574 0.0479167 0.0546296 0.721267
2 0.834115 0.923611 0.132812 0.150926 0.883706
2 0.590885 0.694907 0.111979 0.150926 0.899596
