0 0.942708 0.548611 0.0166667 0.062037 0.250213
7 0.533073 0.49213 0.0692708 0.115741 0.282327
9 0.973698 0.7375 0.0130208 0.0546296 0.286758
0 0.922656 0.732407 0.0234375 0.0740741 0.331302
7 0.439063 0.481944 0.0520833 0.117593 0.371561
2 0.539844 0.223148 0.0421875 0.0407407 0.447769
5 0.278906 0.874537 0.201562 0.247222 0.457457
7 0.278906 0.872685 0.206771 0.249074 0.490627
2 0.209896 0.284259 0.0375 0.0722222 0.492323
2 0.503646 0.260648 0.04375 0.0472222 0.56974
2 0.826302 0.1625 0.0161458 0.0268519 0.581869
5 0.442448 0.216667 0.124479 0.109259 0.607124
0 0.882031 0.746296 0.0192708 0.0759259 0.615471
2 0.403125 0.416667 0.0364583 0.0722222 0.616758
2 0.439063 0.482407 0.0510417 0.118519 0.698426
2 0.533333 0.488426 0.06875 0.108333 0.708681
2 0.978646 0.940278 0.0427083 0.115741 0.709193
2 0.396094 0.29537 0.0515625 0.0555556 0.71675
2 0.428385 0.326852 0.0484375 0.0592593 0.823368
7 0.347656 0.762963 0.109896 0.22037 0.847935
7 0.517448 0.583333 0.138021 0.25 0.896126
2 0.798177 0.881019 0.128646 0.191667 0.916654
2 0.661458 0.869444 0.13125 0.190741 0.91724
2 0.667969 0.725926 0.109896 0.148148 0.917895
2 0.748698 0.697685 0.115104 0.167593 0.91971
