5 0.228385 0.317593 0.0505208 0.0944444 0.298586
0 0.0882813 0.5125 0.0255208 0.0638889 0.312705
0 0.86849 0.772685 0.0140625 0.0546296 0.349279
5 0.45 0.244907 0.0822917 0.0787037 0.418251
0 0.890365 0.49213 0.00885417 0.0453704 0.420513
7 0.227865 0.316667 0.0505208 0.0925926 0.425123
0 0.938021 0.799074 0.025 0.0685185 0.43991
2 0.276302 0.387037 0.0296875 0.0537037 0.480355
2 0.840104 0.10787 0.0166667 0.0287037 0.491338
0 0.948438 0.714352 0.015625 0.0712963 0.492682
0 0.973698 0.738426 0.0119792 0.0546296 0.496258
0 0.921875 0.725463 0.0229167 0.075 0.532367
2 0.228125 0.316667 0.0510417 0.0925926 0.593571
5 0.441667 0.219444 0.125 0.109259 0.655566
2 0.395833 0.317593 0.0541667 0.0722222 0.662544
2 0.455729 0.263426 0.0479167 0.0527778 0.777522
2 0.853125 0.931019 0.129167 0.134259 0.89538
2 0.604688 0.708333 0.116667 0.155556 0.922369
