7 0.211198 0.286111 0.0401042 0.0740741 0.261026
2 0.210677 0.284722 0.0380208 0.0731481 0.269664
7 0.6625 0.251852 0.0552083 0.0777778 0.272735
7 0.202604 0.724537 0.109375 0.387963 0.312826
2 0.516406 0.249074 0.0401042 0.0462963 0.391066
0 0.929167 0.740741 0.0145833 0.0666667 0.393315
2 0.822135 0.182407 0.0182292 0.0296296 0.395201
2 0.552865 0.216667 0.0328125 0.0388889 0.420114
2 0.404948 0.287963 0.0463542 0.0574074 0.422684
0 0.881771 0.744907 0.01875 0.0712963 0.480618
9 0.973958 0.7375 0.0114583 0.0527778 0.511188
2 0.404948 0.37963 0.0401042 0.0611111 0.522128
7 0.950781 0.297685 0.0984375 0.593518 0.536229
2 0.463542 0.293056 0.04375 0.0527778 0.539759
0 0.934375 0.797685 0.0208333 0.0694444 0.563628
2 0.428906 0.45787 0.0505208 0.113889 0.569435
2 0.501823 0.443056 0.0546875 0.0898148 0.639085
7 0.283594 0.571759 0.0598958 0.15463 0.661899
5 0.203906 0.718056 0.107813 0.393519 0.666264
5 0.442969 0.215278 0.121354 0.10463 0.741457
2 0.611719 0.570833 0.0932292 0.130556 0.862294
2 0.828125 0.787963 0.102083 0.151852 0.87472
7 0.511979 0.580556 0.139583 0.25 0.901867
2 0.66875 0.728241 0.110417 0.149074 0.909881
2 0.796094 0.879167 0.129688 0.191667 0.915795
2 0.647396 0.860185 0.142708 0.188889 0.917149
