2 0.492188 0.268056 0.0333333 0.0416667 0.252479
2 0.4625 0.296759 0.04375 0.0490741 0.260289
2 0.560417 0.208333 0.03125 0.0351852 0.283377
2 0.840104 0.100926 0.0177083 0.0277778 0.287878
2 0.253125 0.297222 0.0270833 0.0518519 0.295756
0 0.0875 0.511111 0.0239583 0.062963 0.315486
0 0.897396 0.467593 0.009375 0.0518519 0.320582
9 0.973698 0.738426 0.0119792 0.0527778 0.375248
0 0.959375 0.816204 0.0229167 0.0657407 0.403058
2 0.270573 0.344444 0.0223958 0.05 0.433807
0 0.914062 0.733796 0.0177083 0.0768519 0.475143
0 0.886719 0.606944 0.0119792 0.0453704 0.489903
2 0.529948 0.237963 0.0390625 0.0388889 0.542487
0 0.93776 0.793519 0.0203125 0.0703704 0.546001
2 0.467708 0.402315 0.0375 0.0861111 0.559298
7 0.814062 0.938426 0.13125 0.121296 0.577706
5 0.523958 0.175926 0.0958333 0.0981481 0.600175
0 0.929427 0.741667 0.0151042 0.0722222 0.604816
5 0.223438 0.308333 0.0479167 0.0944444 0.619074
7 0.413021 0.410185 0.0489583 0.142593 0.644476
2 0.488021 0.325463 0.0385417 0.0657407 0.774374
2 0.495573 0.464352 0.0578125 0.0842593 0.780483
2 0.734635 0.418981 0.0609375 0.0731481 0.791755
5 0.223958 0.434259 0.0614583 0.17963 0.797992
2 0.589063 0.559722 0.0958333 0.137963 0.807185
2 0.639844 0.711574 0.114063 0.163889 0.863979
2 0.475 0.526389 0.0677083 0.102778 0.891885
2 0.46849 0.641667 0.0848958 0.133333 0.903297
