0 0.658594 0.312963 0.0130208 0.0759259 0.289128
9 0.973958 0.743519 0.0114583 0.0481481 0.303125
0 0.93776 0.793519 0.0213542 0.0722222 0.34922
2 0.589063 0.198611 0.0260417 0.0324074 0.353777
3 0.563281 0.557407 0.0296875 0.0685185 0.36936
0 0.904427 0.483333 0.0109375 0.0537037 0.387046
7 0.663021 0.257407 0.0604167 0.0907407 0.393411
0 0.915104 0.737037 0.0197917 0.0814815 0.411523
0 0.928906 0.738426 0.0161458 0.0731481 0.422435
2 0.490104 0.271296 0.0395833 0.0462963 0.454847
2 0.465104 0.402778 0.0364583 0.0685185 0.472768
5 0.21875 0.299074 0.0635417 0.114815 0.481975
2 0.464583 0.35 0.0364583 0.0666667 0.498444
2 0.53151 0.236111 0.0380208 0.0407407 0.504539
7 0.409635 0.380556 0.0442708 0.148148 0.647205
2 0.228385 0.881944 0.0880208 0.189815 0.692344
2 0.494792 0.465278 0.065625 0.0972222 0.757583
7 0.227083 0.427778 0.0802083 0.122222 0.802934
2 0.433333 0.476389 0.0520833 0.0898148 0.840293
2 0.438021 0.602315 0.0729167 0.125 0.845362
2 0.491406 0.552778 0.0786458 0.109259 0.866498
2 0.384375 0.505556 0.05 0.101852 0.871649
2 0.542708 0.439815 0.06875 0.0796296 0.882477
