5 0.452083 0.261574 0.0520833 0.0638889 0.276614
5 0.23099 0.322222 0.0515625 0.0907407 0.296257
0 0.936458 0.800463 0.0208333 0.0638889 0.297933
0 0.972917 0.739352 0.0114583 0.0509259 0.3272
0 0.865625 0.780093 0.0145833 0.062037 0.335612
9 0.973437 0.738889 0.0114583 0.0518519 0.336829
2 0.864062 0.0935185 0.0145833 0.0277778 0.345532
7 0.890625 0.951852 0.110417 0.0944444 0.345826
0 0.929688 0.742593 0.021875 0.0666667 0.356775
2 0.890625 0.951852 0.108333 0.0944444 0.36309
0 0.890365 0.506481 0.0109375 0.0592593 0.423244
2 0.484115 0.226852 0.0380208 0.0388889 0.447713
5 0.440365 0.223611 0.116146 0.0972222 0.473035
2 0.839063 0.106944 0.0177083 0.0287037 0.482417
0 0.952865 0.717593 0.0151042 0.0685185 0.489125
0 0.91849 0.724537 0.0182292 0.0731481 0.517925
2 0.272656 0.411111 0.0317708 0.0666667 0.674179
2 0.23099 0.321759 0.0515625 0.0898148 0.693338
2 0.396094 0.318981 0.0546875 0.0694444 0.704394
2 0.454167 0.269907 0.0427083 0.0546296 0.735214
2 0.642187 0.749537 0.123958 0.169444 0.914156
