2 0.560677 0.208796 0.0328125 0.0398148 0.292027
0 0.903906 0.481944 0.00989583 0.0546296 0.341833
7 0.239583 0.361111 0.0458333 0.131481 0.350913
9 0.973958 0.738426 0.0114583 0.0527778 0.379253
0 0.928906 0.74213 0.0130208 0.0694444 0.383236
0 0.973958 0.738889 0.0114583 0.0518519 0.392163
7 0.670313 0.263889 0.06875 0.103704 0.428286
0 0.936979 0.793519 0.0197917 0.0685185 0.432347
5 0.240625 0.362963 0.0458333 0.12963 0.433111
0 0.8875 0.563889 0.0125 0.062963 0.441875
2 0.530208 0.237037 0.0375 0.0388889 0.483263
5 0.209375 0.278704 0.0520833 0.0962963 0.525916
2 0.46224 0.368519 0.0338542 0.0777778 0.536635
2 0.501562 0.302315 0.0395833 0.0564815 0.580507
2 0.628906 0.8125 0.120312 0.167593 0.606306
7 0.410417 0.382407 0.04375 0.15 0.724067
2 0.475781 0.432407 0.0484375 0.0796296 0.737736
2 0.536198 0.501852 0.0828125 0.12037 0.835271
2 0.446615 0.495833 0.0598958 0.0972222 0.836447
2 0.411719 0.55787 0.0640625 0.113889 0.860232
2 0.616146 0.459722 0.0854167 0.0768519 0.885734
2 0.548698 0.611111 0.0942708 0.125926 0.912302
