7 0.669271 0.2625 0.0677083 0.100926 0.279059
0 0.0877604 0.511574 0.0244792 0.0638889 0.30699
2 0.210677 0.284722 0.0359375 0.0712963 0.319492
0 0.896875 0.459722 0.0114583 0.0453704 0.32468
9 0.0614583 0.6625 0.0125 0.0490741 0.358813
0 0.897135 0.532407 0.0130208 0.062963 0.360119
9 0.973958 0.7375 0.0114583 0.0509259 0.397507
5 0.426562 0.223611 0.0854167 0.0898148 0.404728
2 0.841146 0.109722 0.0145833 0.0268519 0.450588
0 0.922135 0.724074 0.0171875 0.0722222 0.460322
2 0.592708 0.161111 0.01875 0.0296296 0.496298
2 0.483854 0.227315 0.0364583 0.037963 0.50796
2 0.450521 0.257407 0.0427083 0.0462963 0.525284
0 0.881771 0.746296 0.0177083 0.0722222 0.551082
2 0.521875 0.213889 0.0427083 0.0518519 0.592717
7 0.819792 0.882407 0.142708 0.225926 0.651219
2 0.395833 0.296296 0.05 0.0574074 0.716362
2 0.530729 0.493981 0.0625 0.10463 0.76182
2 0.395833 0.381481 0.04375 0.0740741 0.799869
2 0.43151 0.504167 0.0609375 0.0990741 0.874298
2 0.526302 0.623611 0.0869792 0.128704 0.877186
