5 0.448698 0.249074 0.0859375 0.0851852 0.253404
0 0.857031 0.799074 0.0182292 0.0740741 0.253831
0 0.959896 0.812963 0.0208333 0.0611111 0.262496
0 0.928646 0.747222 0.0145833 0.0666667 0.317359
0 0.890104 0.519444 0.009375 0.0555556 0.362585
2 0.957552 0.980093 0.0744792 0.0361111 0.37492
0 0.938281 0.799537 0.0140625 0.0527778 0.388039
2 0.234375 0.328704 0.053125 0.101852 0.404911
0 0.973437 0.741204 0.0114583 0.0509259 0.41345
5 0.234896 0.330093 0.0520833 0.100926 0.419197
7 0.234375 0.330556 0.053125 0.1 0.433042
2 0.395573 0.318519 0.0567708 0.0666667 0.470661
2 0.839063 0.107407 0.0177083 0.0296296 0.520179
0 0.952344 0.738889 0.0140625 0.0592593 0.520636
2 0.481771 0.228241 0.034375 0.0398148 0.54831
5 0.442448 0.21713 0.122396 0.106481 0.639378
2 0.271094 0.443519 0.0317708 0.0796296 0.712498
2 0.451823 0.272685 0.0463542 0.0583333 0.741721
2 0.697135 0.806019 0.131771 0.187963 0.918535
