0 0.889844 0.461574 0.0130208 0.0861111 0.274601
0 0.0583333 0.62037 0.0125 0.0462963 0.302717
2 0.491146 0.222222 0.0364583 0.037037 0.336741
7 0.66276 0.252778 0.0567708 0.0814815 0.338405
2 0.622135 0.677778 0.118229 0.181481 0.345248
0 0.935938 0.797685 0.021875 0.0694444 0.367431
2 0.448958 0.25787 0.0416667 0.0472222 0.368374
9 0.974219 0.737037 0.0119792 0.0537037 0.391737
7 0.622135 0.677778 0.118229 0.181481 0.40783
2 0.209635 0.283796 0.0369792 0.075 0.466187
0 0.882031 0.746296 0.0182292 0.0740741 0.514681
2 0.396094 0.296296 0.0494792 0.0592593 0.600654
5 0.441146 0.218981 0.125 0.108333 0.643757
2 0.390625 0.401852 0.0333333 0.0777778 0.799873
2 0.470313 0.330556 0.028125 0.0592593 0.802772
2 0.41875 0.338426 0.0510417 0.062037 0.818105
2 0.426823 0.483796 0.0505208 0.0824074 0.842103
5 0.856771 0.880556 0.204167 0.238889 0.868272
