0 0.641667 0.630093 0.0229167 0.0601852 0.2807
7 0.66276 0.254167 0.0588542 0.0861111 0.311976
2 0.525781 0.239352 0.0276042 0.0324074 0.315367
0 0.9125 0.743056 0.0177083 0.0694444 0.330613
2 0.490365 0.27037 0.0369792 0.0444444 0.378667
0 0.93776 0.792593 0.0203125 0.0685185 0.403722
0 0.929167 0.743519 0.0145833 0.0666667 0.412692
9 0.973698 0.738889 0.0109375 0.0518519 0.420782
0 0.883854 0.478241 0.0104167 0.0583333 0.43218
5 0.410156 0.378704 0.0432292 0.144444 0.45116
0 0.904688 0.484259 0.0104167 0.0537037 0.470838
5 0.227083 0.315278 0.05 0.0916667 0.508511
2 0.464063 0.353241 0.0364583 0.0731481 0.510174
2 0.465104 0.40787 0.0354167 0.062037 0.518057
2 0.553125 0.238889 0.0322917 0.0425926 0.531847
7 0.409896 0.378704 0.04375 0.146296 0.628513
2 0.227865 0.883333 0.0901042 0.192593 0.684581
2 0.500781 0.472222 0.0703125 0.101852 0.794642
2 0.433333 0.476852 0.0520833 0.087037 0.841522
2 0.438021 0.602315 0.0729167 0.125 0.868278
2 0.543229 0.439815 0.0677083 0.0814815 0.884155
2 0.491406 0.553704 0.0796875 0.111111 0.884927
2 0.384115 0.505556 0.0505208 0.101852 0.885704
