0 0.447396 0.658796 0.0291667 0.0898148 0.253526
0 0.973698 0.738426 0.0119792 0.0527778 0.267681
3 0.259635 0.308796 0.0276042 0.0416667 0.297975
0 0.89401 0.446759 0.00989583 0.0527778 0.308437
2 0.396615 0.295833 0.0526042 0.0564815 0.313364
0 0.920573 0.616667 0.0171875 0.0722222 0.317242
2 0.870573 0.563889 0.0213542 0.0296296 0.31883
0 0.9375 0.798148 0.0239583 0.0685185 0.326039
7 0.215104 0.293981 0.040625 0.0805556 0.333271
9 0.973698 0.738426 0.0119792 0.0527778 0.334788
9 0.351562 0.352778 0.0125 0.0425926 0.34534
7 0.66875 0.261574 0.0666667 0.100926 0.369946
0 0.929948 0.737963 0.0223958 0.0703704 0.381303
5 0.215104 0.293981 0.040625 0.0787037 0.390556
0 0.921875 0.725926 0.0177083 0.0685185 0.394133
5 0.432552 0.226389 0.0973958 0.108333 0.41528
2 0.839063 0.107407 0.0166667 0.0277778 0.454689
0 0.881771 0.746759 0.01875 0.0731481 0.492129
2 0.482812 0.227315 0.0364583 0.037963 0.546307
2 0.419531 0.302315 0.0526042 0.0601852 0.6147
2 0.519271 0.21713 0.040625 0.0472222 0.690029
2 0.429427 0.506944 0.0630208 0.0972222 0.878439
2 0.59401 0.701389 0.107813 0.147222 0.886767
2 0.804688 0.783333 0.109375 0.161111 0.889628
2 0.76224 0.869907 0.128646 0.187963 0.891154
