9 0.973698 0.738426 0.0119792 0.0527778 0.321061
2 0.591146 0.176852 0.0239583 0.05 0.342856
25 0.78125 0.983796 0.0614583 0.0305556 0.373934
7 0.94974 0.295833 0.100521 0.591667 0.455977
2 0.810417 0.215278 0.0197917 0.037963 0.634738
0 0.873958 0.816204 0.021875 0.0842593 0.718982
2 0.116667 0.576389 0.065625 0.10463 0.748422
7 0.740625 0.489815 0.06875 0.138889 0.765099
2 0.27474 0.388889 0.0546875 0.0648148 0.803689
2 0.35 0.725463 0.0854167 0.165741 0.82893
2 0.670052 0.489352 0.0598958 0.0953704 0.855843
5 0.402083 0.251389 0.1375 0.139815 0.896769
