9 0.973698 0.738426 0.0119792 0.0527778 0.298587
2 0.254687 0.31713 0.0197917 0.0287037 0.302445
2 0.786979 0.976389 0.0708333 0.0435185 0.400476
7 0.949219 0.295833 0.101562 0.591667 0.439767
2 0.10026 0.594907 0.0671875 0.115741 0.60136
0 0.876042 0.812963 0.0239583 0.0851852 0.60837
2 0.813542 0.207407 0.0208333 0.037037 0.643122
2 0.68151 0.461111 0.0546875 0.0907407 0.645429
7 0.747656 0.464815 0.0640625 0.131481 0.818321
2 0.35 0.725463 0.0854167 0.165741 0.828297
2 0.259635 0.401852 0.0567708 0.0703704 0.853003
5 0.399479 0.25463 0.135417 0.138889 0.892374
