2 0.331771 0.293981 0.040625 0.0509259 0.254738
0 0.929427 0.739352 0.0223958 0.0694444 0.292614
0 0.959896 0.814352 0.021875 0.062037 0.302527
0 0.922135 0.725463 0.0182292 0.0694444 0.341195
0 0.973177 0.740741 0.0119792 0.0555556 0.349851
2 0.99349 0.9625 0.0130208 0.062037 0.38891
0 0.944271 0.681019 0.0135417 0.0527778 0.420065
2 0.839844 0.109722 0.0161458 0.0268519 0.436072
7 0.224479 0.310648 0.0510417 0.0898148 0.450821
0 0.938281 0.798148 0.0244792 0.0703704 0.46708
5 0.441927 0.217593 0.125521 0.107407 0.541711
0 0.872917 0.766667 0.015625 0.0666667 0.574098
2 0.22474 0.310648 0.0505208 0.0898148 0.655312
2 0.461979 0.259259 0.0510417 0.0537037 0.664448
2 0.276563 0.361111 0.025 0.0574074 0.677793
2 0.396094 0.318981 0.0546875 0.0731481 0.704548
2 0.555208 0.65787 0.10625 0.141667 0.888169
2 0.789583 0.896759 0.133333 0.182407 0.926313
