7 0.663021 0.253704 0.0583333 0.0833333 0.269676
0 0.936979 0.79537 0.01875 0.0592593 0.282423
7 0.445573 0.489815 0.0578125 0.122222 0.367748
2 0.83151 0.14537 0.0171875 0.0277778 0.450299
0 0.907031 0.50463 0.0119792 0.0537037 0.478534
2 0.210417 0.284259 0.0385417 0.0722222 0.497167
9 0.973958 0.736574 0.0114583 0.0509259 0.540746
2 0.982813 0.936111 0.034375 0.125926 0.577744
5 0.44349 0.216667 0.121354 0.111111 0.581228
0 0.88151 0.745833 0.0182292 0.0731481 0.581671
2 0.522135 0.244444 0.0348958 0.0444444 0.592969
2 0.46849 0.291667 0.0453125 0.0518519 0.658832
2 0.395833 0.29537 0.0489583 0.0574074 0.662883
2 0.407031 0.437037 0.0348958 0.0666667 0.69763
2 0.445573 0.489815 0.0567708 0.12037 0.701303
2 0.896094 0.95 0.113021 0.0981481 0.725907
2 0.391146 0.378704 0.0416667 0.0740741 0.756121
2 0.625521 0.580556 0.0979167 0.12963 0.81198
7 0.52474 0.590741 0.142188 0.255556 0.870097
2 0.724479 0.781018 0.117708 0.15463 0.892003
2 0.719531 0.913889 0.146354 0.172222 0.903993
