2 0.23776 0.339815 0.0526042 0.109259 0.262879
2 0.21875 0.255556 0.0208333 0.0259259 0.304898
5 0.2375 0.342593 0.0520833 0.109259 0.316108
0 0.93724 0.800926 0.0140625 0.0574074 0.340593
2 0.160938 0.499537 0.0270833 0.0305556 0.342322
0 0.973437 0.740741 0.0114583 0.0537037 0.449449
2 0.839323 0.10787 0.0171875 0.0287037 0.458234
0 0.951302 0.748611 0.0151042 0.0527778 0.503291
0 0.889844 0.531482 0.00989583 0.0537037 0.541081
2 0.48151 0.228704 0.0380208 0.0425926 0.609979
2 0.275521 0.49213 0.0395833 0.115741 0.65158
5 0.44349 0.218519 0.120312 0.101852 0.664085
2 0.394531 0.321759 0.0557292 0.0657407 0.684077
2 0.45 0.274537 0.0447917 0.0546296 0.773096
2 0.759635 0.873148 0.138021 0.2 0.920843
