0 0.851562 0.972685 0.0229167 0.0527778 0.261588
5 0.420312 0.250463 0.0635417 0.0898148 0.317199
0 0.0875 0.514815 0.025 0.0703704 0.423811
2 0.25599 0.316667 0.0234375 0.0333333 0.427206
2 0.422917 0.274074 0.0427083 0.0518519 0.518652
5 0.441927 0.223148 0.122396 0.118519 0.737643
2 0.194271 0.502315 0.071875 0.108333 0.743752
2 0.282292 0.40787 0.0760417 0.0898148 0.765366
2 0.349219 0.724074 0.0859375 0.166667 0.790405
2 0.0572917 0.598611 0.0625 0.0972222 0.799673
2 0.759635 0.416667 0.0442708 0.0777778 0.823927
