5 0.452083 0.209259 0.107292 0.0962963 0.275418
5 0.47526 0.193981 0.0578125 0.0601852 0.277305
7 0.951823 0.298148 0.0953125 0.594444 0.311746
0 0.90651 0.775 0.0130208 0.0333333 0.351775
2 0.842448 0.1 0.0182292 0.0296296 0.37691
9 0.974219 0.737037 0.0119792 0.0518519 0.394666
2 0.257031 0.319444 0.0276042 0.0333333 0.408853
5 0.421615 0.235648 0.0776042 0.0990741 0.49832
0 0.883854 0.793056 0.0145833 0.0583333 0.604018
2 0.476042 0.233796 0.0364583 0.0398148 0.697974
2 0.297396 0.372685 0.05 0.0731481 0.737741
2 0.416406 0.3 0.0473958 0.062963 0.77987
2 0.349479 0.725463 0.0854167 0.163889 0.849128
