2 0.273958 0.494444 0.0458333 0.127778 0.257993
0 0.913021 0.735648 0.0135417 0.0564815 0.273065
9 0.351042 0.350463 0.0135417 0.0416667 0.30025
5 0.209375 0.283796 0.0375 0.0712963 0.30747
7 0.663021 0.251852 0.0572917 0.0814815 0.344951
0 0.929167 0.741204 0.0166667 0.0712963 0.364051
2 0.558333 0.212963 0.0291667 0.0425926 0.369764
0 0.179427 0.789352 0.0255208 0.0731481 0.379559
2 0.841667 0.100926 0.0145833 0.0277778 0.392134
9 0.974219 0.738426 0.0119792 0.0546296 0.399797
2 0.209375 0.283333 0.0375 0.0703704 0.405061
7 0.421615 0.441667 0.0421875 0.105556 0.416647
5 0.451042 0.206944 0.10625 0.0898148 0.422092
0 0.936979 0.794444 0.0197917 0.0703704 0.448593
2 0.421354 0.44213 0.0427083 0.106481 0.519209
2 0.818229 0.193056 0.01875 0.0324074 0.594197
0 0.88125 0.746296 0.0197917 0.0759259 0.598235
2 0.417969 0.277315 0.0442708 0.0527778 0.606643
2 0.416927 0.352778 0.0411458 0.0592593 0.640669
2 0.523698 0.243519 0.0369792 0.0407407 0.650723
7 0.274219 0.493519 0.0463542 0.125926 0.71811
2 0.478125 0.281019 0.040625 0.0472222 0.742667
2 0.560417 0.516204 0.102083 0.152778 0.803964
2 0.491667 0.425 0.0489583 0.0814815 0.820347
7 0.491927 0.552315 0.127604 0.228704 0.858048
2 0.736198 0.693981 0.0984375 0.139815 0.85825
5 0.179948 0.598148 0.0807292 0.288889 0.877895
2 0.66849 0.728241 0.109896 0.149074 0.905185
2 0.795052 0.878704 0.130729 0.192593 0.913727
2 0.642448 0.850463 0.130729 0.189815 0.918586
