2 0.842188 0.102315 0.0135417 0.025 0.25097
2 0.45625 0.25463 0.0395833 0.0444444 0.288136
2 0.400781 0.855093 0.141146 0.247222 0.291175
2 0.210677 0.282407 0.0380208 0.0685185 0.309487
0 0.925521 0.734722 0.0208333 0.0861111 0.414915
9 0.974219 0.737037 0.0119792 0.0555556 0.450659
2 0.401302 0.318519 0.0515625 0.0666667 0.485336
0 0.936458 0.797222 0.0239583 0.0722222 0.493233
2 0.441406 0.484722 0.0515625 0.115741 0.501332
2 0.53724 0.228241 0.0338542 0.0435185 0.519797
2 0.547917 0.498611 0.075 0.117593 0.528208
7 0.441406 0.484259 0.0526042 0.116667 0.537988
2 0.495052 0.266667 0.0411458 0.0481481 0.538787
5 0.443229 0.216667 0.121875 0.107407 0.584019
2 0.828906 0.158333 0.0182292 0.0259259 0.587867
0 0.88151 0.746759 0.0171875 0.0731481 0.602599
2 0.404687 0.424537 0.034375 0.0712963 0.623933
2 0.395573 0.295833 0.0505208 0.0583333 0.661937
7 0.398958 0.853704 0.141667 0.251852 0.747024
2 0.413802 0.340741 0.0442708 0.0574074 0.747255
7 0.517187 0.585185 0.1375 0.253704 0.883333
2 0.809896 0.760648 0.119792 0.182407 0.899069
2 0.668229 0.726852 0.110417 0.15 0.910074
2 0.665365 0.874074 0.131771 0.192593 0.916694
2 0.811198 0.896759 0.130729 0.189815 0.921513
