2 0.833594 0.138889 0.0140625 0.0259259 0.252187
0 0.920833 0.480556 0.0125 0.0574074 0.271095
0 0.0619792 0.585648 0.0135417 0.0527778 0.294362
9 0.973698 0.7375 0.0119792 0.0527778 0.368423
2 0.801302 0.95787 0.116146 0.0824074 0.416478
2 0.210156 0.285648 0.0380208 0.0731481 0.42609
7 0.797135 0.95787 0.119271 0.0824074 0.433516
0 0.903125 0.480093 0.0114583 0.0564815 0.511425
2 0.451042 0.257407 0.0416667 0.0462963 0.527118
0 0.936719 0.796296 0.0223958 0.0722222 0.565264
7 0.460938 0.503704 0.075 0.124074 0.566769
0 0.882292 0.745833 0.0177083 0.0731481 0.581468
2 0.461198 0.504167 0.0744792 0.123148 0.597428
2 0.526823 0.19537 0.0296875 0.0314815 0.625751
2 0.935677 0.915278 0.117188 0.147222 0.639286
2 0.396354 0.294907 0.0520833 0.0564815 0.675543
2 0.710417 0.665278 0.108333 0.15463 0.698966
2 0.390365 0.388889 0.0380208 0.0722222 0.722975
2 0.501562 0.262037 0.0364583 0.0425926 0.725012
5 0.44375 0.21713 0.122917 0.108333 0.731515
2 0.408333 0.440741 0.0375 0.0703704 0.797174
2 0.439583 0.318981 0.046875 0.0564815 0.816895
7 0.580469 0.661111 0.167187 0.290741 0.918362
