0 0.910156 0.774074 0.0192708 0.0574074 0.250611
9 0.872135 0.447685 0.0119792 0.0472222 0.266201
0 0.938021 0.798611 0.0177083 0.0657407 0.274281
0 0.891406 0.841667 0.0182292 0.062963 0.301583
0 0.658333 0.313426 0.0135417 0.0731481 0.314991
2 0.382812 0.328704 0.03125 0.0555556 0.396572
2 0.839063 0.111574 0.0177083 0.025 0.397504
2 0.395573 0.31713 0.0557292 0.0731481 0.405699
2 0.871094 0.562963 0.0203125 0.0277778 0.407819
2 0.251042 0.30787 0.0208333 0.0305556 0.467606
2 0.48151 0.229167 0.0369792 0.0435185 0.468427
9 0.974219 0.7375 0.0119792 0.0509259 0.478201
0 0.846875 0.845833 0.015625 0.0787037 0.49043
5 0.439063 0.220833 0.111458 0.0935185 0.492868
0 0.911979 0.842593 0.0166667 0.0666667 0.494585
0 0.889323 0.620833 0.0119792 0.0638889 0.511307
2 0.267969 0.36713 0.0255208 0.0675926 0.562676
0 0.933333 0.531482 0.0125 0.0611111 0.569077
2 0.444792 0.280556 0.0458333 0.0574074 0.77742
2 0.34375 0.711574 0.0822917 0.158333 0.896942
5 0.164062 0.464352 0.1375 0.202778 0.907482
