0 0.0872396 0.511111 0.0244792 0.062963 0.279955
0 0.950521 0.55787 0.0145833 0.0657407 0.284885
9 0.973698 0.737037 0.0119792 0.0537037 0.286766
0 0.928646 0.738426 0.015625 0.0638889 0.319667
2 0.191667 0.706944 0.0677083 0.0842593 0.338312
2 0.509115 0.256481 0.0442708 0.0444444 0.345764
2 0.544531 0.222222 0.0348958 0.0388889 0.386958
0 0.918229 0.720833 0.0166667 0.0731481 0.408188
0 0.00911458 0.98287 0.0182292 0.0305556 0.41563
2 0.209896 0.284259 0.0375 0.0722222 0.488209
2 0.82526 0.169444 0.0182292 0.0277778 0.551465
2 0.265885 0.831944 0.202604 0.328704 0.576312
2 0.436719 0.476852 0.0526042 0.116667 0.60947
5 0.264844 0.831944 0.206771 0.334259 0.62544
5 0.442448 0.21713 0.124479 0.108333 0.634458
0 0.882031 0.745833 0.0182292 0.075 0.635564
2 0.397135 0.294907 0.0505208 0.0564815 0.668517
7 0.319792 0.696296 0.0927083 0.196296 0.701123
2 0.521615 0.469444 0.0598958 0.0851852 0.709887
2 0.441406 0.314352 0.0453125 0.0546296 0.735278
2 0.402604 0.401852 0.0364583 0.0759259 0.76983
2 0.946354 0.906482 0.101042 0.159259 0.829469
7 0.517187 0.583796 0.1375 0.249074 0.889752
2 0.667969 0.725926 0.109896 0.15 0.911906
2 0.796094 0.879167 0.130729 0.191667 0.919232
2 0.660417 0.866667 0.13125 0.188889 0.922325
2 0.7 0.652315 0.1125 0.152778 0.923969
