2 0.561198 0.209259 0.0328125 0.0388889 0.266043
5 0.410417 0.38287 0.0427083 0.147222 0.273009
0 0.903385 0.481944 0.00989583 0.0546296 0.321424
0 0.928906 0.74213 0.0130208 0.0694444 0.377107
9 0.973958 0.738426 0.0114583 0.0527778 0.386273
0 0.973958 0.738889 0.0114583 0.0518519 0.39319
7 0.669271 0.262963 0.0677083 0.101852 0.401354
0 0.936979 0.793519 0.0197917 0.0685185 0.425999
2 0.530208 0.237037 0.0375 0.0388889 0.459479
2 0.46276 0.368519 0.0348958 0.0759259 0.496024
5 0.209375 0.278704 0.0520833 0.0944444 0.532377
2 0.501823 0.302315 0.0390625 0.0564815 0.561185
2 0.625 0.80787 0.117708 0.165741 0.598209
7 0.410417 0.382407 0.04375 0.15 0.7062
2 0.47474 0.431944 0.0473958 0.0805556 0.733879
2 0.539844 0.500926 0.0921875 0.122222 0.82194
2 0.447135 0.494907 0.0588542 0.0972222 0.851701
2 0.613802 0.460185 0.0859375 0.0777778 0.853352
2 0.410937 0.555556 0.0635417 0.116667 0.854524
2 0.547917 0.609722 0.09375 0.126852 0.909841
