2 0.591667 0.147222 0.0229167 0.0314815 0.251732
0 0.93776 0.794444 0.0213542 0.0685185 0.255789
5 0.210417 0.285185 0.0395833 0.0722222 0.26205
7 0.260677 0.825463 0.197396 0.349074 0.28604
7 0.210677 0.286111 0.0401042 0.0722222 0.303579
0 0.950781 0.560648 0.0119792 0.0657407 0.314543
2 0.825 0.174537 0.0166667 0.0305556 0.349825
2 0.509896 0.257407 0.0427083 0.0425926 0.379223
2 0.210156 0.284722 0.0390625 0.0712963 0.379243
0 0.928906 0.744444 0.0140625 0.062963 0.396586
7 0.6625 0.251852 0.0552083 0.0777778 0.405073
9 0.974219 0.7375 0.0119792 0.0527778 0.409415
0 0.0106771 0.982407 0.0192708 0.0333333 0.435903
2 0.396354 0.294444 0.046875 0.062963 0.469366
2 0.546354 0.221759 0.034375 0.0398148 0.490947
5 0.443229 0.217593 0.119792 0.112963 0.592683
2 0.51901 0.466667 0.0588542 0.0851852 0.611541
0 0.882031 0.745833 0.0203125 0.0768519 0.636267
2 0.436719 0.474074 0.0546875 0.116667 0.643358
5 0.259115 0.825 0.207813 0.348148 0.66589
2 0.44349 0.3125 0.0442708 0.0527778 0.721946
2 0.401302 0.400463 0.0369792 0.0768519 0.745253
2 0.9375 0.898611 0.102083 0.162037 0.755399
7 0.313802 0.6875 0.0890625 0.199074 0.797847
2 0.692969 0.64213 0.110937 0.152778 0.867351
7 0.517448 0.581944 0.139062 0.247222 0.899657
2 0.667969 0.726389 0.109896 0.150926 0.90646
2 0.795833 0.879167 0.130208 0.191667 0.915546
2 0.658594 0.86713 0.132812 0.189815 0.919167
