2 0.839583 0.111111 0.0145833 0.0259259 0.303201
0 0.915104 0.778241 0.0177083 0.0675926 0.324721
0 0.942187 0.745833 0.0125 0.0416667 0.325687
2 0.922917 0.971759 0.0958333 0.0527778 0.349457
0 0.447135 0.659722 0.0307292 0.0935185 0.39043
0 0.936458 0.799074 0.01875 0.0722222 0.419612
0 0.90026 0.778704 0.0161458 0.0759259 0.425508
9 0.973437 0.738426 0.0125 0.0509259 0.43031
2 0.480729 0.228704 0.0354167 0.0407407 0.445768
0 0.8875 0.575 0.0125 0.0611111 0.452977
0 0.84974 0.823611 0.0140625 0.0601852 0.544774
2 0.265365 0.331019 0.0255208 0.0416667 0.573627
5 0.442187 0.219444 0.122917 0.111111 0.607247
2 0.395052 0.323148 0.0536458 0.062963 0.689402
2 0.445573 0.277778 0.0484375 0.0611111 0.715404
5 0.22526 0.389352 0.0640625 0.150926 0.8521
2 0.315625 0.649537 0.0677083 0.141667 0.880453
