2 0.210677 0.282407 0.0380208 0.0685185 0.296824
7 0.441667 0.486574 0.0520833 0.123148 0.384505
0 0.925521 0.734259 0.0208333 0.0851852 0.396189
0 0.936458 0.797685 0.0229167 0.0712963 0.433545
9 0.973958 0.7375 0.0114583 0.0546296 0.461472
2 0.441927 0.486574 0.0515625 0.123148 0.527873
0 0.882292 0.741667 0.015625 0.0611111 0.549922
2 0.829948 0.155556 0.0182292 0.0259259 0.565297
5 0.442448 0.216204 0.124479 0.106481 0.592941
2 0.534115 0.230093 0.0348958 0.0435185 0.599661
2 0.491927 0.270833 0.0421875 0.0472222 0.643367
2 0.395573 0.295833 0.0505208 0.0564815 0.67399
2 0.559896 0.5125 0.0739583 0.115741 0.682967
2 0.407292 0.42963 0.0354167 0.0666667 0.69008
2 0.409896 0.347685 0.0447917 0.0675926 0.737369
7 0.429427 0.880093 0.156771 0.234259 0.763892
7 0.517187 0.584259 0.1375 0.255556 0.869529
2 0.836979 0.788426 0.122917 0.187963 0.875854
2 0.822396 0.906482 0.13125 0.185185 0.905458
2 0.668229 0.726852 0.110417 0.15 0.909025
2 0.669271 0.878704 0.134375 0.194444 0.915328
