2 0.835156 0.133333 0.0140625 0.0240741 0.330015
0 0.0606771 0.59213 0.0140625 0.0416667 0.350822
9 0.973958 0.7375 0.0114583 0.0527778 0.363584
2 0.515625 0.203241 0.0322917 0.0361111 0.398833
0 0.904167 0.468056 0.0125 0.0583333 0.399466
2 0.450521 0.256944 0.040625 0.0472222 0.422666
2 0.210156 0.283796 0.0380208 0.0768519 0.457865
0 0.936719 0.796296 0.0234375 0.0722222 0.516984
2 0.489844 0.531482 0.0880208 0.133333 0.634457
0 0.882292 0.746296 0.0177083 0.0740741 0.653599
2 0.395833 0.294907 0.05 0.0564815 0.7412
5 0.441927 0.216667 0.124479 0.107407 0.7605
2 0.389583 0.390278 0.0364583 0.0712963 0.769979
2 0.488542 0.272685 0.0364583 0.0453704 0.784931
2 0.408333 0.440741 0.0375 0.0740741 0.809143
2 0.428125 0.329167 0.053125 0.0601852 0.854034
2 0.796094 0.749074 0.113021 0.172222 0.87138
7 0.648177 0.731019 0.190104 0.323148 0.874451
