2 0.446875 0.253241 0.040625 0.0509259 0.254372
2 0.0151042 0.706944 0.0302083 0.0916667 0.260995
5 0.210677 0.284259 0.0390625 0.0740741 0.273203
7 0.275781 0.415278 0.0380208 0.102778 0.281621
2 0.277604 0.911574 0.0479167 0.0805556 0.296693
9 0.974219 0.7375 0.0119792 0.0527778 0.300347
2 0.27526 0.41713 0.0380208 0.102778 0.308011
5 0.275 0.416204 0.0375 0.102778 0.320923
5 0.479948 0.198148 0.0536458 0.0759259 0.334557
2 0.328385 0.859259 0.0526042 0.0777778 0.336631
7 0.952083 0.906018 0.0958333 0.171296 0.414332
2 0.951563 0.906018 0.0947917 0.171296 0.420279
7 0.484896 0.404167 0.0375 0.075 0.425701
2 0.485156 0.40463 0.0369792 0.0759259 0.429439
2 0.560417 0.206944 0.0302083 0.037963 0.442121
2 0.528385 0.241667 0.0380208 0.0388889 0.456103
0 0.882031 0.74537 0.0182292 0.0703704 0.467477
0 0.929427 0.743981 0.0171875 0.0694444 0.5133
5 0.427865 0.226389 0.0817708 0.10463 0.530911
2 0.438542 0.325463 0.0447917 0.0583333 0.549303
2 0.811198 0.215741 0.0203125 0.0351852 0.580949
7 0.414583 0.427315 0.034375 0.108333 0.623218
2 0.488542 0.272685 0.0427083 0.0472222 0.669934
5 0.199219 0.483796 0.0828125 0.210185 0.746589
2 0.535156 0.494444 0.0765625 0.112963 0.772675
2 0.638542 0.604167 0.0875 0.113889 0.86548
7 0.467969 0.51713 0.106771 0.215741 0.868045
2 0.639323 0.700926 0.104687 0.142593 0.874038
2 0.7875 0.869907 0.129167 0.193519 0.914445
2 0.627604 0.835185 0.123958 0.187037 0.920989
