0 0.973698 0.739352 0.0119792 0.0564815 0.285374
0 0.449479 0.660185 0.034375 0.0944444 0.306217
2 0.842969 0.0976852 0.0140625 0.0268519 0.372977
0 0.883594 0.861574 0.0161458 0.0638889 0.478279
2 0.460156 0.246296 0.0369792 0.0444444 0.665271
2 0.361979 0.341667 0.0541667 0.0722222 0.690576
2 0.273177 0.426389 0.0682292 0.0898148 0.780846
2 0.349219 0.723148 0.0848958 0.164815 0.786161
5 0.443229 0.221759 0.11875 0.115741 0.797129
2 0.209115 0.450926 0.0630208 0.0851852 0.833793
2 0.658594 0.718982 0.0859375 0.15463 0.882231
