0 0.907031 0.405093 0.0109375 0.0564815 0.314992
7 0.95026 0.297685 0.0994792 0.59537 0.31848
9 0.973958 0.737963 0.0125 0.0518519 0.443973
0 0.90026 0.908333 0.0223958 0.0759259 0.448319
2 0.446615 0.25463 0.0421875 0.0481481 0.477458
0 0.882292 0.903704 0.0177083 0.0592593 0.570876
2 0.329167 0.365278 0.0583333 0.0787037 0.62717
5 0.443229 0.220833 0.119792 0.115741 0.741411
2 0.147917 0.510185 0.0645833 0.087037 0.798478
2 0.349479 0.724537 0.0854167 0.165741 0.803324
2 0.715365 0.555093 0.0609375 0.110185 0.844577
2 0.241667 0.456944 0.06875 0.0990741 0.851469
