7 0.950521 0.298148 0.0989583 0.596296 0.26514
9 0.973698 0.738889 0.0130208 0.0518519 0.288471
0 0.906771 0.401389 0.0104167 0.0490741 0.335706
2 0.333854 0.293981 0.0416667 0.0453704 0.350578
2 0.25625 0.317593 0.0229167 0.0351852 0.38497
0 0.880208 0.917593 0.015625 0.062963 0.453966
2 0.442969 0.257407 0.0390625 0.0462963 0.630826
2 0.323438 0.375 0.0614583 0.0851852 0.698842
2 0.349479 0.724074 0.0854167 0.168519 0.779452
2 0.233854 0.463889 0.0697917 0.105556 0.795445
2 0.726302 0.522222 0.0588542 0.103704 0.797106
5 0.44375 0.219444 0.120833 0.116667 0.818218
2 0.131771 0.524074 0.065625 0.0907407 0.844072
