9 0.93125 0.953241 0.0177083 0.0509259 0.252187
0 0.907812 0.716204 0.0135417 0.0361111 0.254365
5 0.475781 0.195833 0.0578125 0.062037 0.266456
7 0.95026 0.296759 0.0994792 0.593518 0.29396
9 0.973958 0.738426 0.0125 0.0527778 0.322991
2 0.482292 0.228241 0.0375 0.0435185 0.330972
2 0.841667 0.103241 0.0166667 0.0287037 0.425577
0 0.88776 0.731019 0.0171875 0.0657407 0.475479
0 0.904427 0.747685 0.0192708 0.0842593 0.510953
5 0.439323 0.227778 0.114063 0.112963 0.534087
2 0.372917 0.333333 0.059375 0.0814815 0.727126
2 0.44349 0.279167 0.0453125 0.0564815 0.824648
2 0.349479 0.725463 0.0864583 0.165741 0.826651
2 0.120052 0.574537 0.0651042 0.0935185 0.833415
