0 0.936979 0.797685 0.0177083 0.0675926 0.27779
0 0.973698 0.737963 0.0109375 0.0518519 0.298036
0 0.923698 0.756481 0.0161458 0.062963 0.2987
0 0.908854 0.755093 0.0145833 0.0731481 0.302608
0 0.888021 0.552315 0.0114583 0.062037 0.304409
9 0.973437 0.737037 0.0114583 0.0518519 0.357038
7 0.240104 0.3625 0.0427083 0.130556 0.38686
0 0.980729 0.611111 0.0166667 0.0648148 0.405375
0 0.85026 0.823148 0.0140625 0.062963 0.406532
2 0.480469 0.230093 0.0348958 0.0435185 0.421344
5 0.43776 0.222685 0.115104 0.102778 0.473481
0 0.946875 0.750926 0.0145833 0.0518519 0.475216
2 0.840104 0.108796 0.0145833 0.0268519 0.486083
0 0.447656 0.6625 0.0317708 0.0972222 0.488142
2 0.260677 0.318981 0.0244792 0.0324074 0.515497
2 0.446875 0.273611 0.0447917 0.0638889 0.715195
2 0.395833 0.318981 0.05625 0.0712963 0.721545
2 0.832552 0.927315 0.126563 0.141667 0.861367
2 0.292708 0.575 0.0510417 0.118519 0.877944
