0 0.0869792 0.510185 0.025 0.0611111 0.270666
9 0.973698 0.7375 0.0130208 0.0546296 0.272584
2 0.276042 0.860185 0.207292 0.275926 0.331937
0 0.922917 0.72963 0.0239583 0.0777778 0.351923
7 0.277865 0.860185 0.204688 0.277778 0.361674
2 0.540365 0.224537 0.0442708 0.0398148 0.440055
2 0.209896 0.284259 0.0375 0.0722222 0.513028
5 0.276563 0.861111 0.204167 0.277778 0.538164
5 0.44349 0.21713 0.124479 0.108333 0.569484
2 0.825781 0.164352 0.0161458 0.0268519 0.582554
2 0.402083 0.408333 0.034375 0.0814815 0.592741
0 0.882031 0.745833 0.0182292 0.075 0.613907
2 0.505729 0.259259 0.0458333 0.0462963 0.655859
2 0.438281 0.481944 0.0526042 0.117593 0.657126
2 0.396094 0.295833 0.0515625 0.0564815 0.693475
2 0.529948 0.47963 0.0640625 0.0907407 0.737731
2 0.43099 0.323148 0.0494792 0.0574074 0.775313
2 0.970312 0.93287 0.059375 0.126852 0.785949
7 0.338542 0.751389 0.110417 0.226852 0.839811
7 0.517187 0.583333 0.138542 0.25 0.897709
2 0.796875 0.880556 0.129167 0.190741 0.905779
2 0.73724 0.687037 0.116146 0.162963 0.908254
2 0.667969 0.725926 0.108854 0.148148 0.911333
2 0.661719 0.868981 0.130729 0.189815 0.918481
