2 0.870833 0.563889 0.0208333 0.0296296 0.257145
2 0.59349 0.162037 0.0234375 0.0333333 0.258245
0 0.87474 0.639352 0.0234375 0.075 0.260941
7 0.948698 0.297222 0.102604 0.594444 0.264351
0 0.947917 0.987037 0.0270833 0.0240741 0.310199
7 0.778125 0.223611 0.0229167 0.037963 0.311167
9 0.973698 0.7375 0.0119792 0.0546296 0.350163
7 0.852604 0.851389 0.0958333 0.187963 0.416437
2 0.778125 0.224074 0.0229167 0.037037 0.425532
2 0.832552 0.137963 0.0161458 0.0277778 0.429258
2 0.807813 0.261574 0.034375 0.0657407 0.447051
2 0.447917 0.30463 0.04375 0.0722222 0.602659
0 0.892448 0.682407 0.0203125 0.0814815 0.633031
2 0.53151 0.236574 0.0380208 0.0435185 0.682223
2 0.852344 0.852778 0.0953125 0.185185 0.708738
5 0.359896 0.275926 0.0770833 0.0981481 0.795646
2 0.349479 0.725463 0.0854167 0.163889 0.828165
2 0.598177 0.874537 0.108854 0.19537 0.857528
5 0.282292 0.342593 0.108333 0.144444 0.857623
2 0.588542 0.693981 0.08125 0.128704 0.895265
