2 0.478646 0.232407 0.0354167 0.0388889 0.263827
0 0.909635 0.444907 0.0130208 0.0583333 0.283747
0 0.947917 0.940741 0.025 0.0796296 0.302447
5 0.477604 0.19213 0.0520833 0.0546296 0.315788
2 0.841406 0.103241 0.0171875 0.0324074 0.321781
0 0.886719 0.756481 0.0151042 0.0685185 0.365274
0 0.0833333 0.9625 0.028125 0.0712963 0.404137
9 0.974479 0.736574 0.0125 0.0509259 0.511243
5 0.423177 0.233796 0.0796875 0.0972222 0.578758
2 0.357812 0.343056 0.0625 0.0898148 0.631117
2 0.434635 0.2875 0.0463542 0.0583333 0.785701
2 0.0770833 0.621296 0.06875 0.0944444 0.823334
2 0.34974 0.725926 0.0859375 0.162963 0.848563
