0 0.88724 0.450463 0.00989583 0.0453704 0.283287
2 0.839323 0.118056 0.0140625 0.0305556 0.285316
0 0.658594 0.313426 0.0130208 0.075 0.291422
2 0.590625 0.198148 0.0239583 0.0351852 0.298001
9 0.973958 0.743981 0.0114583 0.0472222 0.302934
5 0.233333 0.419444 0.08125 0.12037 0.326966
0 0.938542 0.79213 0.0229167 0.075 0.363446
3 0.561198 0.556019 0.0307292 0.0675926 0.366672
7 0.663021 0.256944 0.0604167 0.0916667 0.394523
0 0.904427 0.483333 0.0109375 0.0537037 0.410196
0 0.915104 0.737037 0.0197917 0.0814815 0.427898
0 0.928906 0.738889 0.0161458 0.0740741 0.440036
2 0.490104 0.271296 0.0395833 0.0462963 0.444426
5 0.21849 0.297222 0.0640625 0.118519 0.469442
2 0.465104 0.402778 0.0364583 0.0685185 0.471946
2 0.464583 0.349537 0.0364583 0.0657407 0.49486
2 0.531771 0.236111 0.0385417 0.0407407 0.509995
7 0.409635 0.380556 0.0442708 0.148148 0.644146
7 0.233594 0.421759 0.0817708 0.123148 0.723556
2 0.228385 0.881944 0.0880208 0.189815 0.723609
2 0.494792 0.464815 0.065625 0.0981481 0.770432
2 0.433333 0.476389 0.0520833 0.0898148 0.838888
2 0.438021 0.602315 0.0729167 0.125 0.844783
2 0.491406 0.553241 0.0786458 0.110185 0.865529
2 0.384375 0.505556 0.05 0.101852 0.871959
2 0.542708 0.440278 0.06875 0.0805556 0.879557
