7 0.228906 0.323148 0.0536458 0.0962963 0.273158
7 0.663021 0.250926 0.0552083 0.0777778 0.27753
2 0.840104 0.0990741 0.0177083 0.0296296 0.278474
2 0.264062 0.386111 0.0354167 0.0611111 0.288651
0 0.913281 0.739352 0.0151042 0.062037 0.290831
0 0.936458 0.796759 0.0177083 0.0638889 0.305946
9 0.973437 0.739352 0.0125 0.0546296 0.306111
2 0.423958 0.338889 0.0395833 0.0592593 0.309186
0 0.928906 0.74213 0.0130208 0.062037 0.33281
0 0.885156 0.65463 0.0151042 0.0648148 0.382266
2 0.228906 0.322685 0.0546875 0.0972222 0.387123
0 0.973698 0.738426 0.0119792 0.0527778 0.387329
2 0.490104 0.269907 0.0385417 0.0416667 0.392705
0 0.895052 0.448611 0.00989583 0.0527778 0.428276
5 0.228906 0.323148 0.0546875 0.0962963 0.432607
2 0.458854 0.299074 0.0427083 0.0481481 0.438363
2 0.530469 0.236111 0.0390625 0.0388889 0.456393
2 0.767969 0.363889 0.0411458 0.062963 0.575774
7 0.416667 0.420833 0.05625 0.167593 0.678554
2 0.482031 0.347685 0.0338542 0.0657407 0.739978
5 0.497917 0.1875 0.104167 0.100926 0.776623
5 0.209115 0.513889 0.0734375 0.242593 0.788619
2 0.514583 0.4875 0.0666667 0.0861111 0.789336
2 0.475 0.420833 0.0489583 0.0898148 0.807817
2 0.520312 0.708333 0.1 0.166667 0.866996
2 0.700521 0.771759 0.121875 0.171296 0.875607
2 0.504687 0.559722 0.0760417 0.110185 0.87679
2 0.63151 0.605093 0.105729 0.14537 0.883696
