7 0.802604 0.941204 0.104167 0.112037 0.292413
7 0.671875 0.262963 0.0739583 0.107407 0.327623
2 0.559375 0.185185 0.028125 0.0333333 0.347824
5 0.802865 0.941667 0.104687 0.111111 0.373583
7 0.947656 0.298148 0.104687 0.594444 0.391521
2 0.773177 0.375926 0.0463542 0.101852 0.404808
2 0.254687 0.31713 0.021875 0.0342593 0.452448
0 0.974219 0.736574 0.0130208 0.0564815 0.460864
2 0.802083 0.941667 0.103125 0.111111 0.468647
7 0.773438 0.375926 0.0479167 0.101852 0.580975
2 0.820052 0.178704 0.0161458 0.0314815 0.61526
2 0.545573 0.220833 0.0338542 0.0435185 0.655503
2 0.725781 0.350926 0.0401042 0.0648148 0.698795
0 0.880729 0.762037 0.025 0.0981481 0.704287
2 0.349479 0.725 0.0864583 0.166667 0.820096
5 0.374219 0.267593 0.149479 0.138889 0.821342
2 0.18125 0.473611 0.0614583 0.0768519 0.836708
