2 0.557292 0.187037 0.0333333 0.0351852 0.261989
5 0.414844 0.237963 0.0630208 0.0740741 0.272472
7 0.671615 0.262963 0.0734375 0.107407 0.295907
2 0.773958 0.370833 0.046875 0.0990741 0.300232
0 0.975 0.735648 0.0135417 0.0564815 0.311604
7 0.803646 0.939352 0.105208 0.115741 0.311975
7 0.947917 0.298611 0.104167 0.59537 0.353207
2 0.254687 0.31713 0.021875 0.0342593 0.397071
7 0.77474 0.370833 0.0473958 0.0990741 0.581293
2 0.727083 0.348148 0.0385417 0.062963 0.6011
2 0.54401 0.222222 0.0359375 0.0425926 0.635129
2 0.803125 0.940278 0.104167 0.113889 0.639569
2 0.820833 0.177315 0.0166667 0.0305556 0.661017
0 0.880729 0.760648 0.0260417 0.100926 0.702876
5 0.372917 0.271296 0.148958 0.140741 0.778272
2 0.349479 0.725 0.0864583 0.166667 0.822638
2 0.177604 0.478704 0.0625 0.0759259 0.842367
