0 0.447917 0.660648 0.0302083 0.0935185 0.256429
0 0.923958 0.625 0.0166667 0.0685185 0.263761
2 0.870833 0.562963 0.0208333 0.0296296 0.281291
9 0.351562 0.352778 0.0135417 0.0425926 0.328559
3 0.261198 0.319444 0.0244792 0.0407407 0.337557
9 0.973698 0.737963 0.0119792 0.0537037 0.356599
0 0.921875 0.728704 0.0197917 0.0740741 0.3759
0 0.892969 0.451389 0.00989583 0.0490741 0.38613
7 0.66849 0.259722 0.0671875 0.0972222 0.399359
0 0.932031 0.744907 0.0203125 0.0638889 0.428014
2 0.217187 0.293056 0.04375 0.0824074 0.445552
2 0.839323 0.10787 0.0161458 0.0287037 0.472449
5 0.433594 0.225926 0.100521 0.109259 0.489844
0 0.88125 0.745833 0.01875 0.075 0.534739
2 0.48151 0.227315 0.0348958 0.037963 0.555429
2 0.513021 0.223148 0.0375 0.0462963 0.597001
2 0.404427 0.303704 0.0640625 0.0685185 0.642409
2 0.841927 0.817593 0.107813 0.159259 0.81105
2 0.441927 0.525 0.0682292 0.103704 0.87343
2 0.79401 0.89213 0.132812 0.176852 0.885396
2 0.619531 0.728704 0.109896 0.15 0.901184
