0 0.973958 0.736574 0.0125 0.0564815 0.329798
7 0.947656 0.298148 0.104687 0.594444 0.353364
2 0.801823 0.944907 0.103646 0.10463 0.353789
7 0.672135 0.2625 0.0734375 0.106481 0.368339
7 0.79974 0.945833 0.101562 0.10463 0.442117
2 0.254687 0.31713 0.021875 0.0342593 0.454547
7 0.0369792 0.65463 0.0677083 0.105556 0.502268
2 0.721354 0.363889 0.040625 0.0703704 0.563538
2 0.55026 0.217593 0.0317708 0.0407407 0.643156
7 0.721354 0.364352 0.0416667 0.0694444 0.660296
2 0.819531 0.180556 0.0151042 0.0314815 0.660441
7 0.771094 0.384259 0.0505208 0.103704 0.694137
0 0.879948 0.767593 0.0244792 0.0833333 0.766408
2 0.349479 0.725 0.0864583 0.166667 0.819741
5 0.378125 0.264352 0.146875 0.134259 0.85113
2 0.189583 0.465741 0.0583333 0.0759259 0.861041
