2 0.563542 0.169907 0.0177083 0.025 0.260486
2 0.210677 0.281944 0.0380208 0.0675926 0.302547
7 0.441146 0.4875 0.053125 0.119444 0.335536
0 0.936719 0.797685 0.0234375 0.0712963 0.346591
0 0.925521 0.734722 0.0208333 0.0861111 0.37347
0 0.882812 0.737963 0.0166667 0.0555556 0.461638
9 0.973958 0.7375 0.0114583 0.0546296 0.46942
7 0.548958 0.502778 0.101042 0.135185 0.476886
2 0.533854 0.231019 0.0333333 0.0416667 0.526089
2 0.441667 0.4875 0.0520833 0.119444 0.535253
5 0.442448 0.216667 0.124479 0.107407 0.625136
2 0.55026 0.503704 0.101562 0.135185 0.629746
2 0.829687 0.156481 0.0197917 0.0259259 0.634399
2 0.406771 0.350926 0.04375 0.0685185 0.64899
2 0.395573 0.295833 0.0505208 0.0583333 0.652875
2 0.490885 0.271296 0.0432292 0.0462963 0.663737
2 0.40599 0.429167 0.0338542 0.0694444 0.668862
7 0.4375 0.886574 0.160417 0.223148 0.795606
2 0.846615 0.798611 0.121354 0.193519 0.839878
7 0.517187 0.584259 0.1375 0.255556 0.870003
2 0.825521 0.906944 0.13125 0.184259 0.882709
2 0.668229 0.727778 0.110417 0.15 0.907096
2 0.670833 0.880093 0.135417 0.19537 0.914761
