0 0.0872396 0.513889 0.0255208 0.0703704 0.269924
2 0.870833 0.563426 0.0208333 0.0305556 0.307814
7 0.948438 0.297222 0.103125 0.594444 0.337258
9 0.973698 0.7375 0.0119792 0.0546296 0.364363
0 0.884115 0.636111 0.0203125 0.0703704 0.39549
2 0.832812 0.139815 0.01875 0.0277778 0.501163
0 0.891146 0.686574 0.01875 0.075 0.524317
7 0.847917 0.85787 0.096875 0.176852 0.541854
2 0.806771 0.267593 0.034375 0.0648148 0.579562
2 0.776042 0.230556 0.0239583 0.0407407 0.603665
2 0.457812 0.285648 0.0447917 0.0898148 0.633508
2 0.848177 0.862037 0.0953125 0.172222 0.64099
2 0.536198 0.226852 0.0390625 0.05 0.714702
5 0.366927 0.276389 0.0703125 0.100926 0.767627
5 0.28776 0.336574 0.106771 0.141667 0.773633
2 0.349479 0.725463 0.0854167 0.163889 0.828271
2 0.573698 0.9125 0.117188 0.173148 0.864529
2 0.572656 0.731481 0.0848958 0.133333 0.898779
