0 0.940104 0.793519 0.0197917 0.0648148 0.266584
7 0.220313 0.298148 0.0395833 0.0777778 0.269716
2 0.450781 0.257407 0.0432292 0.0444444 0.286211
0 0.0557292 0.707407 0.0114583 0.0462963 0.295767
2 0.839844 0.109259 0.0151042 0.0259259 0.339915
0 0.973437 0.738426 0.0125 0.0527778 0.365444
0 0.922396 0.725926 0.0177083 0.0703704 0.376358
0 0.926823 0.638426 0.0182292 0.0657407 0.386002
0 0.0872396 0.5125 0.0255208 0.0638889 0.395188
0 0.929167 0.740741 0.021875 0.0685185 0.406561
7 0.668229 0.258333 0.0677083 0.0944444 0.42676
0 0.891667 0.457407 0.0104167 0.0481481 0.477448
0 0.878646 0.748611 0.015625 0.0731481 0.532547
2 0.491667 0.231481 0.053125 0.05 0.577967
2 0.267708 0.325926 0.0270833 0.037037 0.622969
5 0.441667 0.219444 0.122917 0.111111 0.63268
2 0.834896 0.922222 0.134375 0.153704 0.652865
2 0.400521 0.306944 0.059375 0.075 0.674484
2 0.889323 0.858796 0.108854 0.163889 0.857907
2 0.460938 0.549537 0.0791667 0.110185 0.886064
2 0.652604 0.761574 0.117708 0.158333 0.888486
