0 0.973698 0.7375 0.0119792 0.0527778 0.27282
9 0.973958 0.737037 0.0125 0.0537037 0.286783
9 0.0539063 0.725926 0.0119792 0.0425926 0.294957
7 0.665885 0.255556 0.0630208 0.0888889 0.325736
2 0.840104 0.108796 0.015625 0.0268519 0.353908
0 0.9375 0.798148 0.021875 0.0648148 0.363584
0 0.0877604 0.510648 0.0255208 0.0638889 0.409549
0 0.891146 0.468981 0.0104167 0.0472222 0.410292
2 0.275 0.34537 0.0291667 0.0481481 0.482216
5 0.442187 0.219444 0.122917 0.111111 0.512737
0 0.875781 0.759722 0.0151042 0.0712963 0.559192
5 0.219792 0.305093 0.0489583 0.0861111 0.571276
0 0.938021 0.67037 0.015625 0.0703704 0.621106
2 0.477865 0.244907 0.0432292 0.0694444 0.670874
2 0.396094 0.318056 0.0588542 0.075 0.695063
2 0.965365 0.92963 0.0692708 0.137037 0.698458
2 0.51276 0.611111 0.0932292 0.131481 0.882092
2 0.73099 0.840278 0.135937 0.175 0.914747
