9 0.351562 0.353704 0.0125 0.0425926 0.256154
0 0.352344 0.353704 0.0119792 0.0407407 0.299819
0 0.857292 0.987037 0.0135417 0.0259259 0.301459
0 0.872917 0.444907 0.0104167 0.0509259 0.324286
0 0.883073 0.671759 0.0140625 0.062037 0.333854
5 0.232292 0.332407 0.0541667 0.109259 0.347068
2 0.840365 0.099537 0.0171875 0.0305556 0.348245
0 0.894792 0.438426 0.009375 0.0509259 0.371004
9 0.973698 0.738889 0.0119792 0.0518519 0.388364
0 0.913281 0.733796 0.0171875 0.0731481 0.392348
7 0.232031 0.333333 0.0546875 0.109259 0.415732
7 0.666406 0.259722 0.0630208 0.0972222 0.419855
0 0.928906 0.741667 0.0140625 0.0703704 0.427662
2 0.488802 0.270833 0.0401042 0.0453704 0.481041
0 0.936979 0.793519 0.0197917 0.0703704 0.507182
2 0.459896 0.298148 0.0447917 0.0462963 0.507391
2 0.249219 0.414352 0.0369792 0.0675926 0.571417
2 0.778385 0.341204 0.0338542 0.0546296 0.634389
2 0.53099 0.2375 0.0369792 0.0398148 0.659318
7 0.421875 0.433796 0.0614583 0.171296 0.677569
2 0.479948 0.356019 0.0338542 0.0675926 0.775959
5 0.208073 0.566204 0.0744792 0.273148 0.813819
2 0.529948 0.501852 0.0661458 0.0962963 0.821457
5 0.489583 0.193056 0.111458 0.10463 0.832681
2 0.482031 0.431481 0.0505208 0.0888889 0.849403
2 0.651563 0.626389 0.111458 0.152778 0.872392
2 0.520833 0.575926 0.0802083 0.111111 0.890119
2 0.551562 0.749074 0.109375 0.168519 0.890172
2 0.729688 0.800926 0.125 0.17963 0.902777
