2 0.23724 0.281019 0.0213542 0.0324074 0.250569
0 0.922917 0.721296 0.0145833 0.062963 0.256478
2 0.214323 0.29537 0.0359375 0.0592593 0.259743
2 0.477865 0.251852 0.0453125 0.0592593 0.276095
9 0.351823 0.352778 0.0130208 0.0444444 0.276852
9 0.973698 0.7375 0.0130208 0.0546296 0.279251
0 0.932813 0.74537 0.0197917 0.0648148 0.291753
0 0.0875 0.511574 0.025 0.0638889 0.310457
0 0.891927 0.423148 0.00989583 0.05 0.330383
0 0.0604167 0.677778 0.0125 0.0537037 0.353793
2 0.839583 0.108796 0.0166667 0.0268519 0.401341
0 0.88151 0.745833 0.0171875 0.0712963 0.413527
0 0.936198 0.798148 0.0223958 0.0703704 0.50886
5 0.442448 0.216204 0.123438 0.106481 0.558276
0 0.904167 0.566667 0.0145833 0.0648148 0.595039
7 0.911458 0.927315 0.134375 0.141667 0.646354
2 0.566146 0.181019 0.025 0.0342593 0.681287
2 0.395573 0.296296 0.0505208 0.0574074 0.720893
2 0.393229 0.426852 0.0354167 0.0796296 0.781726
2 0.484635 0.576389 0.0776042 0.117593 0.864347
2 0.627604 0.611574 0.0875 0.123148 0.892226
2 0.615365 0.723148 0.109896 0.15 0.918219
