2 0.261458 0.3125 0.0395833 0.0638889 0.281977
0 0.895052 0.436574 0.00885417 0.0490741 0.289908
0 0.857552 0.987963 0.0130208 0.0240741 0.290989
0 0.352344 0.353704 0.0119792 0.0407407 0.294323
0 0.872917 0.444444 0.0104167 0.0518519 0.297494
2 0.898958 0.973148 0.0947917 0.05 0.317663
0 0.882812 0.669907 0.0135417 0.0564815 0.330515
2 0.839844 0.0986111 0.0171875 0.0305556 0.345391
9 0.973698 0.738889 0.0119792 0.0518519 0.387984
0 0.913021 0.734259 0.0166667 0.0722222 0.392867
0 0.928906 0.741667 0.0140625 0.0703704 0.424025
7 0.666406 0.259722 0.0630208 0.0972222 0.425678
7 0.23151 0.335185 0.0567708 0.109259 0.438435
2 0.488542 0.270833 0.040625 0.0453704 0.467964
2 0.459635 0.298148 0.0442708 0.0462963 0.497968
0 0.936979 0.793519 0.0197917 0.0703704 0.50671
2 0.247917 0.416204 0.0354167 0.0694444 0.652568
2 0.53151 0.2375 0.0390625 0.0398148 0.682546
2 0.778646 0.340278 0.034375 0.0564815 0.683892
7 0.421875 0.435185 0.0625 0.172222 0.718176
2 0.479948 0.356481 0.0338542 0.0703704 0.748074
2 0.530208 0.503704 0.06875 0.0962963 0.805728
5 0.208333 0.569907 0.0729167 0.278704 0.826204
5 0.489583 0.193981 0.111458 0.106481 0.831866
2 0.482292 0.431944 0.0510417 0.087963 0.836529
2 0.653125 0.626389 0.111458 0.152778 0.854437
2 0.522135 0.578704 0.0807292 0.112963 0.883145
2 0.552344 0.750926 0.107813 0.166667 0.886395
2 0.730469 0.804167 0.125521 0.180556 0.910988
