7 0.949479 0.296296 0.101042 0.592593 0.261087
7 0.664844 0.258796 0.0588542 0.0953704 0.281779
0 0.905469 0.378704 0.00885417 0.0444444 0.35088
2 0.25599 0.31713 0.0234375 0.0324074 0.37647
9 0.974219 0.737037 0.0119792 0.0518519 0.419216
0 0.860417 0.908333 0.021875 0.0592593 0.453194
2 0.490104 0.879167 0.120833 0.193519 0.463644
7 0.490625 0.878241 0.119792 0.19537 0.627896
2 0.784896 0.316667 0.034375 0.0574074 0.640228
5 0.43125 0.226389 0.130208 0.113889 0.703712
2 0.383854 0.30463 0.046875 0.05 0.708103
2 0.127865 0.57037 0.0744792 0.116667 0.778621
2 0.23724 0.456481 0.0640625 0.0907407 0.78785
7 0.622917 0.832407 0.13125 0.259259 0.794274
2 0.349479 0.725463 0.0864583 0.162037 0.844685
