0 0.903906 0.482407 0.00989583 0.05 0.268458
7 0.234115 0.333796 0.0557292 0.100926 0.278898
2 0.490365 0.27037 0.0401042 0.0425926 0.284374
0 0.884115 0.523611 0.0119792 0.0601852 0.324591
2 0.53151 0.235185 0.0359375 0.0351852 0.340935
9 0.973958 0.737037 0.0114583 0.0518519 0.357487
0 0.936979 0.795833 0.0177083 0.0638889 0.382162
2 0.565365 0.203241 0.0276042 0.0342593 0.401355
0 0.928906 0.738426 0.0140625 0.0638889 0.418527
2 0.463802 0.353241 0.0359375 0.0712963 0.450325
0 0.911719 0.739815 0.0140625 0.0759259 0.467539
7 0.670052 0.264352 0.0713542 0.106481 0.554909
2 0.516667 0.281944 0.0375 0.0527778 0.561852
2 0.466146 0.410648 0.0364583 0.0638889 0.679611
7 0.409896 0.379167 0.0447917 0.150926 0.68145
2 0.436458 0.480093 0.053125 0.0916667 0.778066
2 0.38724 0.512037 0.0536458 0.103704 0.82579
2 0.511979 0.478241 0.075 0.102778 0.836903
2 0.241927 0.904167 0.0942708 0.187963 0.843664
2 0.551562 0.444444 0.0697917 0.0796296 0.859481
2 0.478385 0.658333 0.0848958 0.137037 0.865292
2 0.500521 0.563426 0.0833333 0.113889 0.892416
