0 0.0875 0.511574 0.025 0.0638889 0.263538
0 0.932552 0.744907 0.0192708 0.0638889 0.265885
0 0.922396 0.721759 0.0135417 0.0601852 0.271194
0 0.935938 0.731944 0.015625 0.0416667 0.271498
9 0.351823 0.352778 0.0130208 0.0444444 0.281611
2 0.214583 0.289815 0.0395833 0.0685185 0.288564
9 0.973958 0.7375 0.0125 0.0546296 0.290957
0 0.0601562 0.680093 0.0130208 0.0527778 0.360817
2 0.839583 0.108796 0.0166667 0.0268519 0.378774
2 0.467708 0.257407 0.05 0.0574074 0.38794
0 0.892969 0.425463 0.0109375 0.0490741 0.415216
0 0.936198 0.798611 0.0223958 0.0694444 0.467744
0 0.881771 0.74537 0.0177083 0.0722222 0.478563
2 0.921094 0.936111 0.132812 0.124074 0.484724
7 0.921875 0.936111 0.130208 0.125926 0.525125
2 0.563802 0.18287 0.0286458 0.037963 0.647981
0 0.90599 0.568056 0.0130208 0.0638889 0.667688
5 0.442448 0.215741 0.124479 0.107407 0.695107
2 0.395573 0.295833 0.0505208 0.0564815 0.720356
2 0.395312 0.43287 0.0364583 0.0842593 0.845063
2 0.493229 0.587037 0.0822917 0.124074 0.853262
2 0.643229 0.626389 0.0895833 0.130556 0.907479
2 0.628646 0.735648 0.113542 0.156481 0.920309
