2 0.254948 0.321759 0.0213542 0.0398148 0.252369
0 0.973698 0.739815 0.0119792 0.0574074 0.273488
2 0.842969 0.0986111 0.0140625 0.0268519 0.312038
0 0.449219 0.661111 0.0338542 0.0944444 0.317651
0 0.907812 0.412963 0.0125 0.0537037 0.364278
0 0.901563 0.863426 0.0166667 0.0824074 0.37737
0 0.882812 0.859259 0.0177083 0.0648148 0.453117
2 0.46276 0.244444 0.0401042 0.0425926 0.574424
2 0.279427 0.418056 0.0671875 0.0916667 0.645161
5 0.44349 0.222222 0.118229 0.116667 0.779748
2 0.222917 0.438889 0.0614583 0.0814815 0.781439
2 0.642448 0.764352 0.0932292 0.175 0.782694
2 0.348958 0.723611 0.0854167 0.165741 0.793673
2 0.371354 0.337037 0.0489583 0.0703704 0.83934
