0 0.908854 0.628241 0.0114583 0.0453704 0.295477
2 0.841667 0.105556 0.0166667 0.0333333 0.322541
2 0.48099 0.228241 0.0369792 0.0416667 0.342633
0 0.911719 0.866204 0.0171875 0.0564815 0.366122
0 0.842969 0.858333 0.0192708 0.05 0.40495
2 0.253906 0.315741 0.0213542 0.0314815 0.414417
9 0.973958 0.738889 0.0114583 0.0537037 0.417981
5 0.440885 0.222222 0.119271 0.107407 0.503978
0 0.891667 0.637037 0.0135417 0.0611111 0.507895
2 0.396094 0.318519 0.0536458 0.0722222 0.574297
0 0.927604 0.514815 0.0135417 0.0611111 0.587318
0 0.904688 0.798148 0.0208333 0.0759259 0.660498
2 0.445312 0.280093 0.046875 0.062037 0.712408
2 0.2625 0.392593 0.0302083 0.0611111 0.746763
2 0.346354 0.716667 0.084375 0.159259 0.89247
5 0.140104 0.493981 0.155208 0.212037 0.914326
