9 0.973698 0.737037 0.0130208 0.0537037 0.285089
0 0.928125 0.737037 0.0177083 0.0648148 0.291722
0 0.93724 0.795833 0.0213542 0.0675926 0.300578
0 0.921615 0.731019 0.0223958 0.0712963 0.307641
7 0.271875 0.848148 0.204167 0.3 0.348264
5 0.271094 0.846296 0.207813 0.301852 0.383324
2 0.544271 0.222222 0.034375 0.0388889 0.391781
2 0.271875 0.848148 0.20625 0.3 0.442188
2 0.209896 0.284259 0.0375 0.0722222 0.491391
2 0.43724 0.477778 0.0526042 0.116667 0.537751
2 0.508073 0.257407 0.0463542 0.0462963 0.550467
2 0.826042 0.164815 0.0177083 0.0296296 0.590269
0 0.882031 0.745833 0.0182292 0.075 0.602882
2 0.396875 0.29537 0.0520833 0.0555556 0.632778
2 0.959896 0.921296 0.0802083 0.148148 0.649605
5 0.442448 0.217593 0.123438 0.109259 0.703996
2 0.401823 0.40787 0.0348958 0.0731481 0.72235
2 0.526563 0.474074 0.065625 0.0833333 0.723316
7 0.329688 0.725463 0.105208 0.213889 0.763183
2 0.435937 0.318519 0.0458333 0.0574074 0.770705
2 0.719271 0.668981 0.116667 0.167593 0.893275
7 0.517448 0.58287 0.138021 0.250926 0.896586
2 0.667708 0.726389 0.109375 0.149074 0.911633
2 0.796094 0.87963 0.130729 0.192593 0.915408
2 0.660937 0.868519 0.130208 0.190741 0.917952
