2 0.840104 0.112037 0.015625 0.0259259 0.273646
0 0.922917 0.721296 0.015625 0.0666667 0.286751
9 0.973958 0.7375 0.0114583 0.0509259 0.295999
5 0.760417 0.821296 0.141667 0.207407 0.300867
0 0.0606771 0.651389 0.0140625 0.0527778 0.307072
2 0.552865 0.193981 0.0348958 0.0453704 0.393321
2 0.210417 0.283796 0.0385417 0.0731481 0.413612
2 0.483594 0.227315 0.0338542 0.037963 0.415287
2 0.760417 0.82037 0.139583 0.209259 0.474497
5 0.440885 0.22037 0.117188 0.103704 0.500212
2 0.450781 0.259259 0.0411458 0.0425926 0.55101
0 0.896094 0.513426 0.0130208 0.0601852 0.587928
0 0.881771 0.746759 0.0177083 0.0712963 0.59602
2 0.395833 0.297685 0.05 0.0564815 0.718305
2 0.405208 0.361574 0.0458333 0.0675926 0.775243
2 0.484635 0.567593 0.0755208 0.122222 0.849701
2 0.409896 0.468981 0.05 0.0898148 0.850941
2 0.494271 0.442593 0.046875 0.0833333 0.851979
