0 0.973437 0.738889 0.0125 0.0537037 0.259315
0 0.922396 0.720833 0.015625 0.0657407 0.264176
2 0.839583 0.115741 0.0135417 0.0296296 0.277211
0 0.88724 0.464352 0.0119792 0.0638889 0.297193
2 0.210156 0.28287 0.0359375 0.0731481 0.323392
0 0.936198 0.797222 0.0213542 0.0666667 0.336105
9 0.973698 0.738889 0.0119792 0.0537037 0.414439
2 0.496615 0.219444 0.0401042 0.0388889 0.416665
2 0.44974 0.257407 0.0401042 0.0444444 0.426471
0 0.882292 0.746296 0.0177083 0.0740741 0.508277
5 0.439323 0.220833 0.123438 0.110185 0.515157
7 0.59349 0.647222 0.109896 0.172222 0.612686
2 0.396354 0.296296 0.05 0.0574074 0.656288
2 0.472656 0.313426 0.0286458 0.0583333 0.733744
2 0.389323 0.397222 0.0338542 0.0722222 0.764988
2 0.41875 0.466204 0.0510417 0.0861111 0.819811
2 0.420312 0.338426 0.05 0.0583333 0.822111
5 0.815885 0.861574 0.206771 0.275 0.860551
