2 0.465885 0.253241 0.0359375 0.037963 0.251937
0 0.892969 0.634259 0.0130208 0.0537037 0.265988
2 0.0158854 0.641204 0.0317708 0.0694444 0.283755
0 0.0872396 0.514352 0.0255208 0.0694444 0.286786
2 0.871094 0.563426 0.0213542 0.0305556 0.312133
7 0.948698 0.296759 0.102604 0.589815 0.323693
9 0.973698 0.736574 0.0119792 0.0527778 0.390566
2 0.77474 0.234259 0.0244792 0.0407407 0.47632
0 0.891146 0.691204 0.0197917 0.0787037 0.53934
5 0.309635 0.324074 0.141146 0.17037 0.552336
2 0.832552 0.140278 0.0182292 0.0268519 0.565155
2 0.80599 0.270833 0.0348958 0.0675926 0.567813
5 0.372135 0.275926 0.0765625 0.1 0.612588
2 0.460417 0.294907 0.04375 0.0638889 0.643237
2 0.539583 0.225926 0.0395833 0.0444444 0.674655
2 0.846094 0.869444 0.0953125 0.17037 0.783708
2 0.349479 0.725463 0.0854167 0.163889 0.831298
2 0.56224 0.927778 0.120312 0.140741 0.903355
2 0.564583 0.750463 0.0864583 0.136111 0.90721
