2 0.560417 0.208796 0.03125 0.0416667 0.252266
0 0.872656 0.443519 0.0109375 0.05 0.26358
2 0.840885 0.099537 0.0161458 0.0268519 0.270844
0 0.913542 0.736574 0.0145833 0.0583333 0.30454
2 0.459375 0.3 0.0427083 0.0425926 0.321909
2 0.48776 0.269907 0.0432292 0.0453704 0.335655
0 0.938542 0.79213 0.0239583 0.0731481 0.346208
9 0.351823 0.353241 0.0130208 0.0416667 0.347546
9 0.973698 0.739815 0.0119792 0.0518519 0.376977
0 0.896094 0.42963 0.00989583 0.0518519 0.379576
2 0.528385 0.237963 0.0359375 0.0425926 0.432893
0 0.928646 0.740741 0.0135417 0.0703704 0.455109
2 0.271094 0.323611 0.0359375 0.0601852 0.465353
2 0.216927 0.464815 0.0494792 0.0740741 0.499777
0 0.880469 0.700926 0.0151042 0.0722222 0.501785
7 0.663542 0.253241 0.0583333 0.0842593 0.506878
2 0.7875 0.306944 0.0291667 0.0509259 0.527142
2 0.479688 0.368519 0.0333333 0.0722222 0.672534
7 0.426042 0.450463 0.071875 0.182407 0.80867
5 0.47474 0.198148 0.110937 0.105556 0.826059
2 0.547396 0.515741 0.0708333 0.0981481 0.828901
2 0.490365 0.443981 0.0557292 0.0972222 0.842904
5 0.222917 0.652778 0.0875 0.327778 0.852694
2 0.753385 0.834722 0.142188 0.175 0.875077
2 0.591406 0.796296 0.117188 0.174074 0.894879
2 0.68776 0.660185 0.117188 0.164815 0.900327
2 0.545052 0.601852 0.0859375 0.12037 0.900671
