2 0.606771 0.169907 0.0197917 0.0287037 0.268769
9 0.351823 0.353704 0.0130208 0.0388889 0.274509
2 0.311198 0.361111 0.0421875 0.0555556 0.355628
2 0.0614583 0.623148 0.0604167 0.0962963 0.375236
2 0.0502604 0.647222 0.0442708 0.0703704 0.496695
7 0.627604 0.587037 0.0739583 0.12037 0.602657
2 0.804427 0.243056 0.0255208 0.0435185 0.633876
2 0.157813 0.537037 0.0666667 0.107407 0.804147
2 0.35 0.725463 0.0854167 0.165741 0.826694
7 0.71276 0.573148 0.0807292 0.168519 0.8568
5 0.414323 0.243056 0.133854 0.132407 0.902304
