2 0.466667 0.244444 0.075 0.0722222 0.250489
9 0.351823 0.352778 0.0130208 0.0444444 0.254207
0 0.936458 0.731481 0.0145833 0.0407407 0.259639
0 0.90651 0.47963 0.0109375 0.0574074 0.272199
0 0.0872396 0.511111 0.0244792 0.062963 0.275472
0 0.973437 0.739352 0.0125 0.0564815 0.298344
0 0.0585938 0.676852 0.0161458 0.0555556 0.311927
2 0.210677 0.284259 0.0380208 0.0759259 0.336424
5 0.471094 0.221759 0.0692708 0.112037 0.358437
2 0.839583 0.108796 0.0166667 0.0268519 0.382849
5 0.434375 0.218056 0.104167 0.0990741 0.394939
0 0.882031 0.74537 0.0171875 0.0722222 0.469107
0 0.901823 0.558796 0.0140625 0.0675926 0.497837
0 0.936198 0.797685 0.0223958 0.0712963 0.538845
2 0.56849 0.180093 0.0223958 0.0305556 0.588788
7 0.89349 0.92037 0.131771 0.157407 0.59203
2 0.395573 0.29537 0.0505208 0.0574074 0.734985
2 0.391406 0.419907 0.0348958 0.0787037 0.791899
2 0.473177 0.559722 0.0796875 0.115741 0.850345
2 0.608333 0.59213 0.0822917 0.123148 0.885671
2 0.599219 0.702315 0.105729 0.137963 0.904029
