0 0.0875 0.511111 0.025 0.0592593 0.271094
5 0.477083 0.19213 0.0552083 0.0583333 0.282766
0 0.909635 0.444444 0.0130208 0.0592593 0.287505
2 0.479167 0.231481 0.0354167 0.037037 0.296695
0 0.0838542 0.963889 0.028125 0.0685185 0.424549
0 0.885156 0.763889 0.0151042 0.0703704 0.471872
9 0.974219 0.737963 0.0119792 0.0518519 0.500301
0 0.904427 0.765278 0.0171875 0.075 0.501926
5 0.442448 0.223148 0.121354 0.114815 0.605595
2 0.353125 0.346759 0.0583333 0.0842593 0.67215
2 0.43125 0.2875 0.0447917 0.0546296 0.797182
2 0.0713542 0.630093 0.0666667 0.0953704 0.81762
2 0.34974 0.726389 0.0859375 0.163889 0.85793
