3 0.651563 0.648148 0.0333333 0.0666667 0.276747
2 0.227083 0.315741 0.0510417 0.0925926 0.283437
2 0.584635 0.188426 0.0276042 0.0342593 0.307502
0 0.644792 0.630556 0.0239583 0.062963 0.329037
2 0.527083 0.2375 0.03125 0.0361111 0.358314
9 0.973958 0.738889 0.0114583 0.0518519 0.417645
0 0.93776 0.792593 0.0203125 0.0685185 0.419984
2 0.491146 0.269444 0.0354167 0.0444444 0.424768
0 0.929688 0.742593 0.015625 0.0685185 0.439728
5 0.226823 0.316204 0.0505208 0.0916667 0.449608
0 0.884115 0.479167 0.0109375 0.0601852 0.455679
0 0.913281 0.738889 0.0182292 0.0796296 0.457481
2 0.464844 0.40787 0.0348958 0.0601852 0.47664
0 0.904688 0.484259 0.0104167 0.0537037 0.498684
2 0.551042 0.238426 0.0333333 0.0416667 0.511065
2 0.463802 0.353704 0.0359375 0.0740741 0.514495
7 0.409896 0.378241 0.04375 0.147222 0.607965
2 0.226823 0.883333 0.0932292 0.192593 0.657087
2 0.500781 0.472222 0.0703125 0.103704 0.762688
2 0.433333 0.476389 0.0520833 0.087963 0.84388
2 0.438021 0.601852 0.0729167 0.125926 0.865162
2 0.54349 0.439815 0.0671875 0.0814815 0.875684
2 0.491667 0.553704 0.0802083 0.111111 0.884677
2 0.384375 0.505556 0.0510417 0.101852 0.885401
