0 0.764063 0.724074 0.0125 0.0351852 0.275897
0 0.352344 0.352778 0.0130208 0.0425926 0.277926
7 0.463802 0.378704 0.0380208 0.125926 0.290664
9 0.409375 0.379167 0.04375 0.14537 0.294117
9 0.973958 0.737963 0.0114583 0.0537037 0.318515
2 0.231771 0.324074 0.053125 0.0944444 0.336914
0 0.936719 0.79537 0.0182292 0.0666667 0.342406
0 0.904167 0.48287 0.0104167 0.0527778 0.353682
2 0.4875 0.269444 0.0447917 0.0462963 0.378848
0 0.928646 0.742593 0.0135417 0.062963 0.428775
0 0.884115 0.505093 0.00989583 0.0564815 0.435882
2 0.56901 0.199074 0.0213542 0.0388889 0.480914
0 0.911458 0.748148 0.0135417 0.0592593 0.482372
7 0.666667 0.255556 0.0666667 0.0888889 0.486965
2 0.528646 0.263426 0.0395833 0.0546296 0.503516
2 0.228125 0.883333 0.0885417 0.188889 0.693125
7 0.409375 0.378704 0.0447917 0.148148 0.765339
2 0.434375 0.477315 0.053125 0.087963 0.829058
2 0.447656 0.611574 0.0786458 0.126852 0.861735
2 0.505208 0.473611 0.071875 0.106481 0.87525
2 0.494271 0.555556 0.078125 0.111111 0.882753
2 0.384896 0.506481 0.05 0.101852 0.887694
2 0.54375 0.440278 0.0697917 0.0805556 0.889375
