0 0.948177 0.692593 0.0140625 0.0425926 0.277624
0 0.922917 0.723148 0.01875 0.0685185 0.295382
5 0.452865 0.248148 0.0703125 0.0722222 0.312212
0 0.959896 0.814352 0.021875 0.062037 0.317277
0 0.973698 0.739352 0.0119792 0.0527778 0.331138
0 0.890625 0.490278 0.009375 0.0472222 0.388148
0 0.86901 0.775 0.0151042 0.062963 0.409007
2 0.277604 0.378704 0.03125 0.0574074 0.446254
2 0.839844 0.109722 0.0151042 0.0268519 0.47616
0 0.938021 0.798611 0.0239583 0.0694444 0.491495
7 0.226562 0.313426 0.0520833 0.0898148 0.526082
5 0.441406 0.220833 0.122396 0.10463 0.532186
2 0.226562 0.313426 0.0520833 0.0898148 0.53772
2 0.396354 0.31713 0.0541667 0.0768519 0.706823
2 0.460156 0.261574 0.0463542 0.0546296 0.74662
2 0.58724 0.690741 0.109896 0.151852 0.89586
2 0.830469 0.921296 0.131771 0.153704 0.906924
