0 0.904167 0.481019 0.0104167 0.0472222 0.255093
9 0.973958 0.7375 0.0114583 0.0527778 0.346852
5 0.233854 0.329167 0.0510417 0.0953704 0.359656
2 0.567969 0.203241 0.0244792 0.0342593 0.385235
2 0.464323 0.352315 0.0359375 0.0694444 0.392958
0 0.929427 0.736574 0.0130208 0.0657407 0.399028
0 0.936979 0.795833 0.0177083 0.062037 0.420216
2 0.520052 0.27963 0.0359375 0.0481481 0.428412
0 0.913281 0.737037 0.0151042 0.0814815 0.44395
7 0.667708 0.260648 0.0666667 0.0990741 0.453289
2 0.465365 0.406944 0.0359375 0.0675926 0.538023
7 0.410156 0.378704 0.0442708 0.15 0.696044
2 0.436198 0.480093 0.0546875 0.0898148 0.787435
2 0.233333 0.892593 0.0916667 0.187037 0.797796
2 0.509115 0.477778 0.0723958 0.103704 0.853838
2 0.464323 0.637963 0.0817708 0.127778 0.867168
2 0.385417 0.50787 0.05 0.100926 0.867295
2 0.547656 0.443056 0.0692708 0.0824074 0.881381
2 0.497917 0.559722 0.0802083 0.113889 0.888602
