0 0.885156 0.47037 0.0109375 0.05 0.294257
0 0.913802 0.738889 0.0182292 0.0796296 0.298261
0 0.607292 0.589815 0.025 0.0592593 0.299448
2 0.59349 0.181944 0.0234375 0.0324074 0.303731
2 0.839583 0.113426 0.015625 0.0305556 0.326381
9 0.973698 0.738889 0.0109375 0.0537037 0.332585
7 0.666667 0.25787 0.065625 0.0935185 0.335965
0 0.929167 0.740278 0.015625 0.0712963 0.374863
0 0.938021 0.792593 0.0208333 0.0703704 0.384521
3 0.607292 0.602315 0.034375 0.075 0.406287
2 0.4875 0.270833 0.0447917 0.0453704 0.427245
2 0.566146 0.222222 0.0322917 0.0444444 0.430682
5 0.223177 0.309259 0.0567708 0.101852 0.441551
2 0.465104 0.403241 0.0364583 0.0694444 0.469175
0 0.904167 0.483796 0.0104167 0.0527778 0.519597
2 0.464063 0.352315 0.0364583 0.0694444 0.539162
2 0.53099 0.235648 0.0390625 0.0398148 0.546965
2 0.227604 0.883333 0.0895833 0.192593 0.644794
7 0.409896 0.378704 0.04375 0.146296 0.689788
7 0.0846354 0.568519 0.0869792 0.148148 0.72204
2 0.499479 0.471759 0.06875 0.0935185 0.741959
2 0.433333 0.476852 0.0520833 0.0888889 0.824899
2 0.438021 0.602315 0.0729167 0.125 0.862849
2 0.491667 0.553704 0.0791667 0.111111 0.863917
2 0.542969 0.439815 0.0682292 0.0814815 0.87979
2 0.384375 0.506019 0.05 0.100926 0.880506
