5 0.47526 0.193056 0.0557292 0.0601852 0.272901
5 0.467708 0.238889 0.0385417 0.0425926 0.273476
0 0.901823 0.844907 0.0192708 0.0805556 0.300217
2 0.255469 0.318981 0.0223958 0.0342593 0.36765
2 0.843229 0.100926 0.0145833 0.0240741 0.37562
9 0.974219 0.7375 0.0119792 0.0527778 0.410132
0 0.447917 0.657407 0.0322917 0.0888889 0.414447
0 0.88099 0.835648 0.0223958 0.062037 0.419702
7 0.95026 0.297222 0.0994792 0.594444 0.435388
2 0.28099 0.419444 0.0369792 0.0666667 0.46769
5 0.442448 0.224537 0.119271 0.117593 0.588995
2 0.467187 0.238426 0.0375 0.0435185 0.687077
2 0.248177 0.416204 0.0557292 0.0787037 0.77903
2 0.384115 0.324074 0.0526042 0.0685185 0.818988
2 0.349479 0.725926 0.0854167 0.164815 0.852999
2 0.6 0.880556 0.114583 0.212963 0.88614
