9 0.351562 0.352778 0.0135417 0.0407407 0.267056
7 0.666667 0.256944 0.0635417 0.087963 0.267331
0 0.90026 0.393056 0.0109375 0.0490741 0.321873
2 0.369531 0.953241 0.141146 0.0916667 0.326796
5 0.427865 0.243981 0.0588542 0.0805556 0.330325
2 0.841927 0.104167 0.0130208 0.025 0.366357
2 0.209635 0.284259 0.0369792 0.0703704 0.372957
9 0.973958 0.737963 0.0125 0.0537037 0.388463
2 0.433333 0.282407 0.040625 0.0851852 0.422066
2 0.560417 0.208333 0.0302083 0.037037 0.439724
5 0.476302 0.203241 0.0578125 0.0824074 0.443935
0 0.940625 0.794444 0.025 0.0722222 0.450948
0 0.88151 0.744907 0.0182292 0.0712963 0.462212
0 0.929167 0.743981 0.015625 0.0657407 0.487767
2 0.528125 0.241204 0.040625 0.0435185 0.516326
2 0.813542 0.208796 0.0208333 0.0361111 0.538065
5 0.44974 0.210648 0.111979 0.100926 0.543272
7 0.273698 0.4375 0.0401042 0.106481 0.62852
7 0.417708 0.430556 0.0385417 0.105556 0.631442
2 0.428385 0.335648 0.0401042 0.0546296 0.636213
2 0.975521 0.927778 0.0489583 0.133333 0.645546
2 0.485938 0.273611 0.0395833 0.0472222 0.65349
5 0.189583 0.513426 0.084375 0.241667 0.724791
2 0.485156 0.413889 0.0421875 0.0851852 0.730773
7 0.478125 0.533333 0.11875 0.231481 0.842021
2 0.544531 0.501389 0.0807292 0.128704 0.865872
2 0.666146 0.626389 0.0895833 0.117593 0.866739
2 0.652083 0.706481 0.110417 0.140741 0.868945
2 0.791146 0.875926 0.128125 0.192593 0.910798
2 0.628906 0.838426 0.130729 0.184259 0.919209
