9 0.351562 0.353241 0.0125 0.0416667 0.254049
2 0.560417 0.208333 0.0302083 0.0407407 0.254237
0 0.352344 0.353704 0.0119792 0.0407407 0.307793
0 0.895312 0.441667 0.009375 0.0537037 0.309704
0 0.873177 0.444444 0.00989583 0.0518519 0.314314
2 0.839844 0.0990741 0.0171875 0.0296296 0.322301
5 0.232552 0.332407 0.0536458 0.105556 0.332401
0 0.884635 0.663889 0.0140625 0.0574074 0.333349
2 0.892448 0.970833 0.0942708 0.0546296 0.353852
0 0.913281 0.733796 0.0171875 0.0731481 0.383273
9 0.973698 0.738889 0.0119792 0.0518519 0.390913
7 0.232031 0.333333 0.0546875 0.105556 0.40182
7 0.665885 0.258333 0.0619792 0.0944444 0.409543
0 0.928906 0.741667 0.0140625 0.0703704 0.416536
2 0.488802 0.27037 0.0401042 0.0462963 0.486231
0 0.936979 0.793519 0.0197917 0.0703704 0.502639
2 0.459896 0.298148 0.0447917 0.0462963 0.536271
7 0.421094 0.431481 0.0598958 0.168519 0.633611
2 0.777083 0.344444 0.034375 0.0537037 0.64383
2 0.530729 0.2375 0.0375 0.0398148 0.654351
2 0.252344 0.40787 0.0328125 0.062037 0.664789
2 0.480469 0.356481 0.0338542 0.0685185 0.735794
2 0.527604 0.500926 0.0666667 0.0907407 0.790679
5 0.208333 0.557407 0.075 0.257407 0.800127
5 0.492448 0.191204 0.106771 0.10463 0.844245
2 0.480469 0.42963 0.0505208 0.0888889 0.856227
2 0.647656 0.623148 0.108854 0.15 0.8818
2 0.518229 0.573148 0.0791667 0.112963 0.895951
2 0.546094 0.74213 0.107813 0.165741 0.899543
2 0.725 0.796296 0.123958 0.17963 0.905665
