2 0.464323 0.402315 0.0359375 0.075 0.26035
7 0.227604 0.31713 0.0510417 0.0972222 0.28983
0 0.352865 0.353704 0.0119792 0.0407407 0.304052
2 0.57526 0.195833 0.0255208 0.0342593 0.307351
3 0.708333 0.708796 0.040625 0.0694444 0.309185
3 0.716406 0.721759 0.0234375 0.0546296 0.317267
0 0.884115 0.498611 0.00989583 0.0509259 0.324485
2 0.535417 0.249537 0.0364583 0.0509259 0.324586
9 0.973958 0.738889 0.0114583 0.0537037 0.330303
2 0.464063 0.353241 0.0364583 0.075 0.352402
2 0.488021 0.27037 0.0427083 0.0444444 0.387329
0 0.9375 0.793519 0.0208333 0.0703704 0.405196
5 0.227865 0.316204 0.0505208 0.0972222 0.407091
7 0.66276 0.252315 0.0588542 0.0805556 0.422209
0 0.928906 0.742593 0.0140625 0.0648148 0.447311
0 0.91224 0.743981 0.0151042 0.0675926 0.459018
0 0.904167 0.481481 0.0104167 0.0537037 0.475236
7 0.409635 0.37963 0.0442708 0.148148 0.696191
2 0.229167 0.882407 0.0895833 0.190741 0.698132
2 0.434115 0.476852 0.0536458 0.087037 0.821804
2 0.503125 0.475926 0.0697917 0.103704 0.857368
2 0.440104 0.605556 0.0739583 0.118519 0.859401
2 0.492188 0.55463 0.0791667 0.111111 0.873628
2 0.543229 0.440741 0.06875 0.0814815 0.885801
2 0.384375 0.506019 0.05 0.100926 0.889473
