2 0.840365 0.102315 0.0161458 0.0268519 0.264396
2 0.559375 0.206481 0.0322917 0.0351852 0.278848
2 0.53099 0.2375 0.0390625 0.0398148 0.279521
0 0.886198 0.593056 0.0109375 0.0564815 0.331866
0 0.899219 0.481019 0.0109375 0.0509259 0.367024
5 0.214583 0.288426 0.05625 0.102778 0.392822
9 0.974219 0.738426 0.0109375 0.0509259 0.414555
7 0.234375 0.39213 0.046875 0.150926 0.470432
2 0.727604 0.899537 0.127083 0.178704 0.505318
0 0.914323 0.733333 0.0182292 0.0833333 0.50733
5 0.533333 0.164352 0.0729167 0.0787037 0.538415
0 0.9375 0.792593 0.0208333 0.0703704 0.562886
2 0.46276 0.385648 0.0328125 0.0842593 0.583108
9 0.410156 0.39213 0.0432292 0.158333 0.61338
2 0.495573 0.313889 0.0411458 0.0611111 0.618622
0 0.928385 0.742593 0.0140625 0.0722222 0.65781
7 0.410156 0.39213 0.0442708 0.158333 0.667977
2 0.688021 0.451852 0.0833333 0.0722222 0.805097
2 0.484896 0.448611 0.0520833 0.0805556 0.815641
2 0.559896 0.533796 0.0875 0.115741 0.861677
2 0.457812 0.506019 0.0635417 0.100926 0.862837
2 0.436458 0.59537 0.075 0.12963 0.866945
2 0.589844 0.65463 0.100521 0.138889 0.88575
