0 0.916927 0.719444 0.0171875 0.0648148 0.262334
9 0.351562 0.352315 0.0135417 0.0416667 0.267485
5 0.209896 0.285185 0.0375 0.0722222 0.268785
0 0.959635 0.814352 0.0234375 0.0675926 0.277958
0 0.914062 0.735648 0.0166667 0.0657407 0.28673
2 0.841927 0.101852 0.0130208 0.0259259 0.383707
9 0.973958 0.738426 0.0125 0.0527778 0.395445
2 0.209635 0.284722 0.0369792 0.0712963 0.42231
7 0.272656 0.468056 0.0432292 0.123148 0.432808
5 0.272917 0.468981 0.04375 0.123148 0.437971
0 0.929427 0.740741 0.0171875 0.0722222 0.467016
2 0.426302 0.271759 0.0453125 0.0601852 0.47818
2 0.559375 0.210185 0.0291667 0.037037 0.50021
2 0.816927 0.198611 0.0171875 0.0361111 0.520425
0 0.88125 0.744907 0.0177083 0.0731481 0.537925
2 0.525521 0.240278 0.0375 0.0435185 0.558586
2 0.481771 0.278241 0.040625 0.0472222 0.58897
5 0.455729 0.205093 0.0989583 0.0861111 0.598181
7 0.419531 0.437963 0.0421875 0.107407 0.637108
2 0.422656 0.343519 0.0411458 0.0611111 0.724351
2 0.488802 0.418056 0.0453125 0.0824074 0.820801
2 0.705729 0.663426 0.0947917 0.137963 0.834643
7 0.485417 0.55 0.122917 0.242593 0.855525
5 0.183594 0.561574 0.0828125 0.258333 0.86785
2 0.557552 0.515741 0.0848958 0.125926 0.876297
2 0.664844 0.723611 0.108854 0.147222 0.905403
2 0.79375 0.877778 0.129167 0.190741 0.913869
2 0.63776 0.846759 0.127604 0.189815 0.921592
