2 0.48099 0.228704 0.0401042 0.0444444 0.255135
0 0.886198 0.956019 0.0182292 0.0712963 0.265428
0 0.832552 0.959259 0.0161458 0.0722222 0.281695
2 0.395833 0.314352 0.0541667 0.075 0.292453
2 0.253906 0.318056 0.0244792 0.0324074 0.335695
2 0.384375 0.325463 0.03125 0.0527778 0.345662
0 0.447656 0.658333 0.0296875 0.0907407 0.369916
0 0.911198 0.666204 0.0130208 0.0324074 0.373369
0 0.9125 0.868056 0.0208333 0.0675926 0.384927
2 0.840625 0.107407 0.0166667 0.0296296 0.412733
0 0.915625 0.485185 0.0125 0.0611111 0.43461
9 0.973958 0.737963 0.0125 0.0518519 0.528255
0 0.890885 0.68287 0.0140625 0.0731481 0.555569
5 0.443229 0.217593 0.11875 0.1 0.563486
2 0.445573 0.280093 0.0473958 0.0601852 0.693209
5 0.0729167 0.566667 0.145833 0.209259 0.814736
2 0.349219 0.725463 0.0859375 0.163889 0.855233
2 0.215625 0.473611 0.053125 0.0805556 0.860395
