0 0.9125 0.738426 0.0145833 0.0564815 0.281183
7 0.664062 0.256481 0.0583333 0.0888889 0.304833
9 0.973958 0.7375 0.0125 0.0527778 0.311307
0 0.896354 0.427315 0.0104167 0.0527778 0.325468
2 0.528906 0.239352 0.0359375 0.037963 0.336212
7 0.239063 0.350463 0.0489583 0.113889 0.339229
2 0.459115 0.299537 0.0411458 0.0435185 0.359762
2 0.488281 0.271296 0.0421875 0.0444444 0.371285
0 0.929167 0.739815 0.0135417 0.0703704 0.428263
0 0.880729 0.696759 0.0145833 0.062037 0.435887
2 0.7875 0.303241 0.0270833 0.0490741 0.441154
2 0.271354 0.326389 0.034375 0.0601852 0.524046
2 0.2125 0.464815 0.0479167 0.0666667 0.54661
2 0.479688 0.368981 0.0333333 0.0731481 0.668013
2 0.691927 0.662037 0.119271 0.164815 0.775185
7 0.426823 0.451852 0.0723958 0.183333 0.795926
2 0.490625 0.444444 0.0583333 0.0981481 0.797883
5 0.473698 0.200463 0.109896 0.106481 0.808572
5 0.225 0.658333 0.0895833 0.340741 0.820339
2 0.549219 0.518981 0.0692708 0.0990741 0.839608
2 0.76224 0.839815 0.126563 0.181481 0.859383
2 0.547135 0.605556 0.0859375 0.118519 0.896395
2 0.59349 0.799074 0.117188 0.175926 0.903217
