2 0.838802 0.118981 0.0151042 0.0305556 0.257882
0 0.916927 0.740741 0.0213542 0.0685185 0.259321
0 0.55 0.540741 0.028125 0.0685185 0.269682
5 0.219531 0.301389 0.0609375 0.113889 0.305263
7 0.665625 0.259722 0.0614583 0.0953704 0.317358
2 0.597917 0.190278 0.025 0.0361111 0.329022
3 0.550781 0.548148 0.0296875 0.062963 0.337169
0 0.938542 0.791667 0.0229167 0.0740741 0.357938
7 0.289323 0.377778 0.0807292 0.114815 0.38799
9 0.973958 0.738426 0.0114583 0.0527778 0.404012
2 0.533073 0.236574 0.0380208 0.0398148 0.418573
2 0.464844 0.402778 0.0359375 0.0685185 0.42226
2 0.490104 0.270833 0.0395833 0.0472222 0.430562
2 0.464323 0.349537 0.0359375 0.0638889 0.436531
0 0.904167 0.483333 0.0104167 0.0518519 0.468885
7 0.409375 0.380556 0.04375 0.146296 0.671344
2 0.228906 0.880556 0.0880208 0.188889 0.729303
2 0.495573 0.467593 0.0640625 0.0777778 0.74774
2 0.433594 0.476389 0.0515625 0.0898148 0.832742
2 0.438021 0.602315 0.0739583 0.125 0.847304
2 0.384896 0.505556 0.05 0.101852 0.867118
2 0.491667 0.553241 0.08125 0.110185 0.875439
2 0.542448 0.439815 0.0692708 0.0814815 0.880034
