5 0.477344 0.197685 0.0567708 0.0712963 0.263553
7 0.667708 0.257407 0.0645833 0.0907407 0.270297
0 0.893229 0.428704 0.0104167 0.0425926 0.302572
0 0.0591146 0.681481 0.0130208 0.05 0.332248
5 0.21224 0.2875 0.0401042 0.0787037 0.340184
0 0.922396 0.722222 0.0125 0.0518519 0.380435
0 0.973437 0.738889 0.0125 0.0518519 0.397467
2 0.21224 0.287963 0.0401042 0.0796296 0.39807
7 0.935938 0.942593 0.11875 0.109259 0.455637
2 0.839583 0.10787 0.015625 0.0287037 0.468104
0 0.881771 0.744907 0.0166667 0.0712963 0.473164
0 0.907031 0.577778 0.0151042 0.0648148 0.477637
2 0.461719 0.262963 0.0505208 0.0574074 0.503415
0 0.936458 0.797222 0.0229167 0.0685185 0.528969
5 0.44349 0.21713 0.122396 0.108333 0.653438
2 0.558333 0.187963 0.028125 0.0388889 0.669074
2 0.394792 0.294907 0.0489583 0.0564815 0.76097
2 0.397396 0.441667 0.0395833 0.0814815 0.849181
2 0.504948 0.601852 0.0838542 0.122222 0.886119
2 0.66276 0.645833 0.0932292 0.132407 0.8984
2 0.645052 0.749074 0.116146 0.155556 0.910718
