0 0.973698 0.737963 0.0130208 0.0555556 0.335156
2 0.254427 0.317593 0.0223958 0.0314815 0.481173
2 0.101302 0.6 0.0661458 0.109259 0.515691
0 0.864323 0.889352 0.0265625 0.0824074 0.615921
2 0.361719 0.316667 0.0494792 0.0481481 0.646779
7 0.544531 0.764352 0.101562 0.165741 0.688894
2 0.150781 0.526852 0.0557292 0.0796296 0.703905
5 0.423958 0.236111 0.129167 0.12037 0.706598
2 0.793229 0.289815 0.0291667 0.05 0.721129
7 0.660156 0.72963 0.110937 0.222222 0.743114
2 0.348958 0.724074 0.0854167 0.162963 0.814567
2 0.210938 0.477778 0.0645833 0.0925926 0.85085
