0 0.922396 0.722222 0.0166667 0.0722222 0.264075
0 0.0588542 0.623148 0.0114583 0.0444444 0.298716
7 0.663021 0.252778 0.0572917 0.0814815 0.363862
2 0.448958 0.258333 0.0416667 0.0462963 0.373819
2 0.490885 0.222222 0.0348958 0.037037 0.385735
9 0.974219 0.737037 0.0119792 0.0537037 0.386058
0 0.935938 0.797685 0.021875 0.0694444 0.388593
0 0.890625 0.474537 0.0125 0.062037 0.395087
2 0.209896 0.283796 0.0375 0.0768519 0.499531
0 0.882031 0.745833 0.0182292 0.075 0.522382
5 0.870833 0.878241 0.205208 0.239815 0.59589
2 0.396094 0.296296 0.0494792 0.0592593 0.642022
7 0.871615 0.878241 0.205729 0.237963 0.671683
5 0.441406 0.218519 0.125521 0.107407 0.674648
2 0.429427 0.48287 0.0526042 0.0916667 0.758956
2 0.63099 0.688426 0.119271 0.184259 0.770542
2 0.41875 0.338426 0.0510417 0.0638889 0.818696
2 0.391667 0.405093 0.034375 0.0787037 0.819361
2 0.469531 0.336111 0.0286458 0.0592593 0.826108
