2 0.561198 0.210185 0.0328125 0.0388889 0.256391
5 0.410417 0.38287 0.0427083 0.14537 0.298997
0 0.903385 0.481481 0.00989583 0.0537037 0.333445
0 0.928906 0.74213 0.0130208 0.0694444 0.379121
9 0.973958 0.738426 0.0114583 0.0527778 0.382759
0 0.973958 0.738889 0.0114583 0.0518519 0.395447
7 0.669792 0.263426 0.0677083 0.102778 0.405372
0 0.936979 0.793519 0.0197917 0.0685185 0.427167
0 0.88776 0.562963 0.0109375 0.0592593 0.431771
5 0.208594 0.278241 0.0505208 0.0953704 0.456805
2 0.530469 0.237037 0.0369792 0.0388889 0.465518
2 0.46276 0.368981 0.0348958 0.0768519 0.513077
2 0.501823 0.303241 0.0380208 0.0546296 0.557231
2 0.620573 0.805093 0.118229 0.163889 0.661464
7 0.410417 0.382407 0.04375 0.148148 0.702972
2 0.475 0.431481 0.0458333 0.0814815 0.752925
2 0.53776 0.497222 0.0880208 0.116667 0.830488
2 0.446354 0.494444 0.0583333 0.0962963 0.855253
2 0.409635 0.554167 0.0640625 0.113889 0.856969
2 0.610156 0.460185 0.0838542 0.0759259 0.886121
2 0.545833 0.609259 0.0927083 0.125926 0.907747
