5 0.446354 0.254167 0.0833333 0.0916667 0.286943
0 0.0869792 0.512963 0.025 0.0666667 0.287584
0 0.909635 0.705556 0.0140625 0.037037 0.322833
7 0.950781 0.298148 0.0984375 0.596296 0.3258
9 0.974219 0.738426 0.0119792 0.0527778 0.369731
2 0.840104 0.106481 0.0166667 0.0259259 0.409603
0 0.891146 0.716204 0.0145833 0.0638889 0.44364
2 0.482031 0.228241 0.0380208 0.0453704 0.45259
7 0.0320312 0.602315 0.0640625 0.117593 0.468051
5 0.0317708 0.602315 0.0635417 0.119444 0.478896
5 0.442187 0.22037 0.122917 0.112963 0.684193
2 0.149479 0.550463 0.075 0.0953704 0.784942
2 0.445833 0.279167 0.0458333 0.0564815 0.810255
2 0.349479 0.725 0.0864583 0.166667 0.823631
2 0.378125 0.329167 0.0604167 0.0861111 0.849527
