2 0.48125 0.228704 0.0395833 0.0444444 0.258931
0 0.836458 0.935185 0.01875 0.0833333 0.283378
2 0.401563 0.305556 0.046875 0.0555556 0.289019
9 0.351823 0.352778 0.0130208 0.0425926 0.292197
0 0.913542 0.650926 0.0104167 0.0277778 0.332303
0 0.447656 0.658333 0.0296875 0.0907407 0.368565
2 0.384635 0.324537 0.0328125 0.0546296 0.420812
0 0.91849 0.495833 0.0130208 0.0675926 0.446005
2 0.839844 0.107407 0.0171875 0.0277778 0.453901
0 0.891146 0.673148 0.015625 0.0703704 0.470739
2 0.254427 0.317593 0.0203125 0.0296296 0.472301
9 0.973958 0.737037 0.0125 0.0518519 0.551807
5 0.44375 0.217593 0.119792 0.101852 0.565288
2 0.445833 0.280093 0.046875 0.0583333 0.701044
0 0.907812 0.852315 0.021875 0.0824074 0.70879
2 0.232812 0.448148 0.0479167 0.0722222 0.84305
2 0.349219 0.725463 0.0859375 0.163889 0.86023
5 0.0861979 0.546296 0.168229 0.212963 0.889066
