2 0.210677 0.283333 0.0380208 0.0703704 0.325024
7 0.441146 0.48287 0.0541667 0.115741 0.357703
0 0.925521 0.734259 0.0208333 0.0851852 0.402768
7 0.551042 0.508333 0.0822917 0.118519 0.412411
0 0.936458 0.797685 0.0229167 0.0712963 0.423043
2 0.313542 0.946296 0.138542 0.107407 0.428111
9 0.973958 0.7375 0.0114583 0.0546296 0.459219
2 0.829167 0.156481 0.0197917 0.0259259 0.534374
0 0.882031 0.746296 0.0161458 0.0722222 0.568944
5 0.443229 0.21713 0.122917 0.108333 0.626952
2 0.534635 0.230093 0.0369792 0.0453704 0.63095
2 0.441146 0.48287 0.053125 0.113889 0.634595
2 0.49401 0.268981 0.0401042 0.0453704 0.636324
2 0.4125 0.34537 0.04375 0.062963 0.640997
2 0.552604 0.509722 0.0802083 0.117593 0.656624
2 0.395833 0.296296 0.0510417 0.0574074 0.688987
2 0.407292 0.426389 0.0364583 0.0675926 0.694371
7 0.416146 0.87037 0.151042 0.253704 0.728155
2 0.823958 0.777778 0.122917 0.185185 0.882434
7 0.517187 0.585648 0.1375 0.252778 0.889767
2 0.668229 0.726852 0.110417 0.15 0.909864
2 0.816146 0.901389 0.13125 0.189815 0.915837
2 0.667188 0.875463 0.133333 0.193519 0.915999
