0 0.921615 0.73287 0.0192708 0.0712963 0.262205
2 0.838802 0.117593 0.0171875 0.0388889 0.264461
0 0.929167 0.737037 0.0208333 0.0648148 0.288239
7 0.664583 0.25787 0.065625 0.0935185 0.3855
2 0.410677 0.318519 0.0578125 0.0648148 0.40404
2 0.210156 0.284722 0.0369792 0.075 0.404134
9 0.973958 0.738426 0.0114583 0.0527778 0.40675
2 0.448958 0.256481 0.0416667 0.0481481 0.416242
5 0.442187 0.218056 0.121875 0.108333 0.527598
2 0.507292 0.210648 0.0354167 0.0435185 0.541453
7 0.527604 0.574074 0.0958333 0.151852 0.549382
0 0.882552 0.742593 0.0161458 0.0666667 0.572257
2 0.894531 0.855093 0.120312 0.182407 0.601736
2 0.395312 0.29537 0.0510417 0.0574074 0.681533
2 0.48151 0.286111 0.0328125 0.05 0.761669
2 0.409896 0.447222 0.0416667 0.0722222 0.77679
2 0.390104 0.391204 0.0354167 0.0731481 0.786242
2 0.423698 0.334259 0.0494792 0.0592593 0.846598
7 0.717969 0.80463 0.206771 0.351852 0.918501
