0 0.902083 0.842593 0.0177083 0.0814815 0.271464
0 0.90599 0.819444 0.0130208 0.0333333 0.297209
2 0.843229 0.100926 0.0145833 0.0240741 0.381947
2 0.25599 0.318519 0.0234375 0.0333333 0.39551
9 0.974219 0.7375 0.0119792 0.0527778 0.397103
0 0.447917 0.657407 0.0322917 0.0888889 0.416264
7 0.95026 0.297222 0.0994792 0.594444 0.437682
0 0.88099 0.836574 0.0234375 0.0675926 0.464033
2 0.296354 0.407407 0.0635417 0.0851852 0.51563
5 0.442187 0.223611 0.11875 0.113889 0.570888
2 0.467708 0.238426 0.0375 0.0416667 0.733312
2 0.251042 0.414815 0.05625 0.0777778 0.826334
2 0.385938 0.323148 0.0489583 0.0666667 0.840183
2 0.349479 0.725926 0.0854167 0.164815 0.852931
2 0.594271 0.886574 0.113542 0.217593 0.871402
