2 0.523438 0.198611 0.03125 0.037963 0.262676
2 0.208073 0.266204 0.0328125 0.0398148 0.266332
0 0.920573 0.736574 0.0286458 0.0694444 0.267349
0 0.913281 0.735185 0.0161458 0.0611111 0.271905
2 0.840365 0.100463 0.0161458 0.025 0.286037
0 0.939844 0.791204 0.0234375 0.0712963 0.289534
9 0.973958 0.737037 0.0125 0.0537037 0.320073
0 0.896354 0.421759 0.0104167 0.0490741 0.32973
5 0.238802 0.368981 0.0421875 0.119444 0.331686
2 0.560677 0.208796 0.0286458 0.037963 0.360489
2 0.488802 0.270833 0.0411458 0.0435185 0.404544
7 0.668229 0.260185 0.0666667 0.0962963 0.42463
0 0.928125 0.740278 0.0145833 0.0675926 0.425876
2 0.529167 0.238889 0.0364583 0.0407407 0.443516
7 0.238542 0.365278 0.0427083 0.126852 0.463073
2 0.459896 0.298148 0.0427083 0.0462963 0.489285
2 0.791146 0.29213 0.0260417 0.0453704 0.502369
2 0.274479 0.33287 0.0322917 0.0657407 0.516797
0 0.88099 0.700463 0.0140625 0.0490741 0.538462
2 0.188021 0.502778 0.0572917 0.0888889 0.618897
2 0.479688 0.374074 0.034375 0.0759259 0.687664
2 0.497656 0.452778 0.0588542 0.101852 0.766625
2 0.714583 0.674537 0.125 0.173148 0.788307
7 0.429427 0.459259 0.0776042 0.188889 0.822921
5 0.469271 0.205093 0.111458 0.108333 0.857534
5 0.232812 0.703704 0.110417 0.37963 0.873101
2 0.55651 0.527315 0.0744792 0.0990741 0.886844
2 0.604427 0.811111 0.123438 0.177778 0.89191
2 0.559896 0.619907 0.0895833 0.126852 0.900549
2 0.771094 0.850463 0.127604 0.184259 0.915913
