2 0.0557292 0.644444 0.05 0.1 0.300875
7 0.796354 0.951852 0.09375 0.0907407 0.309002
0 0.973958 0.7375 0.0125 0.0564815 0.335358
7 0.672135 0.262963 0.0734375 0.107407 0.359431
7 0.947656 0.297685 0.104687 0.59537 0.415365
7 0.0505208 0.64537 0.0625 0.1 0.438372
2 0.254687 0.317593 0.021875 0.0351852 0.463368
2 0.555469 0.212963 0.0296875 0.0462963 0.632936
2 0.796875 0.951852 0.0927083 0.0925926 0.647543
7 0.767448 0.397222 0.0515625 0.111111 0.656784
2 0.81875 0.185648 0.0166667 0.0305556 0.688175
5 0.382292 0.263426 0.148958 0.134259 0.725974
2 0.716667 0.376389 0.04375 0.0694444 0.737332
0 0.879687 0.775926 0.0229167 0.087037 0.737461
2 0.349479 0.725 0.0864583 0.166667 0.822478
2 0.201302 0.452778 0.0578125 0.0759259 0.853948
