0 0.933594 0.525463 0.0171875 0.0601852 0.288009
0 0.917448 0.527778 0.0119792 0.0555556 0.312264
2 0.560938 0.170833 0.0239583 0.0287037 0.349164
2 0.210677 0.284259 0.0380208 0.0722222 0.350837
0 0.92474 0.733796 0.0213542 0.0824074 0.398817
0 0.883333 0.735185 0.0177083 0.0555556 0.411027
7 0.441406 0.487037 0.0526042 0.118519 0.448944
9 0.973958 0.7375 0.0114583 0.0546296 0.469108
2 0.829167 0.154167 0.015625 0.0268519 0.473562
7 0.557813 0.514352 0.11875 0.165741 0.480532
2 0.441667 0.4875 0.0520833 0.117593 0.495691
2 0.558073 0.513889 0.120312 0.164815 0.538121
7 0.477344 0.914352 0.161979 0.165741 0.554471
5 0.442708 0.215741 0.121875 0.105556 0.596329
2 0.530729 0.235648 0.0302083 0.0416667 0.608826
2 0.39401 0.36713 0.0338542 0.0564815 0.648712
2 0.407031 0.431019 0.0359375 0.0694444 0.680278
2 0.396354 0.296296 0.05 0.0574074 0.681014
2 0.485156 0.275926 0.0421875 0.0481481 0.717476
2 0.890104 0.843518 0.121875 0.188889 0.779326
2 0.845312 0.918519 0.140625 0.159259 0.831799
7 0.517448 0.584259 0.136979 0.253704 0.879775
2 0.680469 0.890278 0.135937 0.197222 0.898085
2 0.671094 0.731481 0.108854 0.148148 0.909233
