0 0.352083 0.353704 0.0135417 0.0425926 0.258244
0 0.973698 0.738889 0.0119792 0.0537037 0.259849
1 0.936458 0.796296 0.0229167 0.0722222 0.265579
0 0.0877604 0.511574 0.0255208 0.062037 0.271156
9 0.351823 0.353704 0.0140625 0.0425926 0.277893
9 0.590625 0.168981 0.0177083 0.0342593 0.289588
2 0.486198 0.227778 0.0348958 0.0351852 0.295074
0 0.929427 0.735648 0.0234375 0.0657407 0.29615
0 0.922917 0.724074 0.0177083 0.0722222 0.366334
9 0.973958 0.738426 0.0125 0.0546296 0.367054
7 0.663021 0.252778 0.05625 0.0814815 0.376339
2 0.209896 0.28287 0.0364583 0.0787037 0.386016
2 0.448958 0.258333 0.0416667 0.0444444 0.394022
0 0.0601562 0.635185 0.0119792 0.0574074 0.398574
0 0.893229 0.489815 0.0125 0.0592593 0.410453
0 0.882031 0.746759 0.0171875 0.0731481 0.58879
5 0.442969 0.219907 0.121354 0.106481 0.667133
2 0.675781 0.739352 0.126563 0.199074 0.718589
2 0.396094 0.296759 0.0494792 0.0583333 0.741365
2 0.394792 0.425926 0.0364583 0.0777778 0.767356
2 0.470573 0.370833 0.0317708 0.0675926 0.813531
2 0.442708 0.503241 0.059375 0.10463 0.815466
2 0.415625 0.343056 0.0479167 0.0638889 0.849899
