0 0.88724 0.448611 0.00989583 0.0435185 0.268738
3 0.558333 0.553241 0.0302083 0.0694444 0.278791
9 0.973958 0.744907 0.0114583 0.0472222 0.29344
2 0.839063 0.118519 0.0145833 0.0314815 0.29456
0 0.658854 0.313426 0.0125 0.075 0.319311
2 0.592708 0.196759 0.0239583 0.0342593 0.341641
0 0.938542 0.79213 0.0229167 0.075 0.368068
7 0.6625 0.256944 0.059375 0.0898148 0.384431
0 0.915365 0.7375 0.0192708 0.0824074 0.403752
2 0.489844 0.271759 0.0401042 0.0472222 0.425852
0 0.929167 0.738426 0.015625 0.0731481 0.429056
0 0.904688 0.483796 0.0104167 0.0527778 0.440632
2 0.532031 0.236111 0.0390625 0.0407407 0.449395
5 0.21849 0.298611 0.0630208 0.115741 0.455417
2 0.465104 0.402315 0.0364583 0.0694444 0.457145
7 0.245052 0.413426 0.0786458 0.123148 0.478371
2 0.464583 0.349537 0.0364583 0.0657407 0.488671
5 0.245052 0.413426 0.0786458 0.123148 0.544901
7 0.409375 0.380556 0.04375 0.148148 0.632917
2 0.228646 0.882407 0.0875 0.188889 0.727318
2 0.495052 0.466204 0.0661458 0.0935185 0.781784
2 0.433333 0.476389 0.0520833 0.0898148 0.835447
2 0.438021 0.602315 0.0729167 0.125 0.84706
2 0.384375 0.505556 0.05 0.101852 0.870475
2 0.491146 0.553241 0.0791667 0.110185 0.877286
2 0.542708 0.440278 0.06875 0.0805556 0.882356
