2 0.864062 0.0939815 0.0145833 0.0268519 0.268464
0 0.93776 0.799537 0.0182292 0.0601852 0.27592
9 0.973437 0.738426 0.0114583 0.0509259 0.329748
0 0.917188 0.722685 0.0166667 0.0694444 0.339051
0 0.861979 0.7875 0.0135417 0.0657407 0.3712
5 0.232292 0.325463 0.0552083 0.0990741 0.376611
0 0.972917 0.738426 0.0114583 0.0527778 0.403399
2 0.93724 0.970833 0.0911458 0.0546296 0.441832
2 0.232552 0.325 0.0557292 0.1 0.453339
0 0.889844 0.513426 0.00989583 0.0527778 0.471945
2 0.483073 0.227778 0.0348958 0.0407407 0.473748
0 0.952083 0.734259 0.0145833 0.062963 0.502292
2 0.839323 0.10787 0.0171875 0.0287037 0.507518
5 0.442969 0.221759 0.121354 0.100926 0.528881
7 0.232812 0.325926 0.0552083 0.0981481 0.529086
2 0.396354 0.316204 0.0541667 0.0768519 0.715682
2 0.271094 0.435185 0.0317708 0.0648148 0.727602
2 0.453385 0.269907 0.0442708 0.0564815 0.784228
2 0.678385 0.788889 0.129688 0.187037 0.923833
