5 0.209896 0.284259 0.0375 0.0722222 0.294073
2 0.842448 0.101852 0.0140625 0.0277778 0.319041
9 0.351562 0.351389 0.0135417 0.0416667 0.337049
2 0.556771 0.210648 0.0291667 0.0416667 0.384275
2 0.209635 0.283796 0.0369792 0.0712963 0.397072
0 0.928646 0.743056 0.0145833 0.0657407 0.399421
7 0.663021 0.251852 0.0572917 0.0796296 0.406559
9 0.974479 0.738426 0.0114583 0.0527778 0.458201
2 0.413802 0.28287 0.0442708 0.0472222 0.464528
0 0.934896 0.796759 0.0208333 0.0694444 0.464971
7 0.276563 0.509259 0.0489583 0.142593 0.472936
2 0.276302 0.509722 0.0494792 0.141667 0.518675
0 0.88099 0.745833 0.0203125 0.075 0.567725
2 0.81875 0.191204 0.01875 0.0305556 0.590942
2 0.521354 0.24537 0.0375 0.0425926 0.644951
2 0.494531 0.430093 0.0494792 0.0861111 0.647728
2 0.47474 0.284722 0.0421875 0.0490741 0.64942
5 0.444271 0.21713 0.11875 0.108333 0.652477
7 0.42526 0.447685 0.0484375 0.110185 0.679052
2 0.4125 0.359259 0.0427083 0.0648148 0.742292
5 0.182812 0.630556 0.0822917 0.309259 0.74383
2 0.580469 0.541204 0.0859375 0.117593 0.832184
2 0.763542 0.72037 0.0989583 0.138889 0.84283
7 0.499219 0.563889 0.131771 0.237037 0.878305
2 0.66849 0.727778 0.109896 0.151852 0.895862
2 0.795313 0.877778 0.129167 0.192593 0.911221
2 0.64375 0.853704 0.134375 0.188889 0.91634
