0 0.927083 0.734259 0.01875 0.0722222 0.253341
0 0.921615 0.499074 0.0171875 0.062963 0.257994
2 0.45026 0.260185 0.0390625 0.0444444 0.267216
2 0.833073 0.14213 0.0161458 0.025 0.268709
9 0.351302 0.352315 0.0130208 0.0398148 0.270133
2 0.841667 0.101852 0.0135417 0.0259259 0.294935
0 0.0635417 0.583796 0.015625 0.0509259 0.295694
0 0.936458 0.796759 0.0229167 0.0694444 0.358025
9 0.973698 0.738426 0.0119792 0.0546296 0.390082
0 0.905469 0.493981 0.0140625 0.0601852 0.424244
2 0.209635 0.284722 0.0390625 0.075 0.490532
0 0.88151 0.746296 0.0192708 0.0759259 0.567056
2 0.396094 0.295833 0.0484375 0.0583333 0.639058
2 0.535156 0.186111 0.0286458 0.0351852 0.660721
2 0.511198 0.252315 0.0380208 0.0453704 0.663653
5 0.44349 0.218056 0.123438 0.112037 0.68443
2 0.450781 0.49213 0.0640625 0.121296 0.703552
2 0.758594 0.934259 0.132812 0.127778 0.760922
2 0.452083 0.305556 0.0489583 0.0574074 0.793488
2 0.407813 0.441204 0.034375 0.0694444 0.795011
2 0.389583 0.386574 0.0385417 0.0712963 0.820992
2 0.821094 0.853704 0.122396 0.166667 0.844549
2 0.664062 0.621759 0.101042 0.137963 0.878194
7 0.544792 0.62037 0.153125 0.264815 0.883599
