2 0.480729 0.229167 0.0375 0.0416667 0.300138
9 0.352344 0.350926 0.0130208 0.0444444 0.311227
0 0.909896 0.666204 0.015625 0.0712963 0.394907
0 0.83776 0.915741 0.0161458 0.0722222 0.396105
0 0.919792 0.5 0.0145833 0.0648148 0.406514
5 0.441406 0.217593 0.125521 0.107407 0.419261
2 0.395573 0.319907 0.0546875 0.0694444 0.431132
2 0.841406 0.106481 0.0161458 0.0333333 0.461942
0 0.90651 0.835185 0.0213542 0.0814815 0.480414
9 0.973958 0.7375 0.0114583 0.0527778 0.511568
0 0.891146 0.658796 0.0135417 0.0638889 0.596807
2 0.444792 0.280556 0.0479167 0.0611111 0.676141
2 0.244271 0.434722 0.04375 0.0694444 0.803948
2 0.349219 0.723611 0.0848958 0.162037 0.814375
5 0.101562 0.534722 0.173958 0.228704 0.886753
