2 0.839844 0.110648 0.0161458 0.0342593 0.291854
9 0.974219 0.738889 0.0119792 0.0537037 0.329177
0 0.913021 0.740278 0.0177083 0.0768519 0.329545
7 0.666146 0.25787 0.0645833 0.0935185 0.330627
0 0.884635 0.471759 0.0109375 0.0509259 0.344908
0 0.928906 0.740741 0.0161458 0.0703704 0.384387
3 0.614844 0.616204 0.0348958 0.0657407 0.385168
0 0.93776 0.792593 0.0213542 0.0703704 0.396073
2 0.593229 0.181944 0.021875 0.0324074 0.402351
2 0.4875 0.270833 0.0447917 0.0453704 0.429886
2 0.464844 0.403704 0.0359375 0.0685185 0.475536
5 0.222135 0.306481 0.0588542 0.107407 0.481173
2 0.530729 0.236111 0.0375 0.0388889 0.507182
2 0.564583 0.225 0.0302083 0.0407407 0.519911
0 0.903906 0.483796 0.0109375 0.0527778 0.539156
2 0.464063 0.352778 0.0364583 0.0703704 0.53995
2 0.227344 0.88287 0.0901042 0.191667 0.651704
7 0.409896 0.378704 0.04375 0.146296 0.67594
2 0.507552 0.474537 0.0526042 0.0935185 0.679124
7 0.0710938 0.575 0.0859375 0.155556 0.710665
2 0.433333 0.476852 0.0520833 0.0888889 0.825387
2 0.491667 0.553704 0.0791667 0.111111 0.85842
2 0.438021 0.602315 0.0729167 0.125 0.862926
2 0.542969 0.439815 0.0682292 0.0814815 0.880392
2 0.384375 0.506019 0.05 0.100926 0.881205
