2 0.48125 0.228704 0.0395833 0.0444444 0.2514
2 0.401302 0.305556 0.0473958 0.0555556 0.278497
9 0.351823 0.352778 0.0130208 0.0425926 0.286683
0 0.913802 0.651852 0.0109375 0.0296296 0.29446
0 0.447656 0.658333 0.0296875 0.0907407 0.367823
0 0.918229 0.49537 0.0135417 0.0703704 0.389446
2 0.384635 0.324537 0.0328125 0.0546296 0.412085
2 0.839844 0.106944 0.0171875 0.0287037 0.44503
2 0.254427 0.31713 0.0203125 0.0305556 0.461391
0 0.890885 0.672222 0.0151042 0.0666667 0.493215
9 0.973958 0.7375 0.0125 0.0527778 0.541952
5 0.44375 0.217593 0.119792 0.101852 0.569584
0 0.909115 0.852778 0.0213542 0.0851852 0.700768
2 0.445833 0.280556 0.046875 0.0592593 0.713195
2 0.23125 0.450926 0.0479167 0.0722222 0.84587
2 0.349219 0.725463 0.0859375 0.163889 0.85948
5 0.0830729 0.54537 0.164062 0.207407 0.86555
