0 0.973698 0.739352 0.0119792 0.0527778 0.250538
0 0.938021 0.799074 0.0239583 0.0685185 0.258449
9 0.973698 0.740741 0.0119792 0.0537037 0.266952
0 0.892708 0.478241 0.0104167 0.0564815 0.277528
0 0.941927 0.674537 0.0140625 0.0601852 0.305559
7 0.223698 0.308333 0.0484375 0.087037 0.364824
2 0.840365 0.107407 0.0161458 0.0296296 0.37908
2 0.944531 0.974537 0.0984375 0.0509259 0.379878
0 0.0554687 0.735185 0.0140625 0.0648148 0.38361
2 0.396615 0.320833 0.0536458 0.0694444 0.499147
5 0.44375 0.218519 0.121875 0.109259 0.56586
2 0.223958 0.308333 0.0479167 0.0888889 0.572545
2 0.474479 0.246759 0.0458333 0.0712963 0.616603
0 0.874219 0.764352 0.0161458 0.0694444 0.632884
2 0.276042 0.353704 0.0302083 0.0481481 0.674502
2 0.977865 0.939352 0.0442708 0.115741 0.709122
2 0.529948 0.630093 0.0994792 0.137963 0.899119
2 0.75651 0.8625 0.128646 0.178704 0.911248
