0 0.872396 0.443519 0.0114583 0.0537037 0.253939
0 0.936719 0.797222 0.0223958 0.0703704 0.273283
2 0.841667 0.102778 0.0135417 0.0259259 0.282577
2 0.45 0.259259 0.0385417 0.0444444 0.303193
2 0.779427 0.947222 0.127604 0.103704 0.311187
2 0.401563 0.412963 0.0427083 0.0740741 0.335516
2 0.834115 0.140278 0.0161458 0.025 0.355363
0 0.0643229 0.583333 0.0140625 0.05 0.379761
9 0.973698 0.738426 0.0119792 0.0546296 0.417451
2 0.209635 0.284259 0.0390625 0.0759259 0.453853
0 0.904427 0.483333 0.0119792 0.062963 0.476412
0 0.88151 0.746759 0.0192708 0.075 0.514981
2 0.531771 0.193056 0.0322917 0.0342593 0.557705
2 0.396615 0.296296 0.0484375 0.0592593 0.578616
7 0.779427 0.947222 0.126563 0.103704 0.591553
2 0.50625 0.256019 0.0364583 0.0472222 0.605733
2 0.888802 0.885185 0.119271 0.157407 0.675433
5 0.44349 0.218519 0.122396 0.112963 0.693494
2 0.457031 0.498611 0.0723958 0.121296 0.722885
2 0.389583 0.389352 0.0395833 0.075 0.742263
2 0.44375 0.313889 0.046875 0.0555556 0.797915
2 0.408854 0.441204 0.0364583 0.0675926 0.804166
2 0.690885 0.647685 0.103646 0.143519 0.857875
7 0.563542 0.646296 0.1625 0.285185 0.900698
