2 0.254948 0.318056 0.0192708 0.0305556 0.251864
0 0.902344 0.8375 0.0182292 0.0657407 0.280214
0 0.449219 0.660185 0.0338542 0.0925926 0.280901
0 0.974219 0.738426 0.0119792 0.0546296 0.281431
5 0.466146 0.239815 0.0364583 0.0407407 0.297101
5 0.47526 0.192593 0.0557292 0.0592593 0.30827
9 0.973958 0.737963 0.0114583 0.0537037 0.36735
2 0.842708 0.1 0.0145833 0.0259259 0.374675
2 0.28099 0.419907 0.0369792 0.062037 0.411892
2 0.295312 0.410185 0.0635417 0.0796296 0.474376
0 0.88151 0.843056 0.0223958 0.0768519 0.502148
5 0.442187 0.225463 0.116667 0.115741 0.608091
2 0.349219 0.723611 0.0848958 0.165741 0.781468
2 0.466146 0.239815 0.0364583 0.0425926 0.784611
2 0.244531 0.417593 0.0578125 0.0814815 0.791318
2 0.381771 0.325463 0.0510417 0.062037 0.843489
2 0.604427 0.868519 0.108854 0.198148 0.892052
