0 0.9375 0.798611 0.0177083 0.0675926 0.261464
0 0.889844 0.540278 0.0119792 0.0564815 0.308638
7 0.240885 0.351389 0.0442708 0.115741 0.315723
2 0.241406 0.351852 0.0442708 0.116667 0.33808
0 0.99349 0.626389 0.0130208 0.0694444 0.344085
0 0.926823 0.748148 0.0151042 0.0592593 0.346619
2 0.480469 0.229167 0.0348958 0.0416667 0.365031
0 0.910417 0.746759 0.015625 0.0768519 0.366967
2 0.839583 0.109259 0.0145833 0.0259259 0.435849
0 0.850521 0.823611 0.0145833 0.0638889 0.459437
5 0.434635 0.224074 0.110937 0.101852 0.49328
0 0.973437 0.738426 0.0114583 0.0546296 0.497393
0 0.447656 0.6625 0.0317708 0.0972222 0.497496
0 0.947917 0.749074 0.0145833 0.0481481 0.511203
2 0.448177 0.274074 0.0432292 0.062963 0.718637
2 0.395833 0.319444 0.05625 0.0703704 0.72547
2 0.282813 0.534259 0.0447917 0.107407 0.845776
2 0.797917 0.904167 0.144792 0.186111 0.912936
