2 0.841667 0.102778 0.0135417 0.0259259 0.256184
0 0.921094 0.507407 0.0151042 0.062963 0.315471
0 0.936458 0.796759 0.0229167 0.0694444 0.365781
2 0.833073 0.142593 0.0151042 0.0259259 0.380892
0 0.0638021 0.581019 0.0151042 0.0527778 0.383366
9 0.973698 0.738426 0.0119792 0.0546296 0.393629
2 0.209635 0.284259 0.0390625 0.0759259 0.457179
2 0.539583 0.184259 0.028125 0.0333333 0.529394
0 0.905208 0.493981 0.0125 0.0472222 0.559336
0 0.88151 0.746296 0.0192708 0.0759259 0.559707
2 0.936979 0.972685 0.0854167 0.0527778 0.595819
2 0.396094 0.295833 0.0484375 0.0583333 0.605101
2 0.449219 0.490741 0.0619792 0.12037 0.66347
5 0.44375 0.218056 0.122917 0.112037 0.708503
2 0.514583 0.250926 0.0354167 0.0425926 0.72867
2 0.457031 0.299537 0.0463542 0.0546296 0.75863
2 0.407552 0.441204 0.0338542 0.0694444 0.776358
2 0.389844 0.386111 0.0380208 0.0685185 0.790016
2 0.748438 0.928241 0.139583 0.141667 0.820052
2 0.785677 0.827778 0.121354 0.159259 0.875243
2 0.64974 0.609722 0.0994792 0.134259 0.885409
7 0.53776 0.60787 0.147396 0.258333 0.889859
