2 0.489583 0.270833 0.0354167 0.0398148 0.25894
7 0.236458 0.340741 0.053125 0.109259 0.288318
5 0.23724 0.341667 0.0546875 0.107407 0.289907
3 0.986198 0.948148 0.0276042 0.0703704 0.294098
9 0.410156 0.381019 0.0421875 0.14537 0.294801
0 0.886719 0.535648 0.0109375 0.0527778 0.309192
0 0.903646 0.481481 0.0104167 0.0555556 0.375996
0 0.9375 0.793519 0.0197917 0.0685185 0.442062
2 0.56224 0.206944 0.0286458 0.0342593 0.452268
2 0.530469 0.235648 0.0359375 0.037963 0.47148
2 0.510677 0.291667 0.0401042 0.0574074 0.477867
9 0.973958 0.738426 0.0114583 0.0509259 0.488114
2 0.461979 0.360185 0.0333333 0.0759259 0.495175
0 0.914062 0.735648 0.0166667 0.0824074 0.521298
0 0.929427 0.743056 0.0151042 0.0712963 0.553644
7 0.410417 0.380556 0.04375 0.148148 0.555494
5 0.410417 0.380093 0.04375 0.147222 0.574365
2 0.467969 0.415278 0.0401042 0.075 0.697968
2 0.257031 0.927315 0.113021 0.141667 0.786419
2 0.39349 0.524074 0.0546875 0.103704 0.840717
2 0.528125 0.712037 0.0979167 0.153704 0.869122
2 0.565104 0.45 0.075 0.0833333 0.874808
2 0.439063 0.4875 0.0572917 0.0935185 0.877931
2 0.519531 0.485185 0.0765625 0.107407 0.879907
2 0.514323 0.576389 0.0848958 0.117593 0.904033
