0 0.947917 0.558796 0.0145833 0.0583333 0.250226
2 0.402083 0.304167 0.0427083 0.0564815 0.297969
2 0.245052 0.294907 0.0203125 0.0324074 0.32062
0 0.911979 0.797685 0.015625 0.0601852 0.330726
0 0.448177 0.660648 0.0317708 0.0935185 0.354133
0 0.924479 0.755093 0.015625 0.0546296 0.37271
0 0.896875 0.800463 0.0145833 0.0601852 0.393669
9 0.974479 0.737037 0.0125 0.05 0.400985
2 0.384375 0.325 0.0333333 0.0574074 0.479045
0 0.936979 0.797685 0.01875 0.0712963 0.503596
2 0.269271 0.348611 0.0291667 0.0416667 0.517694
2 0.839323 0.109722 0.0161458 0.0268519 0.524237
0 0.85026 0.821759 0.0151042 0.0638889 0.566977
2 0.480208 0.228241 0.0375 0.0416667 0.568879
5 0.434115 0.224074 0.100521 0.0981481 0.573995
0 0.8875 0.594907 0.0135417 0.062037 0.649323
2 0.445312 0.280093 0.0479167 0.0657407 0.778555
5 0.201302 0.421759 0.102604 0.175 0.817429
2 0.332812 0.688426 0.0770833 0.152778 0.901669
