2 0.490365 0.270833 0.0338542 0.0398148 0.258056
5 0.553906 0.150926 0.0432292 0.0574074 0.31178
5 0.238542 0.345833 0.0510417 0.113889 0.329831
0 0.903906 0.481481 0.00989583 0.0555556 0.343275
7 0.264844 0.9375 0.106771 0.121296 0.366179
9 0.974219 0.737963 0.0119792 0.0518519 0.456214
0 0.93776 0.793056 0.0203125 0.0694444 0.502386
2 0.529688 0.237037 0.0354167 0.0388889 0.502985
7 0.410156 0.380556 0.0432292 0.146296 0.550929
2 0.508594 0.293056 0.0411458 0.0583333 0.556977
2 0.56276 0.206481 0.0296875 0.0333333 0.558039
0 0.913802 0.733796 0.0182292 0.0824074 0.559393
0 0.929167 0.743981 0.0145833 0.0694444 0.567135
5 0.410417 0.380556 0.04375 0.146296 0.569166
2 0.4625 0.359259 0.0354167 0.0740741 0.598821
2 0.547917 0.734259 0.103125 0.151852 0.689162
2 0.469792 0.418981 0.040625 0.0731481 0.810941
2 0.572917 0.452778 0.075 0.0851852 0.833914
2 0.396875 0.528241 0.05625 0.110185 0.835409
2 0.522917 0.493981 0.078125 0.121296 0.869412
2 0.441406 0.491204 0.0588542 0.0935185 0.87076
2 0.519792 0.58287 0.0895833 0.119444 0.912312
