7 0.667188 0.260185 0.0625 0.0962963 0.252199
0 0.0414063 0.547685 0.0140625 0.0472222 0.270488
0 0.0609375 0.667593 0.0145833 0.0537037 0.31098
0 0.791927 0.980093 0.0171875 0.037963 0.318248
2 0.840365 0.108333 0.0151042 0.0277778 0.335854
0 0.922396 0.723148 0.0177083 0.0722222 0.35436
0 0.447396 0.656482 0.0302083 0.0888889 0.36627
2 0.210417 0.285185 0.0354167 0.0722222 0.383149
0 0.0875 0.5125 0.025 0.0638889 0.384401
9 0.973958 0.7375 0.0114583 0.0509259 0.423717
2 0.590625 0.162963 0.0208333 0.0314815 0.450377
0 0.897917 0.540741 0.0125 0.0648148 0.470538
2 0.482031 0.227315 0.0348958 0.0398148 0.503272
7 0.847135 0.898148 0.146354 0.2 0.51525
5 0.425521 0.224537 0.0854167 0.0935185 0.517848
0 0.882031 0.74537 0.0171875 0.0722222 0.531156
2 0.450521 0.25787 0.0427083 0.0453704 0.540857
2 0.513021 0.223611 0.0395833 0.0546296 0.572043
2 0.395052 0.295833 0.0505208 0.0564815 0.759397
2 0.392708 0.393981 0.0395833 0.075 0.820921
2 0.444271 0.524537 0.0645833 0.100926 0.884825
2 0.555469 0.531018 0.0692708 0.108333 0.885091
2 0.55 0.655093 0.0947917 0.128704 0.886408
