7 0.950781 0.297222 0.0984375 0.594444 0.276004
2 0.308073 0.400926 0.0411458 0.05 0.291677
25 0.541667 0.9875 0.065625 0.0212963 0.311179
2 0.0208333 0.68287 0.0416667 0.075 0.311692
5 0.47526 0.194444 0.0578125 0.062963 0.350992
0 0.95 0.978241 0.0229167 0.0416667 0.351192
2 0.310417 0.381481 0.0791667 0.087037 0.371253
0 0.904688 0.801389 0.015625 0.0546296 0.406168
9 0.974219 0.7375 0.0119792 0.0527778 0.420499
0 0.447917 0.658333 0.03125 0.087037 0.436945
2 0.473958 0.234722 0.034375 0.0398148 0.482425
2 0.255729 0.317593 0.0229167 0.0314815 0.506775
0 0.883854 0.806019 0.015625 0.0601852 0.534377
5 0.420833 0.235185 0.075 0.0981481 0.585093
2 0.28724 0.38287 0.0557292 0.0731481 0.729317
2 0.407813 0.305556 0.0479167 0.0574074 0.757334
2 0.349479 0.725463 0.0854167 0.163889 0.853976
