0 0.0872396 0.511111 0.0255208 0.062963 0.25056
5 0.445312 0.25 0.090625 0.0981481 0.251777
0 0.914323 0.787037 0.0140625 0.0518519 0.253757
0 0.901042 0.777778 0.0177083 0.0740741 0.271183
2 0.839583 0.110185 0.0145833 0.0259259 0.295507
0 0.447135 0.659722 0.0307292 0.0935185 0.360901
0 0.936198 0.799537 0.0161458 0.0638889 0.399009
0 0.945052 0.749537 0.0119792 0.0453704 0.399154
9 0.973698 0.737963 0.0130208 0.0518519 0.405992
0 0.88776 0.568519 0.0130208 0.0685185 0.418983
0 0.85 0.824537 0.0135417 0.0601852 0.420505
2 0.48151 0.227778 0.0348958 0.0388889 0.486103
5 0.442187 0.22037 0.122917 0.112963 0.607801
2 0.263802 0.326389 0.0244792 0.037963 0.638796
2 0.89401 0.957407 0.117188 0.0833333 0.656364
2 0.394792 0.323148 0.053125 0.062963 0.687936
5 0.230729 0.379167 0.053125 0.137963 0.712326
2 0.445312 0.277315 0.0479167 0.062037 0.717643
2 0.307813 0.627778 0.0614583 0.133333 0.883584
