0 0.0875 0.510648 0.025 0.0601852 0.257928
2 0.841927 0.103241 0.0161458 0.0305556 0.269313
0 0.909635 0.444907 0.0130208 0.0601852 0.283999
5 0.428385 0.268056 0.0567708 0.0898148 0.335289
0 0.904948 0.764352 0.0161458 0.0694444 0.356348
9 0.973958 0.737963 0.0114583 0.0518519 0.454625
5 0.476562 0.196759 0.0572917 0.0675926 0.462975
0 0.884375 0.768056 0.015625 0.0694444 0.485325
0 0.0828125 0.966667 0.0291667 0.0648148 0.501403
2 0.340365 0.35 0.0786458 0.0796296 0.575559
5 0.421354 0.236574 0.0791667 0.0972222 0.625629
2 0.429948 0.291667 0.0442708 0.0537037 0.7737
2 0.0643229 0.63287 0.0692708 0.0935185 0.819029
2 0.35 0.726389 0.0864583 0.163889 0.858966
