0 0.886458 0.459259 0.0114583 0.0518519 0.289806
0 0.659115 0.313889 0.0130208 0.0759259 0.298418
9 0.973698 0.738426 0.0109375 0.0546296 0.317316
0 0.9375 0.793981 0.0208333 0.0712963 0.3459
7 0.663021 0.256019 0.0604167 0.087963 0.374698
3 0.570312 0.568056 0.0322917 0.0638889 0.394147
0 0.904427 0.48287 0.0109375 0.0527778 0.416953
2 0.489583 0.271296 0.040625 0.0462963 0.427765
2 0.465365 0.40787 0.0359375 0.0601852 0.428517
5 0.216927 0.29537 0.0671875 0.131481 0.429339
2 0.464323 0.351852 0.0369792 0.0703704 0.468826
0 0.928906 0.739815 0.0161458 0.0759259 0.471421
0 0.915104 0.737037 0.0197917 0.0814815 0.471967
2 0.53099 0.236574 0.0369792 0.0398148 0.551872
7 0.196094 0.458333 0.0838542 0.131481 0.626215
7 0.409635 0.380556 0.0442708 0.148148 0.664964
2 0.228125 0.882407 0.0885417 0.190741 0.693011
2 0.495573 0.463426 0.0661458 0.0990741 0.774477
2 0.433333 0.476852 0.0520833 0.0888889 0.838713
2 0.438021 0.602315 0.0729167 0.125 0.839696
2 0.491406 0.553241 0.0786458 0.110185 0.871252
2 0.384375 0.505556 0.05 0.101852 0.872601
2 0.542448 0.439815 0.0692708 0.0796296 0.878733
