0 0.876823 0.9625 0.0161458 0.0546296 0.258286
0 0.0872396 0.513426 0.0244792 0.0657407 0.270376
5 0.421094 0.25787 0.0567708 0.0768519 0.284505
9 0.974219 0.7375 0.0119792 0.0527778 0.311653
2 0.541146 0.984722 0.0927083 0.0268519 0.334013
2 0.254948 0.316204 0.0213542 0.0324074 0.351034
7 0.952083 0.299074 0.0958333 0.592593 0.556312
2 0.421615 0.274537 0.0411458 0.0509259 0.676922
2 0.053125 0.600926 0.0604167 0.0962963 0.682999
2 0.282031 0.412963 0.0723958 0.0759259 0.694932
5 0.441146 0.220833 0.122917 0.115741 0.736397
2 0.761458 0.409259 0.04375 0.0740741 0.783472
2 0.191667 0.503241 0.0708333 0.112037 0.812199
2 0.349219 0.725463 0.0859375 0.163889 0.836975
