9 0.351042 0.35463 0.0145833 0.0425926 0.260933
2 0.254687 0.31713 0.0208333 0.0324074 0.338852
2 0.547135 0.193056 0.0317708 0.0324074 0.344032
2 0.779948 0.359259 0.0463542 0.0981481 0.403943
2 0.597135 0.17963 0.0286458 0.0333333 0.430524
7 0.780469 0.358796 0.0473958 0.0972222 0.569047
0 0.884115 0.748148 0.0213542 0.0814815 0.675545
2 0.822656 0.172222 0.0161458 0.0296296 0.690865
2 0.734635 0.330093 0.0369792 0.062037 0.704604
2 0.533333 0.228704 0.034375 0.0425926 0.732621
2 0.15651 0.494907 0.0598958 0.075 0.831224
2 0.349479 0.725463 0.0854167 0.163889 0.838802
2 0.807292 0.935648 0.101042 0.126852 0.864548
5 0.36875 0.275926 0.151042 0.146296 0.865017
