7 0.666406 0.258333 0.0651042 0.0944444 0.345842
2 0.449219 0.256019 0.0421875 0.0490741 0.360489
0 0.92526 0.731481 0.0255208 0.0851852 0.389979
9 0.973958 0.737963 0.0114583 0.0537037 0.394023
2 0.410417 0.318056 0.059375 0.0638889 0.39589
2 0.524479 0.573148 0.09375 0.148148 0.398085
2 0.210417 0.284259 0.0364583 0.0759259 0.407676
7 0.525 0.572685 0.09375 0.149074 0.452225
5 0.442448 0.218519 0.122396 0.109259 0.468201
2 0.505469 0.211111 0.0317708 0.0425926 0.59216
0 0.883073 0.740741 0.0161458 0.0648148 0.617306
2 0.395573 0.295833 0.0515625 0.0564815 0.667558
2 0.48151 0.286111 0.0338542 0.0518519 0.713707
2 0.411198 0.446759 0.0380208 0.075 0.756924
2 0.890104 0.849537 0.119792 0.182407 0.771129
2 0.390104 0.391204 0.0354167 0.0731481 0.774346
2 0.423698 0.334259 0.0494792 0.0592593 0.824896
7 0.714323 0.802315 0.206771 0.358333 0.906065
