7 0.663542 0.252778 0.05625 0.0814815 0.251342
2 0.842188 0.101852 0.0145833 0.0259259 0.266994
0 0.959375 0.81713 0.021875 0.0638889 0.299804
0 0.886719 0.54537 0.0119792 0.0537037 0.33821
2 0.275521 0.945833 0.0979167 0.106481 0.341075
7 0.273438 0.94537 0.0979167 0.107407 0.341435
0 0.913021 0.738426 0.0166667 0.0731481 0.354688
0 0.448958 0.658796 0.028125 0.087963 0.367998
9 0.410417 0.381481 0.0427083 0.144444 0.375582
0 0.903385 0.481944 0.00989583 0.0564815 0.440854
9 0.973698 0.738426 0.0119792 0.0509259 0.442124
0 0.93776 0.793519 0.0203125 0.0685185 0.446651
2 0.56224 0.205556 0.0296875 0.0333333 0.476386
2 0.507292 0.296759 0.0416667 0.0527778 0.478837
2 0.4625 0.359259 0.0354167 0.0722222 0.515598
2 0.530469 0.236574 0.0359375 0.0398148 0.516157
0 0.929167 0.742593 0.015625 0.0703704 0.524161
2 0.558854 0.746296 0.104167 0.155556 0.604661
7 0.410417 0.381019 0.04375 0.147222 0.664729
2 0.469531 0.419444 0.0432292 0.0777778 0.781905
2 0.523177 0.493519 0.0786458 0.112963 0.829509
2 0.397917 0.533796 0.0572917 0.112037 0.833214
2 0.523438 0.587037 0.0927083 0.12037 0.858647
2 0.441927 0.491667 0.0588542 0.0981481 0.862233
2 0.578125 0.455556 0.0760417 0.0833333 0.868308
