2 0.839583 0.110185 0.0145833 0.0259259 0.29345
0 0.901563 0.776852 0.0166667 0.0722222 0.351883
0 0.447135 0.659722 0.0307292 0.0935185 0.360742
0 0.935677 0.801852 0.0151042 0.0611111 0.375078
9 0.973698 0.737963 0.0130208 0.0518519 0.389164
0 0.85 0.824537 0.0135417 0.0601852 0.399537
0 0.945573 0.751852 0.0130208 0.0462963 0.408068
2 0.481771 0.228241 0.034375 0.037963 0.427024
0 0.88776 0.568981 0.0130208 0.0675926 0.433458
5 0.442187 0.22037 0.122917 0.112963 0.624402
2 0.26224 0.325 0.0255208 0.037037 0.630494
2 0.394792 0.323611 0.053125 0.0638889 0.672292
2 0.888802 0.952778 0.120312 0.0925926 0.704291
2 0.445312 0.276389 0.0479167 0.0638889 0.710728
5 0.232292 0.37963 0.053125 0.138889 0.766515
2 0.305469 0.619444 0.0598958 0.133333 0.874516
