2 0.491406 0.27037 0.0359375 0.0407407 0.262157
7 0.263281 0.940278 0.0963542 0.117593 0.304278
0 0.903646 0.481481 0.0104167 0.0555556 0.382362
2 0.270312 0.940278 0.0989583 0.115741 0.393182
9 0.974219 0.737963 0.0119792 0.0518519 0.454553
2 0.529688 0.236574 0.0354167 0.0398148 0.471729
0 0.93776 0.793519 0.0203125 0.0685185 0.503358
2 0.563021 0.206481 0.0302083 0.0333333 0.506406
2 0.508333 0.295833 0.040625 0.0527778 0.518194
5 0.410417 0.380093 0.04375 0.147222 0.530059
0 0.913802 0.733796 0.0182292 0.0824074 0.533769
0 0.928906 0.743981 0.0140625 0.0694444 0.566302
7 0.410156 0.380556 0.0442708 0.146296 0.574129
2 0.4625 0.358333 0.0354167 0.0740741 0.575228
2 0.552604 0.738426 0.104167 0.152778 0.698086
2 0.574479 0.454167 0.0760417 0.0842593 0.786527
2 0.469792 0.418981 0.0416667 0.075 0.793013
2 0.396615 0.530093 0.0567708 0.110185 0.836376
2 0.523438 0.493056 0.078125 0.119444 0.85507
2 0.440885 0.491667 0.0578125 0.0925926 0.878084
2 0.521615 0.584259 0.0890625 0.118519 0.906978
