0 0.0177083 0.544444 0.015625 0.0444444 0.263427
5 0.210417 0.286574 0.0364583 0.0712963 0.292895
0 0.0877604 0.5125 0.0244792 0.0638889 0.314415
0 0.791927 0.980093 0.0171875 0.0361111 0.356222
0 0.897135 0.458333 0.0109375 0.0425926 0.377977
2 0.840885 0.109259 0.0151042 0.0259259 0.385301
0 0.0611979 0.664815 0.0130208 0.0518519 0.38757
0 0.897135 0.532407 0.0119792 0.0574074 0.394664
2 0.210677 0.285648 0.0359375 0.0712963 0.405614
0 0.922396 0.722685 0.0177083 0.0712963 0.408743
9 0.973958 0.7375 0.0114583 0.0509259 0.430696
2 0.592188 0.160648 0.0229167 0.0287037 0.444468
5 0.826302 0.8875 0.145313 0.217593 0.453287
5 0.426823 0.223148 0.0859375 0.0944444 0.4614
2 0.520052 0.216204 0.0411458 0.0527778 0.509493
7 0.826563 0.887037 0.144792 0.216667 0.517085
0 0.882031 0.745833 0.0171875 0.0712963 0.535765
2 0.483073 0.227315 0.0359375 0.037963 0.557347
2 0.450781 0.25787 0.0421875 0.0453704 0.573483
2 0.395312 0.296296 0.05 0.0574074 0.74715
2 0.535937 0.501389 0.0645833 0.112037 0.747719
2 0.395052 0.383796 0.0421875 0.0731481 0.80303
2 0.433594 0.509722 0.0661458 0.0990741 0.865808
2 0.530469 0.630093 0.0880208 0.137963 0.899661
