2 0.216667 0.774537 0.0760417 0.0990741 0.270202
9 0.973698 0.7375 0.0130208 0.0546296 0.282387
0 0.922396 0.735648 0.0229167 0.0675926 0.290374
0 0.0869792 0.510185 0.025 0.0611111 0.295789
5 0.277083 0.869444 0.204167 0.259259 0.339183
7 0.277083 0.868056 0.208333 0.258333 0.418594
7 0.438802 0.481481 0.0526042 0.118519 0.439357
2 0.540365 0.224074 0.0432292 0.0407407 0.481515
2 0.209896 0.284259 0.0375 0.0722222 0.491956
2 0.438542 0.481944 0.0520833 0.119444 0.554443
2 0.825781 0.163426 0.0161458 0.0268519 0.568702
2 0.402344 0.408796 0.0348958 0.0824074 0.6008
0 0.882031 0.745833 0.0182292 0.075 0.608825
5 0.442187 0.217593 0.125 0.111111 0.63411
2 0.504687 0.259259 0.0447917 0.0481481 0.656625
2 0.53151 0.481481 0.0651042 0.0944444 0.67612
2 0.396354 0.29537 0.0520833 0.0555556 0.688411
2 0.973177 0.935648 0.0536458 0.121296 0.709506
2 0.430469 0.324074 0.0484375 0.0574074 0.812457
7 0.342187 0.753241 0.110417 0.219444 0.815112
2 0.741927 0.690278 0.115104 0.163889 0.89878
7 0.517448 0.583333 0.138021 0.25 0.90001
2 0.797396 0.881019 0.129167 0.189815 0.910217
2 0.667708 0.725926 0.109375 0.148148 0.911248
2 0.661719 0.869444 0.131771 0.190741 0.917035
