2 0.843229 0.101389 0.0135417 0.025 0.270128
2 0.280729 0.803241 0.197917 0.393519 0.278152
0 0.9125 0.742593 0.0145833 0.0555556 0.285193
0 0.872135 0.443519 0.0119792 0.0537037 0.300579
7 0.666406 0.261574 0.0651042 0.0990741 0.30533
2 0.528906 0.238426 0.0380208 0.037963 0.343918
9 0.973958 0.737037 0.0125 0.0537037 0.345405
2 0.278646 0.358333 0.034375 0.0851852 0.354818
0 0.938281 0.796296 0.0223958 0.0685185 0.411263
0 0.929427 0.744444 0.0182292 0.0666667 0.462701
5 0.489844 0.200463 0.0505208 0.0861111 0.465713
2 0.455469 0.304167 0.0411458 0.0472222 0.470677
2 0.491146 0.269907 0.0385417 0.0435185 0.501633
2 0.801562 0.253704 0.0229167 0.0407407 0.538938
0 0.88099 0.737037 0.0161458 0.0777778 0.554902
5 0.227865 0.397222 0.0567708 0.157407 0.575792
7 0.227604 0.396759 0.05625 0.158333 0.638359
7 0.278385 0.357407 0.0348958 0.0851852 0.63918
2 0.480469 0.3875 0.0348958 0.0824074 0.639687
5 0.440625 0.219907 0.084375 0.0972222 0.733023
2 0.104948 0.596759 0.0630208 0.100926 0.762895
2 0.805208 0.753241 0.13125 0.202778 0.800891
5 0.280729 0.803241 0.194792 0.387963 0.832957
2 0.777083 0.855556 0.13125 0.187037 0.873176
2 0.513542 0.470833 0.0645833 0.100926 0.874786
2 0.58099 0.549537 0.0755208 0.100926 0.8825
7 0.44349 0.481481 0.0911458 0.198148 0.888362
2 0.596615 0.658333 0.0963542 0.12963 0.89184
2 0.61875 0.823611 0.125 0.180556 0.91838
