2 0.582292 0.191667 0.0270833 0.0277778 0.254937
7 0.66276 0.251852 0.0578125 0.0796296 0.265255
0 0.659375 0.313889 0.0135417 0.0740741 0.294652
0 0.352865 0.353704 0.0119792 0.0407407 0.326261
0 0.93724 0.793056 0.0203125 0.0694444 0.330609
2 0.464844 0.409259 0.0338542 0.0592593 0.335537
0 0.91276 0.743056 0.0151042 0.0694444 0.343535
2 0.489062 0.271296 0.040625 0.0444444 0.346229
2 0.540365 0.241204 0.0505208 0.0435185 0.372515
5 0.226823 0.314815 0.0505208 0.0981481 0.38496
0 0.929167 0.738889 0.0145833 0.062963 0.391152
0 0.904167 0.481944 0.0104167 0.0546296 0.448369
2 0.463802 0.355093 0.0359375 0.0768519 0.460084
2 0.229427 0.883333 0.0890625 0.190741 0.671841
7 0.409635 0.380093 0.0442708 0.147222 0.760867
2 0.433594 0.477315 0.0515625 0.087963 0.807129
2 0.501302 0.474074 0.0682292 0.1 0.819623
2 0.438021 0.603704 0.0729167 0.124074 0.846255
2 0.490885 0.552778 0.0807292 0.111111 0.870538
2 0.543229 0.440278 0.06875 0.0805556 0.880145
2 0.384375 0.506481 0.05 0.101852 0.881593
