5 0.464583 0.209722 0.053125 0.075 0.263091
0 0.905729 0.372685 0.0104167 0.0546296 0.284095
0 0.973698 0.737963 0.0130208 0.0555556 0.327005
2 0.147656 0.526389 0.0578125 0.0787037 0.391153
2 0.254427 0.317593 0.0213542 0.0314815 0.428953
2 0.096875 0.605093 0.071875 0.113889 0.542899
2 0.360156 0.31713 0.0494792 0.0490741 0.559124
5 0.424479 0.236574 0.128125 0.119444 0.623364
0 0.864323 0.889352 0.0244792 0.0842593 0.648875
7 0.55 0.756019 0.101042 0.167593 0.658089
2 0.79349 0.286574 0.0286458 0.0509259 0.678834
7 0.663281 0.721296 0.107813 0.22037 0.769566
2 0.208594 0.484722 0.0630208 0.0953704 0.78523
2 0.348958 0.724074 0.0854167 0.162963 0.816368
