2 0.380469 0.943056 0.0661458 0.0953704 0.267234
7 0.666927 0.256944 0.0630208 0.0898148 0.273415
5 0.421875 0.231944 0.0729167 0.0953704 0.298186
0 0.900521 0.393056 0.0114583 0.0490741 0.318674
2 0.434896 0.305556 0.0427083 0.0962963 0.342591
2 0.841927 0.103704 0.0130208 0.0259259 0.345741
2 0.209896 0.284259 0.0364583 0.0703704 0.360075
9 0.973958 0.737963 0.0125 0.0537037 0.362071
5 0.475781 0.201389 0.0588542 0.0787037 0.36327
0 0.940625 0.793981 0.025 0.0712963 0.374651
2 0.366146 0.946759 0.138542 0.0990741 0.380219
2 0.560677 0.208796 0.0296875 0.0361111 0.39456
2 0.527344 0.240741 0.0380208 0.0407407 0.403894
2 0.43776 0.2625 0.0432292 0.0509259 0.432381
0 0.928646 0.744907 0.0166667 0.0657407 0.451637
0 0.88125 0.744907 0.0177083 0.0712963 0.465749
7 0.190625 0.511111 0.0833333 0.233333 0.471199
7 0.273438 0.436574 0.0416667 0.10463 0.499115
5 0.449219 0.210185 0.114063 0.1 0.509564
2 0.813281 0.208796 0.0213542 0.0361111 0.533913
2 0.485938 0.274074 0.0385417 0.0462963 0.548379
2 0.972656 0.928704 0.0546875 0.135185 0.573514
5 0.191667 0.511111 0.0875 0.238889 0.651542
2 0.43099 0.333333 0.0432292 0.0518519 0.658787
7 0.416406 0.430093 0.0369792 0.106481 0.686064
2 0.485156 0.4125 0.0421875 0.0824074 0.710883
7 0.476823 0.530556 0.117188 0.225926 0.789453
2 0.663281 0.625926 0.0890625 0.118519 0.830552
2 0.648698 0.706481 0.106771 0.142593 0.847517
2 0.54375 0.500463 0.08125 0.126852 0.848967
2 0.791406 0.876389 0.127604 0.193519 0.906146
2 0.628646 0.840741 0.130208 0.192593 0.917175
