2 0.841406 0.103704 0.0161458 0.0277778 0.272876
0 0.908333 0.708333 0.0135417 0.0462963 0.320889
0 0.0867188 0.512963 0.0255208 0.0685185 0.325858
9 0.974219 0.738426 0.0119792 0.0527778 0.381876
7 0.95 0.298148 0.1 0.596296 0.39879
0 0.891146 0.718518 0.0145833 0.0685185 0.470846
2 0.48125 0.228241 0.0375 0.0435185 0.496911
7 0.034375 0.601389 0.06875 0.123148 0.522887
5 0.034375 0.600926 0.06875 0.122222 0.545893
5 0.442187 0.219444 0.122917 0.112963 0.736359
2 0.14974 0.55 0.0682292 0.0962963 0.800105
2 0.446094 0.278704 0.0463542 0.0592593 0.8201
2 0.349479 0.725 0.0864583 0.166667 0.828166
2 0.377865 0.32963 0.0588542 0.0851852 0.833557
