9 0.973698 0.738426 0.0119792 0.0527778 0.280495
25 0.784115 0.979167 0.0703125 0.037963 0.354584
7 0.949479 0.295833 0.101042 0.591667 0.451803
2 0.81276 0.211574 0.0213542 0.037963 0.554926
0 0.87526 0.813889 0.0234375 0.0851852 0.672432
2 0.107031 0.587037 0.0661458 0.112963 0.739927
7 0.744271 0.475 0.065625 0.135185 0.746094
2 0.35 0.725463 0.0854167 0.165741 0.828085
5 0.400781 0.25463 0.138021 0.137037 0.832796
2 0.677344 0.472222 0.0567708 0.0925926 0.8347
2 0.265625 0.397685 0.0583333 0.0657407 0.852708
