2 0.232812 0.273611 0.0166667 0.0268519 0.265827
7 0.232031 0.374537 0.0505208 0.136111 0.278057
0 0.973437 0.738426 0.0125 0.0509259 0.278658
0 0.901042 0.777778 0.0145833 0.0685185 0.28658
2 0.839323 0.110185 0.0151042 0.0259259 0.29433
0 0.8875 0.568519 0.0125 0.0685185 0.358042
0 0.447135 0.659722 0.0307292 0.0935185 0.368814
2 0.48151 0.228704 0.0348958 0.0407407 0.407146
0 0.84974 0.824074 0.0140625 0.0611111 0.408412
9 0.973177 0.737963 0.0130208 0.0518519 0.410138
0 0.936719 0.799537 0.0161458 0.062037 0.413199
0 0.945573 0.752315 0.0140625 0.0472222 0.423227
2 0.2625 0.323611 0.025 0.037963 0.546043
5 0.442448 0.219907 0.123438 0.113889 0.632263
5 0.232292 0.376389 0.0510417 0.137963 0.654064
2 0.394792 0.324074 0.053125 0.062963 0.679935
2 0.445573 0.276389 0.0473958 0.062037 0.722336
2 0.884115 0.951389 0.118229 0.0972222 0.739593
2 0.304167 0.61713 0.0604167 0.128704 0.868597
