0 0.930208 0.745833 0.0208333 0.0675926 0.279656
2 0.864062 0.0939815 0.0145833 0.0268519 0.313471
0 0.917708 0.722685 0.0166667 0.0694444 0.326891
9 0.973177 0.738889 0.0119792 0.05 0.341428
0 0.864062 0.787037 0.015625 0.0685185 0.361019
5 0.232292 0.323148 0.053125 0.0944444 0.362135
0 0.972917 0.741204 0.0114583 0.0490741 0.369138
2 0.232031 0.322685 0.0536458 0.0935185 0.421997
2 0.484375 0.227315 0.0375 0.0398148 0.43279
5 0.4375 0.224537 0.110417 0.0953704 0.465117
2 0.839063 0.106944 0.0177083 0.0287037 0.486369
0 0.952865 0.724074 0.0151042 0.0574074 0.500564
0 0.889844 0.506944 0.00989583 0.0546296 0.516588
7 0.232552 0.323148 0.0526042 0.0944444 0.52317
2 0.899479 0.960185 0.0947917 0.0777778 0.651915
2 0.396094 0.318519 0.0546875 0.0703704 0.700241
2 0.453646 0.268519 0.0447917 0.0574074 0.719668
2 0.271615 0.422685 0.0338542 0.0638889 0.745006
2 0.657812 0.763889 0.127083 0.175926 0.914369
