2 0.843229 0.101389 0.0135417 0.025 0.256244
7 0.666667 0.261574 0.065625 0.0990741 0.295281
0 0.913542 0.739352 0.0177083 0.0638889 0.311962
0 0.897656 0.407407 0.0109375 0.0462963 0.313995
5 0.458594 0.206944 0.105729 0.0898148 0.324666
2 0.529167 0.238426 0.0385417 0.037963 0.327262
0 0.872135 0.443519 0.0119792 0.0537037 0.340812
9 0.973958 0.737037 0.0125 0.0537037 0.350848
2 0.454167 0.306944 0.0427083 0.0527778 0.360135
0 0.881771 0.731481 0.0177083 0.062963 0.44154
0 0.938802 0.79537 0.0234375 0.0703704 0.460322
2 0.278646 0.363889 0.034375 0.0907407 0.46422
2 0.490885 0.27037 0.0380208 0.0425926 0.481751
2 0.803125 0.249074 0.0239583 0.037037 0.511887
5 0.486198 0.196759 0.0567708 0.0805556 0.528843
0 0.929688 0.744444 0.01875 0.0666667 0.563292
2 0.0901042 0.612963 0.0614583 0.0962963 0.597274
5 0.224219 0.406481 0.0630208 0.168519 0.608459
7 0.278646 0.363426 0.034375 0.0898148 0.612419
2 0.480469 0.388889 0.0348958 0.0777778 0.704946
5 0.435937 0.223611 0.0770833 0.0916667 0.794842
5 0.29401 0.814815 0.214062 0.366667 0.853631
2 0.82526 0.784259 0.133854 0.187037 0.875363
2 0.584896 0.551852 0.0760417 0.103704 0.87605
2 0.515625 0.474074 0.0677083 0.103704 0.878065
2 0.603906 0.664352 0.0994792 0.137963 0.888134
7 0.445833 0.487963 0.0958333 0.203704 0.889031
2 0.777344 0.854167 0.130729 0.191667 0.901153
2 0.620833 0.825926 0.125 0.181481 0.918707
