0 0.0877604 0.511574 0.0244792 0.0638889 0.277742
2 0.485156 0.227778 0.0317708 0.0351852 0.296847
0 0.929167 0.733333 0.0229167 0.0666667 0.29773
9 0.351562 0.354167 0.0135417 0.0416667 0.312601
2 0.839323 0.113889 0.0151042 0.0259259 0.340021
0 0.0609375 0.6375 0.0125 0.0527778 0.343215
7 0.210156 0.281481 0.0380208 0.0796296 0.356443
2 0.45 0.258333 0.040625 0.0444444 0.396312
0 0.973698 0.738889 0.0130208 0.0537037 0.410672
0 0.922656 0.724074 0.0171875 0.0722222 0.437915
2 0.692708 0.753704 0.132292 0.205556 0.516401
7 0.692969 0.75463 0.130729 0.205556 0.548415
0 0.881771 0.746296 0.0177083 0.0722222 0.561927
5 0.4375 0.221296 0.109375 0.0981481 0.562955
0 0.893229 0.497222 0.0125 0.0592593 0.570618
2 0.397396 0.43287 0.0385417 0.0824074 0.772898
2 0.395833 0.296759 0.05 0.0583333 0.788066
2 0.413281 0.34537 0.0484375 0.0648148 0.805704
2 0.472656 0.381944 0.0338542 0.0694444 0.82452
2 0.45 0.523148 0.0625 0.0944444 0.87695
