5 0.209896 0.284259 0.0375 0.0722222 0.289884
2 0.842448 0.101852 0.0140625 0.0277778 0.293155
9 0.351562 0.351389 0.0135417 0.0416667 0.336026
7 0.497135 0.434722 0.0515625 0.0861111 0.365153
2 0.209635 0.283796 0.0369792 0.0712963 0.37748
2 0.410417 0.284722 0.0479167 0.0564815 0.388538
7 0.663021 0.251852 0.0572917 0.0814815 0.400123
0 0.928906 0.741667 0.0140625 0.0666667 0.414328
0 0.934896 0.798611 0.0197917 0.0694444 0.42173
2 0.55651 0.2125 0.0296875 0.0398148 0.463203
9 0.974479 0.738426 0.0114583 0.0527778 0.468185
2 0.819531 0.188426 0.0171875 0.0305556 0.516598
2 0.519792 0.247222 0.0364583 0.0444444 0.528009
2 0.471354 0.286111 0.0416667 0.0518519 0.545364
0 0.88099 0.745833 0.0203125 0.075 0.578095
2 0.497396 0.434259 0.0520833 0.0851852 0.614942
7 0.42526 0.450463 0.0484375 0.112037 0.637517
2 0.410937 0.363889 0.0427083 0.0666667 0.655229
5 0.44401 0.215741 0.119271 0.103704 0.68193
5 0.186198 0.650926 0.0859375 0.338889 0.739576
7 0.276302 0.531018 0.0536458 0.132407 0.751445
2 0.78099 0.741204 0.101562 0.147222 0.805228
2 0.5875 0.55 0.0895833 0.127778 0.855755
7 0.503125 0.57037 0.133333 0.25 0.870075
2 0.669531 0.729167 0.110937 0.152778 0.897296
2 0.645312 0.856019 0.136458 0.189815 0.90886
2 0.795833 0.878241 0.130208 0.191667 0.913249
