9 0.409896 0.378241 0.0427083 0.143519 0.255568
3 0.605208 0.616667 0.0197917 0.062963 0.258837
3 0.601823 0.6 0.0244792 0.0537037 0.286257
0 0.913281 0.738889 0.0182292 0.0796296 0.293636
0 0.594531 0.568519 0.0171875 0.0388889 0.307214
0 0.885417 0.468519 0.0104167 0.0481481 0.315863
7 0.666667 0.25787 0.065625 0.0935185 0.325853
2 0.596615 0.178704 0.0213542 0.0314815 0.327502
9 0.974219 0.738889 0.0119792 0.0537037 0.357064
0 0.928906 0.740278 0.0151042 0.0712963 0.388209
0 0.938021 0.792593 0.0208333 0.0703704 0.394565
2 0.56875 0.22037 0.0291667 0.0388889 0.410808
2 0.4875 0.270833 0.0447917 0.0453704 0.425167
5 0.221875 0.305556 0.059375 0.107407 0.43213
2 0.464844 0.402315 0.0369792 0.0712963 0.461086
2 0.464063 0.352315 0.0364583 0.0694444 0.502291
0 0.904167 0.484259 0.0104167 0.0518519 0.512298
2 0.53125 0.236574 0.0395833 0.0398148 0.569929
2 0.227865 0.883333 0.0890625 0.192593 0.619567
2 0.498437 0.470833 0.0697917 0.0935185 0.666751
7 0.409896 0.378704 0.04375 0.146296 0.676235
7 0.111198 0.536111 0.0848958 0.138889 0.811732
2 0.433333 0.477315 0.0520833 0.087963 0.82066
2 0.491927 0.553704 0.0786458 0.111111 0.858724
2 0.438021 0.602315 0.0729167 0.125 0.862755
2 0.54349 0.439815 0.0682292 0.0814815 0.872832
2 0.384375 0.506019 0.05 0.100926 0.88101
