2 0.283594 0.580093 0.0598958 0.162037 0.260425
7 0.211458 0.825 0.0989583 0.194444 0.263679
7 0.211198 0.286111 0.0401042 0.0740741 0.265287
2 0.210677 0.284722 0.0380208 0.0731481 0.26595
7 0.6625 0.251852 0.0552083 0.0777778 0.282959
2 0.822135 0.182407 0.0182292 0.0296296 0.31974
7 0.203646 0.730093 0.113542 0.39537 0.322848
2 0.552865 0.216667 0.0328125 0.0388889 0.40857
2 0.516667 0.249074 0.0395833 0.0462963 0.410218
0 0.929167 0.741204 0.0145833 0.0675926 0.411387
7 0.429167 0.459722 0.0510417 0.113889 0.424013
2 0.429167 0.459722 0.0510417 0.113889 0.464345
2 0.403906 0.288426 0.0473958 0.0583333 0.464389
0 0.881771 0.744444 0.01875 0.0703704 0.466902
5 0.203385 0.728241 0.108854 0.389815 0.501789
2 0.502344 0.441667 0.0546875 0.0851852 0.513797
9 0.973958 0.737963 0.0114583 0.0518519 0.514062
0 0.934115 0.797685 0.0203125 0.0694444 0.548898
7 0.950781 0.298148 0.0984375 0.594444 0.58695
2 0.404687 0.380093 0.0395833 0.0601852 0.58968
7 0.283594 0.578241 0.0598958 0.160185 0.616126
2 0.463281 0.293056 0.0442708 0.0527778 0.626611
2 0.613281 0.573148 0.0942708 0.133333 0.708387
5 0.442708 0.215278 0.120833 0.10463 0.742136
2 0.832031 0.793519 0.104687 0.155556 0.8544
7 0.5125 0.580093 0.139583 0.252778 0.901292
2 0.66875 0.728241 0.110417 0.149074 0.911162
2 0.796094 0.879167 0.129688 0.191667 0.911941
2 0.647396 0.860648 0.142708 0.189815 0.917297
