7 0.949479 0.297222 0.101042 0.594444 0.278731
2 0.870833 0.563426 0.0208333 0.0287037 0.282241
0 0.0872396 0.514352 0.0255208 0.0694444 0.327573
9 0.973698 0.736574 0.0119792 0.0527778 0.332744
2 0.489583 0.239815 0.0333333 0.0425926 0.345046
0 0.909375 0.660648 0.0177083 0.0731481 0.364821
2 0.555469 0.213889 0.0369792 0.0481481 0.513853
2 0.800781 0.285648 0.0380208 0.0731481 0.519645
7 0.83724 0.893056 0.0963542 0.175 0.594473
2 0.831771 0.145833 0.0208333 0.0305556 0.622142
0 0.88776 0.704167 0.0223958 0.0824074 0.627191
2 0.767448 0.252315 0.0265625 0.0472222 0.65146
2 0.476562 0.274537 0.0427083 0.0638889 0.661474
2 0.0356771 0.613426 0.0630208 0.0768519 0.697573
2 0.349479 0.725463 0.0854167 0.163889 0.82403
5 0.330208 0.304167 0.165625 0.178704 0.859513
2 0.527344 0.831019 0.0973958 0.156481 0.883515
