2 0.840104 0.111111 0.0166667 0.0277778 0.315938
2 0.538021 0.203704 0.040625 0.05 0.324466
2 0.788802 0.85463 0.143229 0.224074 0.352762
7 0.671354 0.263426 0.071875 0.102778 0.361485
1 0.936719 0.797222 0.0234375 0.0722222 0.36869
0 0.922135 0.728704 0.0203125 0.0759259 0.386651
5 0.425521 0.224074 0.0822917 0.0925926 0.389908
9 0.973958 0.737037 0.0125 0.05 0.39644
7 0.788802 0.853704 0.143229 0.222222 0.414892
2 0.45 0.25787 0.0427083 0.0453704 0.518766
2 0.484375 0.226389 0.0385417 0.0398148 0.52723
0 0.882031 0.746296 0.0171875 0.0722222 0.549019
0 0.896354 0.524537 0.0125 0.062037 0.588619
2 0.395833 0.296296 0.0510417 0.0574074 0.697457
5 0.78776 0.85463 0.143229 0.227778 0.702322
2 0.4 0.370833 0.046875 0.0694444 0.813379
2 0.418229 0.483333 0.0541667 0.0925926 0.836574
2 0.508333 0.468056 0.05625 0.0935185 0.865783
2 0.502344 0.596759 0.0817708 0.121296 0.865825
