9 0.959115 0.225463 0.0807292 0.0490741 0.261937
7 0.959375 0.225 0.08125 0.0481481 0.272521
0 0.941667 0.789815 0.0197917 0.0611111 0.275265
2 0.34974 0.896759 0.0578125 0.0824074 0.315005
2 0.348958 0.963426 0.04375 0.0638889 0.31985
5 0.439063 0.248611 0.053125 0.0712963 0.337074
5 0.210417 0.284722 0.0375 0.0712963 0.35169
2 0.209896 0.284259 0.0364583 0.0703704 0.3586
2 0.442448 0.257407 0.0411458 0.0518519 0.396197
7 0.670833 0.261111 0.0708333 0.101852 0.409954
9 0.973958 0.7375 0.0125 0.0527778 0.436793
7 0.485156 0.406481 0.0380208 0.0777778 0.440827
7 0.273438 0.425926 0.0395833 0.105556 0.458353
2 0.560156 0.20787 0.0296875 0.0361111 0.461312
2 0.811979 0.212037 0.0197917 0.037037 0.493618
2 0.527865 0.240741 0.0369792 0.0407407 0.506446
5 0.421875 0.23287 0.0697917 0.0953704 0.521484
0 0.88125 0.74537 0.0177083 0.0703704 0.522777
2 0.485417 0.406019 0.0375 0.0787037 0.568414
5 0.477604 0.199074 0.05625 0.0740741 0.574219
0 0.929167 0.74213 0.0166667 0.0731481 0.605333
2 0.486979 0.274074 0.0385417 0.0444444 0.648007
2 0.96224 0.913426 0.0755208 0.156481 0.689766
5 0.19401 0.493519 0.0786458 0.225926 0.719639
7 0.415365 0.426389 0.0338542 0.10463 0.74515
2 0.435156 0.327778 0.0432292 0.0555556 0.772836
2 0.540365 0.49537 0.0817708 0.12037 0.82679
7 0.470313 0.524537 0.110417 0.223148 0.843664
2 0.648698 0.611111 0.0880208 0.114815 0.853598
2 0.642708 0.700463 0.105208 0.137963 0.899002
2 0.790104 0.874074 0.128125 0.194444 0.905489
2 0.628646 0.838426 0.127083 0.189815 0.918498
