9 0.973698 0.738426 0.0119792 0.0527778 0.299744
2 0.0226563 0.685185 0.0453125 0.0962963 0.305365
7 0.95026 0.296296 0.0994792 0.592593 0.458625
7 0.655729 0.523148 0.0635417 0.107407 0.464534
2 0.655729 0.523148 0.0635417 0.107407 0.59327
2 0.596615 0.176389 0.0244792 0.0361111 0.610875
2 0.809115 0.221759 0.0192708 0.0398148 0.644535
2 0.286719 0.380556 0.0473958 0.0555556 0.726063
0 0.872396 0.836574 0.0208333 0.102778 0.763108
7 0.732552 0.516667 0.0755208 0.148148 0.776272
2 0.35 0.725463 0.0854167 0.165741 0.826521
5 0.409896 0.248611 0.1375 0.132407 0.838022
2 0.13151 0.561111 0.0630208 0.103704 0.839452
