0 0.0872396 0.513889 0.0244792 0.0666667 0.262477
7 0.95 0.298148 0.1 0.596296 0.311658
0 0.898438 0.928241 0.0208333 0.075 0.348216
0 0.879687 0.927315 0.015625 0.062037 0.380184
0 0.90651 0.400463 0.00989583 0.0490741 0.437769
2 0.3125 0.389815 0.053125 0.0740741 0.483042
2 0.43776 0.259722 0.0380208 0.0490741 0.661028
2 0.22474 0.474074 0.0692708 0.105556 0.770951
2 0.349219 0.724074 0.0848958 0.166667 0.790821
5 0.443229 0.219907 0.120833 0.117593 0.803388
2 0.735677 0.494444 0.0526042 0.0944444 0.805328
2 0.113281 0.540278 0.0630208 0.0935185 0.828407
