2 0.446094 0.255556 0.0401042 0.0518519 0.256846
2 0.210417 0.284259 0.0375 0.0740741 0.258555
2 0.332031 0.934259 0.0453125 0.0611111 0.287306
2 0.0143229 0.710648 0.0286458 0.0824074 0.294838
9 0.974219 0.737963 0.0119792 0.0537037 0.309389
7 0.27474 0.416667 0.0369792 0.0981481 0.313823
2 0.332292 0.868981 0.053125 0.075 0.371867
5 0.274479 0.416667 0.0375 0.0981481 0.372106
2 0.560677 0.206481 0.0307292 0.037037 0.400855
2 0.485417 0.405556 0.0385417 0.0796296 0.452331
7 0.485417 0.406019 0.0385417 0.0787037 0.465548
0 0.882031 0.74537 0.0182292 0.0703704 0.469099
2 0.528385 0.241667 0.0380208 0.0388889 0.48902
5 0.482031 0.196759 0.0473958 0.0731481 0.540046
2 0.954427 0.910648 0.0901042 0.169444 0.558422
0 0.929167 0.743519 0.0166667 0.0685185 0.560045
2 0.811458 0.215741 0.0208333 0.0351852 0.588423
2 0.436458 0.327315 0.0427083 0.0546296 0.606667
5 0.427083 0.22963 0.0802083 0.1 0.608636
7 0.415365 0.427315 0.0348958 0.108333 0.633159
2 0.4875 0.273148 0.040625 0.0462963 0.662286
5 0.198698 0.482407 0.0828125 0.227778 0.805823
2 0.536979 0.493981 0.0760417 0.115741 0.81933
2 0.641146 0.606944 0.0875 0.115741 0.846033
7 0.46849 0.518056 0.107813 0.215741 0.850064
2 0.640104 0.702778 0.105208 0.142593 0.872464
2 0.788802 0.871296 0.128646 0.194444 0.904179
2 0.627865 0.835648 0.124479 0.187963 0.919384
