0 0.90625 0.727778 0.0166667 0.0740741 0.269358
0 0.910156 0.461111 0.0119792 0.0555556 0.275463
9 0.973698 0.738889 0.0119792 0.0537037 0.299786
7 0.95 0.296759 0.1 0.593518 0.339649
7 0.0244792 0.622685 0.0489583 0.126852 0.357296
0 0.907812 0.709722 0.0145833 0.037963 0.390345
2 0.841406 0.10463 0.0161458 0.0277778 0.450093
0 0.889844 0.726389 0.0161458 0.0657407 0.460952
2 0.482292 0.228704 0.0364583 0.0444444 0.475174
0 0.929688 0.95463 0.0239583 0.0777778 0.551701
5 0.441406 0.226389 0.117188 0.110185 0.571056
2 0.37526 0.330556 0.0598958 0.087037 0.786027
2 0.444792 0.278704 0.0447917 0.0574074 0.791518
2 0.34974 0.725463 0.0859375 0.165741 0.82882
2 0.13099 0.56713 0.0640625 0.0898148 0.831555
