0 0.915104 0.782407 0.0197917 0.0574074 0.294979
2 0.402865 0.302315 0.0411458 0.0546296 0.321655
0 0.935677 0.797222 0.0203125 0.0703704 0.33078
9 0.974219 0.7375 0.0130208 0.0527778 0.344285
0 0.955208 0.569907 0.0114583 0.0583333 0.345147
0 0.933594 0.74537 0.0119792 0.0351852 0.347218
0 0.448177 0.660648 0.0317708 0.0935185 0.347826
0 0.903646 0.592593 0.015625 0.062963 0.353071
2 0.241146 0.286111 0.0197917 0.0314815 0.393578
0 0.849479 0.823611 0.0135417 0.0601852 0.482832
2 0.839583 0.109722 0.0166667 0.0268519 0.496192
0 0.898438 0.786574 0.015625 0.0731481 0.533547
2 0.384375 0.325 0.0333333 0.0574074 0.536031
0 0.888021 0.586111 0.0125 0.062963 0.558275
2 0.480729 0.228704 0.0354167 0.0425926 0.587014
5 0.429427 0.225 0.0901042 0.0944444 0.589651
2 0.268229 0.339815 0.0270833 0.0388889 0.602176
5 0.215365 0.403704 0.0817708 0.162963 0.650914
2 0.445312 0.279167 0.046875 0.062037 0.761141
2 0.32474 0.670833 0.0723958 0.14537 0.886316
