0 0.913281 0.737037 0.0140625 0.0592593 0.286497
5 0.422656 0.267593 0.0588542 0.0648148 0.296086
9 0.350781 0.35 0.0140625 0.0407407 0.29866
7 0.663021 0.251389 0.0572917 0.0805556 0.300944
2 0.841406 0.100926 0.0140625 0.0277778 0.390053
9 0.974219 0.738426 0.0119792 0.0546296 0.39297
0 0.928906 0.74537 0.0151042 0.0648148 0.398189
2 0.421354 0.438889 0.0427083 0.103704 0.435566
2 0.559115 0.211111 0.0286458 0.0388889 0.439558
2 0.209375 0.283333 0.0375 0.0703704 0.440169
0 0.93776 0.79537 0.0213542 0.0685185 0.445934
7 0.421875 0.439352 0.0427083 0.102778 0.457244
5 0.452344 0.205556 0.104687 0.087037 0.496278
0 0.88125 0.746296 0.01875 0.0740741 0.522093
2 0.817969 0.194907 0.0171875 0.0324074 0.553716
7 0.273698 0.483333 0.0442708 0.12963 0.599851
2 0.419792 0.275 0.0458333 0.0555556 0.626783
2 0.523958 0.241667 0.0375 0.0425926 0.706409
2 0.491667 0.424074 0.0479167 0.0796296 0.755259
2 0.41849 0.349537 0.0411458 0.062037 0.766621
2 0.479688 0.27963 0.040625 0.0462963 0.772597
2 0.558333 0.515741 0.101042 0.15 0.797988
2 0.728646 0.689815 0.101042 0.140741 0.815029
5 0.180469 0.589815 0.0807292 0.283333 0.861574
7 0.489323 0.551852 0.126563 0.233333 0.874688
2 0.666927 0.727315 0.108854 0.149074 0.899947
2 0.794792 0.879167 0.130208 0.189815 0.918159
2 0.641927 0.849537 0.127604 0.189815 0.923597
