2 0.841667 0.106019 0.0166667 0.0342593 0.316263
2 0.48099 0.228241 0.0369792 0.0416667 0.32738
0 0.910156 0.628241 0.0109375 0.0342593 0.332494
0 0.841406 0.877315 0.0192708 0.0712963 0.403685
9 0.973958 0.738889 0.0114583 0.0537037 0.416666
0 0.903906 0.804167 0.0203125 0.0694444 0.419532
2 0.254167 0.314352 0.0229167 0.0305556 0.46387
5 0.440625 0.223148 0.11875 0.107407 0.520321
0 0.926823 0.513426 0.0140625 0.0675926 0.569032
2 0.396094 0.318519 0.0536458 0.0722222 0.578299
0 0.891146 0.64213 0.0125 0.0657407 0.586875
2 0.445573 0.27963 0.0473958 0.0611111 0.725473
2 0.259635 0.403241 0.0380208 0.0601852 0.775047
2 0.346875 0.718982 0.084375 0.160185 0.888545
5 0.130469 0.505556 0.156771 0.216667 0.908853
