2 0.840365 0.0990741 0.0161458 0.0296296 0.267867
0 0.913021 0.736574 0.0145833 0.062037 0.326527
2 0.265625 0.318981 0.0364583 0.0638889 0.3276
9 0.352083 0.353241 0.0125 0.0416667 0.334916
0 0.872917 0.443056 0.0104167 0.0527778 0.33918
2 0.488281 0.269907 0.0421875 0.0453704 0.34126
2 0.459635 0.3 0.0432292 0.0407407 0.342928
0 0.928385 0.74213 0.0140625 0.0675926 0.374936
9 0.973437 0.739352 0.0114583 0.0509259 0.392772
2 0.53099 0.237037 0.0401042 0.0425926 0.42884
5 0.234635 0.337037 0.0557292 0.107407 0.435716
0 0.9375 0.794444 0.0208333 0.0703704 0.454319
0 0.895312 0.435185 0.009375 0.0462963 0.45507
7 0.665625 0.256944 0.0625 0.0916667 0.499056
2 0.238802 0.431481 0.0380208 0.0666667 0.559662
0 0.88099 0.682407 0.0130208 0.0648148 0.568756
2 0.782031 0.328241 0.0369792 0.0546296 0.611206
2 0.479688 0.362037 0.0333333 0.0703704 0.675269
2 0.485156 0.4375 0.0515625 0.0972222 0.797793
7 0.423177 0.44213 0.0671875 0.178704 0.815961
5 0.211719 0.600463 0.0776042 0.29537 0.819186
2 0.666667 0.636111 0.115625 0.153704 0.823892
2 0.536719 0.508333 0.0713542 0.0944444 0.846591
5 0.483073 0.194907 0.106771 0.110185 0.84701
2 0.53125 0.586574 0.0822917 0.115741 0.883136
2 0.56875 0.77037 0.111458 0.17037 0.906075
2 0.74401 0.819444 0.126563 0.177778 0.912326
