0 0.886458 0.45787 0.0125 0.0546296 0.276412
2 0.839583 0.111574 0.0145833 0.0361111 0.300838
1 0.93724 0.79537 0.0192708 0.0648148 0.332491
0 0.922656 0.72037 0.0171875 0.0759259 0.342534
0 0.932552 0.741667 0.0203125 0.062963 0.35819
0 0.973437 0.739815 0.0125 0.0537037 0.380682
7 0.665365 0.25463 0.0609375 0.0851852 0.385099
7 0.970573 0.928704 0.0588542 0.135185 0.386131
2 0.209635 0.280093 0.0369792 0.0805556 0.4385
2 0.970052 0.928704 0.0588542 0.135185 0.459822
0 0.882292 0.746296 0.0177083 0.0759259 0.483503
2 0.44974 0.258333 0.0380208 0.0444444 0.489564
2 0.497396 0.216667 0.034375 0.0388889 0.522358
5 0.441146 0.219444 0.122917 0.109259 0.571049
2 0.574479 0.626852 0.107292 0.168519 0.66011
2 0.395833 0.295833 0.05 0.0564815 0.688432
2 0.475 0.304167 0.0302083 0.0546296 0.743498
2 0.389323 0.394444 0.0328125 0.0703704 0.76407
2 0.416927 0.461111 0.0453125 0.0740741 0.784196
2 0.421354 0.337037 0.05 0.0592593 0.833565
7 0.790104 0.846759 0.21875 0.302778 0.874605
