0 0.792448 0.980093 0.0171875 0.037963 0.256376
0 0.89375 0.453704 0.009375 0.0407407 0.282276
1 0.936458 0.797222 0.0229167 0.0722222 0.283452
7 0.671094 0.263426 0.0713542 0.102778 0.293813
2 0.534375 0.20787 0.0375 0.0490741 0.354747
5 0.426302 0.223148 0.0838542 0.0907407 0.402033
0 0.922396 0.723611 0.01875 0.0712963 0.409935
2 0.79375 0.860648 0.139583 0.225 0.410569
2 0.839583 0.110648 0.0166667 0.0268519 0.421969
9 0.973958 0.737037 0.0114583 0.05 0.462971
2 0.450521 0.25787 0.0427083 0.0453704 0.533009
2 0.483594 0.227315 0.0369792 0.037963 0.550164
0 0.882031 0.746296 0.0171875 0.0722222 0.566553
7 0.79401 0.861111 0.139062 0.225926 0.586796
0 0.897135 0.524537 0.0130208 0.0638889 0.60314
2 0.395833 0.296759 0.0510417 0.0564815 0.685455
2 0.399219 0.373611 0.0453125 0.0694444 0.82741
2 0.513021 0.475463 0.0552083 0.0953704 0.831775
2 0.420312 0.486574 0.0552083 0.0935185 0.857825
2 0.50651 0.601389 0.0817708 0.125 0.897478
