9 0.351562 0.353241 0.0135417 0.0416667 0.264497
0 0.923698 0.72037 0.0151042 0.062963 0.273434
7 0.663281 0.253241 0.0567708 0.0824074 0.311504
2 0.448958 0.258333 0.0416667 0.0444444 0.328598
0 0.935938 0.796296 0.021875 0.0703704 0.329928
7 0.657552 0.718982 0.124479 0.19537 0.361305
0 0.0606771 0.634259 0.0119792 0.0574074 0.383229
2 0.209635 0.283796 0.0369792 0.0768519 0.396704
9 0.974219 0.737963 0.0119792 0.0537037 0.420288
2 0.657552 0.718982 0.124479 0.193519 0.477962
0 0.882292 0.745833 0.0177083 0.0731481 0.568832
0 0.891667 0.484259 0.0125 0.0574074 0.582928
5 0.440104 0.219444 0.126042 0.105556 0.593435
2 0.396354 0.296759 0.05 0.0601852 0.773491
2 0.393229 0.418519 0.034375 0.0759259 0.795402
2 0.435677 0.49537 0.0567708 0.101852 0.813851
2 0.46875 0.356019 0.0291667 0.0638889 0.843244
2 0.418229 0.341204 0.0520833 0.0638889 0.851153
