2 0.842708 0.102315 0.0166667 0.0305556 0.254194
0 0.90599 0.731944 0.0151042 0.037963 0.258745
5 0.478125 0.192593 0.0510417 0.0574074 0.264776
0 0.909635 0.448148 0.0119792 0.0555556 0.311205
0 0.0867188 0.511111 0.0244792 0.0611111 0.329355
0 0.904948 0.751852 0.0171875 0.0759259 0.339902
2 0.479688 0.229167 0.0322917 0.037963 0.360419
0 0.88776 0.747222 0.0151042 0.0722222 0.447806
9 0.974219 0.7375 0.0130208 0.0509259 0.538944
5 0.427604 0.230093 0.0875 0.0972222 0.563973
2 0.361458 0.340278 0.0604167 0.0824074 0.675099
2 0.4375 0.283796 0.0458333 0.0564815 0.790747
2 0.0901042 0.611111 0.06875 0.0925926 0.811153
2 0.35 0.726389 0.0854167 0.163889 0.848134
