0 0.929688 0.733333 0.0229167 0.0648148 0.301463
2 0.489062 0.224537 0.034375 0.037963 0.316062
0 0.0606771 0.631481 0.0109375 0.0537037 0.316827
2 0.449219 0.257407 0.0421875 0.0481481 0.3217
7 0.663281 0.253241 0.0578125 0.0824074 0.364391
9 0.974219 0.737037 0.0119792 0.0537037 0.384332
0 0.922917 0.724074 0.0177083 0.0703704 0.384514
0 0.935938 0.796759 0.021875 0.0694444 0.43081
0 0.891146 0.481944 0.0125 0.0564815 0.476296
2 0.209635 0.284259 0.0380208 0.0759259 0.476922
2 0.40599 0.325926 0.0567708 0.0703704 0.488452
0 0.881771 0.746296 0.0177083 0.0740741 0.572471
5 0.442448 0.219907 0.123438 0.10463 0.581521
7 0.89375 0.896296 0.204167 0.201852 0.619534
2 0.651563 0.7125 0.122917 0.19537 0.626708
2 0.396354 0.295833 0.05 0.0583333 0.708778
2 0.392708 0.411111 0.0354167 0.087037 0.793412
2 0.434635 0.493519 0.0557292 0.0981481 0.812952
2 0.41849 0.340278 0.0505208 0.062037 0.851569
2 0.46901 0.351389 0.0286458 0.062037 0.862576
