9 0.973958 0.739352 0.0125 0.0527778 0.252938
2 0.332552 0.293519 0.0432292 0.05 0.26146
0 0.959896 0.814352 0.021875 0.062037 0.305515
0 0.973698 0.739352 0.0119792 0.0527778 0.318768
2 0.280729 0.375 0.0385417 0.0592593 0.320129
0 0.947656 0.694444 0.0140625 0.05 0.352058
0 0.891146 0.488426 0.009375 0.0453704 0.352952
0 0.938021 0.798611 0.0239583 0.0694444 0.458355
2 0.839844 0.109722 0.0161458 0.0268519 0.474674
0 0.869531 0.773611 0.0140625 0.0601852 0.485908
2 0.226302 0.3125 0.0505208 0.0898148 0.504728
5 0.441927 0.22037 0.122396 0.105556 0.554174
7 0.226302 0.3125 0.0505208 0.0898148 0.575049
2 0.461198 0.260648 0.0442708 0.0527778 0.689156
2 0.396354 0.316667 0.0541667 0.0777778 0.717073
2 0.579948 0.68287 0.109896 0.149074 0.901035
2 0.821094 0.91713 0.130729 0.162037 0.912379
