0 0.0880208 0.514352 0.025 0.0675926 0.329364
9 0.351042 0.354167 0.0135417 0.0435185 0.379863
9 0.973437 0.736574 0.0135417 0.0546296 0.393661
0 0.926562 0.665278 0.0166667 0.0731481 0.438333
2 0.502344 0.224537 0.0328125 0.037963 0.532955
2 0.761198 0.265278 0.0276042 0.0453704 0.582066
2 0.563802 0.208796 0.0328125 0.0453704 0.587129
2 0.828385 0.151389 0.0161458 0.0287037 0.622881
2 0.797656 0.301389 0.0421875 0.0805556 0.635473
0 0.884896 0.714352 0.0239583 0.0805556 0.66895
2 0.490625 0.266204 0.0395833 0.0546296 0.75889
2 0.830469 0.907407 0.0973958 0.177778 0.762825
2 0.0674479 0.582407 0.0609375 0.0814815 0.821201
2 0.349479 0.725 0.0864583 0.164815 0.831731
5 0.340104 0.299537 0.15625 0.175 0.833785
2 0.491667 0.908796 0.108333 0.169444 0.896713
