2 0.269792 0.357407 0.0260417 0.0462963 0.254578
7 0.255208 0.299537 0.0291667 0.0509259 0.26007
0 0.913281 0.737963 0.0151042 0.0574074 0.263643
2 0.839323 0.100463 0.0192708 0.0287037 0.293819
0 0.959635 0.815278 0.0223958 0.0638889 0.303349
2 0.254948 0.299537 0.0286458 0.0509259 0.308028
7 0.828646 0.949074 0.101042 0.0981481 0.315285
2 0.458594 0.3 0.0421875 0.0462963 0.324643
2 0.488542 0.269444 0.0416667 0.0444444 0.337761
0 0.897396 0.458333 0.009375 0.0425926 0.359204
9 0.973698 0.738426 0.0119792 0.0527778 0.364934
2 0.828646 0.949537 0.102083 0.0953704 0.442065
0 0.93724 0.794444 0.0192708 0.0685185 0.452152
0 0.928906 0.743056 0.0130208 0.0694444 0.51575
2 0.529948 0.237037 0.0369792 0.0388889 0.564715
5 0.220573 0.317593 0.0588542 0.116667 0.60777
7 0.414844 0.4 0.0515625 0.17963 0.648897
5 0.219531 0.459722 0.0671875 0.191667 0.746931
2 0.470052 0.40787 0.0411458 0.0861111 0.754031
2 0.485677 0.332407 0.0359375 0.0648148 0.756552
2 0.501042 0.471759 0.059375 0.0861111 0.788755
2 0.746875 0.403241 0.053125 0.0657407 0.828933
2 0.601823 0.575926 0.0984375 0.137037 0.834474
5 0.517708 0.177315 0.104167 0.0953704 0.839821
2 0.660417 0.727315 0.114583 0.160185 0.872398
2 0.483073 0.536574 0.0734375 0.102778 0.88909
2 0.482552 0.661111 0.0880208 0.142593 0.90703
