0 0.911979 0.466667 0.0125 0.0574074 0.251428
2 0.841406 0.103241 0.0161458 0.0287037 0.336702
7 0.94974 0.298611 0.100521 0.597222 0.366861
9 0.973958 0.738426 0.0125 0.0546296 0.379665
0 0.911198 0.69537 0.0119792 0.0388889 0.439528
0 0.926302 0.91713 0.0234375 0.0953704 0.453644
2 0.48099 0.228704 0.0369792 0.0444444 0.498929
0 0.890625 0.710648 0.0166667 0.075 0.539102
5 0.442187 0.219444 0.122917 0.111111 0.704161
2 0.383333 0.328241 0.0583333 0.0787037 0.753402
5 0.0440104 0.592593 0.0880208 0.140741 0.779118
2 0.446354 0.27963 0.046875 0.0574074 0.817554
2 0.349479 0.725 0.0864583 0.166667 0.830957
2 0.164062 0.531482 0.0625 0.0888889 0.845474
