2 0.210677 0.284259 0.0380208 0.0722222 0.347471
0 0.925521 0.733796 0.0197917 0.075 0.358858
0 0.882552 0.7375 0.0171875 0.0564815 0.377699
0 0.916146 0.525 0.0114583 0.0592593 0.383288
9 0.974219 0.737037 0.0119792 0.0555556 0.442689
2 0.558594 0.17037 0.0255208 0.0296296 0.44304
7 0.441146 0.487037 0.0520833 0.116667 0.445592
7 0.491406 0.922222 0.163021 0.15 0.502583
2 0.441406 0.487037 0.0515625 0.116667 0.527932
2 0.829948 0.152778 0.0171875 0.0277778 0.593927
5 0.443229 0.21713 0.120833 0.108333 0.59996
2 0.529948 0.236111 0.0317708 0.0407407 0.610762
2 0.396354 0.295833 0.05 0.0583333 0.680361
2 0.396615 0.367593 0.0421875 0.062963 0.684559
2 0.405469 0.43287 0.0348958 0.0712963 0.686785
2 0.482812 0.277778 0.04375 0.0481481 0.729669
2 0.584115 0.541204 0.0796875 0.106481 0.766625
2 0.907292 0.85787 0.123958 0.193519 0.78074
2 0.856771 0.922685 0.132292 0.152778 0.828739
2 0.684635 0.893519 0.134896 0.196296 0.878119
7 0.517708 0.58287 0.1375 0.250926 0.888324
2 0.67474 0.733796 0.107813 0.147222 0.900057
