5 0.470833 0.237037 0.0385417 0.0407407 0.25148
2 0.290885 0.409259 0.0442708 0.0648148 0.277209
2 0.844531 0.0981481 0.0161458 0.0259259 0.304001
2 0.255469 0.317593 0.0213542 0.0296296 0.353802
7 0.95 0.297222 0.1 0.594444 0.377073
9 0.974219 0.7375 0.0119792 0.0527778 0.420033
0 0.447917 0.657407 0.0322917 0.0888889 0.424331
0 0.88125 0.824074 0.0197917 0.0592593 0.452436
5 0.440885 0.222685 0.117188 0.110185 0.571424
2 0.469792 0.236574 0.0364583 0.0416667 0.697943
2 0.264583 0.40463 0.0645833 0.0722222 0.772132
2 0.391667 0.319444 0.0510417 0.062963 0.844288
2 0.349479 0.725926 0.0854167 0.162963 0.854618
2 0.573177 0.92037 0.119271 0.155556 0.868743
