5 0.445833 0.260648 0.0739583 0.0842593 0.256815
9 0.974219 0.738426 0.0119792 0.0527778 0.352128
0 0.908333 0.71713 0.015625 0.0583333 0.358448
7 0.950521 0.297685 0.0989583 0.59537 0.369495
2 0.840885 0.10463 0.0161458 0.0277778 0.435497
2 0.481771 0.228704 0.0375 0.0444444 0.437145
0 0.891146 0.719444 0.0145833 0.0648148 0.474137
7 0.0307292 0.606481 0.0604167 0.116667 0.502119
5 0.442708 0.224537 0.119792 0.110185 0.634504
2 0.445573 0.27963 0.0463542 0.0555556 0.812788
2 0.349479 0.725 0.0864583 0.166667 0.828465
2 0.377344 0.330093 0.0588542 0.0861111 0.829127
2 0.141406 0.555093 0.0651042 0.0861111 0.833495
