2 0.839583 0.110648 0.0145833 0.0268519 0.280048
0 0.964844 0.598148 0.00989583 0.0425926 0.281389
0 0.914062 0.7875 0.0145833 0.0490741 0.29295
0 0.936458 0.799074 0.0166667 0.0666667 0.339231
0 0.447135 0.659722 0.0307292 0.0935185 0.362469
2 0.234635 0.275926 0.0171875 0.0277778 0.386113
9 0.973698 0.738426 0.0130208 0.0509259 0.410301
0 0.94401 0.747685 0.0130208 0.0453704 0.446042
2 0.48099 0.227778 0.0348958 0.0388889 0.452637
0 0.84974 0.824537 0.0140625 0.0601852 0.46207
0 0.8875 0.569907 0.0125 0.0638889 0.474509
5 0.442187 0.22037 0.122917 0.112963 0.620352
2 0.264323 0.326852 0.0244792 0.0388889 0.666363
2 0.903125 0.961574 0.1125 0.0768519 0.67577
2 0.395052 0.323148 0.0536458 0.062963 0.696158
2 0.446094 0.276389 0.0494792 0.062037 0.700341
5 0.229167 0.381481 0.05625 0.142593 0.871107
2 0.310937 0.634259 0.0645833 0.135185 0.891913
