0 0.0872396 0.511574 0.0255208 0.062037 0.254447
7 0.663021 0.253704 0.0583333 0.0833333 0.262861
7 0.521354 0.947222 0.146875 0.1 0.338952
2 0.596615 0.551852 0.0838542 0.116667 0.405641
7 0.597656 0.550926 0.0828125 0.118519 0.437416
2 0.555729 0.172222 0.0270833 0.0314815 0.439126
2 0.441667 0.489815 0.0510417 0.12037 0.456385
2 0.210417 0.284259 0.0385417 0.0722222 0.475152
0 0.913021 0.526389 0.0125 0.0657407 0.480586
7 0.441927 0.489352 0.0515625 0.121296 0.500448
9 0.974219 0.736111 0.0109375 0.0518519 0.526444
2 0.83151 0.148611 0.0182292 0.0287037 0.545022
0 0.929688 0.527778 0.0135417 0.0759259 0.559441
2 0.406771 0.436574 0.0333333 0.0657407 0.562719
2 0.395833 0.295833 0.0489583 0.0583333 0.612801
0 0.882292 0.74537 0.0197917 0.0759259 0.631511
5 0.44401 0.216204 0.120312 0.106481 0.645218
2 0.526042 0.238889 0.0322917 0.037037 0.665773
2 0.478385 0.28287 0.0432292 0.0472222 0.729169
2 0.393229 0.373148 0.040625 0.0685185 0.731346
2 0.942708 0.894444 0.113542 0.196296 0.739025
2 0.870833 0.930556 0.139583 0.135185 0.749568
2 0.696094 0.902315 0.138021 0.193519 0.868693
7 0.519271 0.587037 0.138542 0.257407 0.892277
2 0.686198 0.744907 0.111979 0.149074 0.897254
