2 0.45 0.256481 0.071875 0.0759259 0.250826
2 0.216406 0.252778 0.0213542 0.0259259 0.274162
0 0.927604 0.746759 0.0145833 0.0638889 0.278741
0 0.914583 0.738889 0.0166667 0.0851852 0.308205
0 0.889583 0.524074 0.0104167 0.0574074 0.376531
0 0.93776 0.802315 0.0161458 0.0564815 0.38343
0 0.959635 0.814815 0.0234375 0.0666667 0.403888
7 0.235677 0.334722 0.0546875 0.10463 0.445095
5 0.235677 0.334259 0.0536458 0.103704 0.461907
0 0.973698 0.740278 0.0119792 0.0527778 0.499821
2 0.839844 0.107407 0.0171875 0.0314815 0.516041
2 0.482031 0.228241 0.0380208 0.0416667 0.548175
0 0.952083 0.746759 0.015625 0.0638889 0.552637
5 0.44349 0.218519 0.120312 0.101852 0.640414
2 0.395052 0.320833 0.0557292 0.0657407 0.667347
2 0.271875 0.468981 0.034375 0.087963 0.702919
2 0.451042 0.274074 0.04375 0.0574074 0.814492
2 0.72526 0.835648 0.135937 0.197222 0.916275
