9 0.973958 0.7375 0.0125 0.0527778 0.267704
2 0.840104 0.108333 0.015625 0.0277778 0.289155
0 0.973698 0.7375 0.0119792 0.0527778 0.297635
7 0.665104 0.255093 0.0614583 0.0861111 0.303487
0 0.0877604 0.510648 0.0255208 0.062037 0.34859
0 0.891406 0.465741 0.00989583 0.0481481 0.42801
2 0.476823 0.241667 0.0546875 0.0648148 0.452107
0 0.934896 0.656482 0.0135417 0.0555556 0.466881
0 0.875781 0.757407 0.0130208 0.0666667 0.498256
5 0.219531 0.30463 0.0473958 0.0833333 0.601797
7 0.947656 0.911574 0.104687 0.160185 0.608762
5 0.442708 0.218056 0.123958 0.108333 0.641176
2 0.273177 0.338426 0.0265625 0.0416667 0.672029
2 0.947917 0.912037 0.103125 0.162963 0.674993
2 0.396875 0.31713 0.0583333 0.0787037 0.68655
2 0.491406 0.587037 0.0890625 0.124074 0.837369
2 0.701563 0.811111 0.123958 0.174074 0.872089
