0 0.941146 0.794444 0.01875 0.0648148 0.267215
2 0.871615 0.564352 0.0192708 0.0287037 0.283386
0 0.889063 0.861111 0.015625 0.0648148 0.298287
9 0.352083 0.355093 0.0145833 0.0435185 0.315582
2 0.840885 0.110185 0.0161458 0.0277778 0.343228
0 0.91276 0.85787 0.0161458 0.0638889 0.351913
2 0.253125 0.3125 0.0208333 0.0305556 0.392733
0 0.890885 0.62963 0.0130208 0.062963 0.455423
2 0.391667 0.326389 0.046875 0.0564815 0.464138
2 0.482812 0.228241 0.0375 0.0435185 0.477619
0 0.930469 0.523148 0.0130208 0.0648148 0.482397
9 0.974219 0.7375 0.0119792 0.0527778 0.535221
5 0.425 0.228241 0.0854167 0.0898148 0.577466
0 0.905208 0.791667 0.0229167 0.0814815 0.601358
2 0.265885 0.388889 0.0296875 0.0592593 0.743107
2 0.445052 0.281019 0.0463542 0.0583333 0.763801
2 0.345052 0.715278 0.0848958 0.162037 0.903421
5 0.148698 0.48287 0.147396 0.210185 0.91024
