0 0.918229 0.7625 0.0177083 0.0638889 0.253086
5 0.238281 0.370833 0.0432292 0.134259 0.282361
0 0.84974 0.825926 0.0130208 0.0537037 0.287711
0 0.90651 0.763889 0.0161458 0.0703704 0.291657
9 0.973698 0.737037 0.0119792 0.0518519 0.355154
0 0.973437 0.7375 0.0114583 0.0509259 0.366938
0 0.977344 0.608333 0.0140625 0.0722222 0.413076
2 0.482292 0.22963 0.0375 0.0425926 0.433568
7 0.238021 0.369444 0.0416667 0.135185 0.434673
0 0.936719 0.798148 0.0161458 0.0666667 0.439303
2 0.839583 0.110648 0.0145833 0.025 0.457102
0 0.946875 0.751389 0.015625 0.0490741 0.477631
2 0.261198 0.321296 0.0255208 0.0388889 0.523541
0 0.447656 0.662037 0.0328125 0.0981481 0.528777
2 0.852865 0.9375 0.133854 0.123148 0.562766
5 0.439844 0.218056 0.127604 0.106481 0.585566
2 0.446615 0.275926 0.0453125 0.0611111 0.747687
2 0.396094 0.319907 0.0557292 0.0712963 0.749572
2 0.296875 0.593056 0.0552083 0.121296 0.863447
