2 0.841406 0.103704 0.0161458 0.0277778 0.307859
0 0.0869792 0.5125 0.025 0.0675926 0.313986
0 0.908594 0.70787 0.0140625 0.0453704 0.335225
7 0.95 0.298148 0.1 0.596296 0.377552
9 0.974219 0.738426 0.0119792 0.0527778 0.384236
0 0.926302 0.928704 0.0255208 0.0759259 0.41783
2 0.48125 0.228704 0.0375 0.0444444 0.487908
0 0.891146 0.718518 0.0145833 0.0703704 0.497251
7 0.0372396 0.600463 0.0744792 0.119444 0.520668
5 0.0375 0.600463 0.0739583 0.121296 0.585989
2 0.378906 0.328704 0.0578125 0.0833333 0.737559
5 0.442187 0.219444 0.122917 0.112963 0.739199
2 0.446354 0.279167 0.046875 0.0583333 0.811049
2 0.349479 0.725 0.0864583 0.166667 0.827677
2 0.154948 0.546759 0.0703125 0.0953704 0.828237
