9 0.959375 0.225 0.08125 0.05 0.276752
5 0.273177 0.448148 0.0401042 0.111111 0.277996
9 0.986458 0.945833 0.0270833 0.108333 0.295914
2 0.209635 0.284259 0.0359375 0.0703704 0.342162
5 0.426302 0.244907 0.0588542 0.0824074 0.354866
2 0.842188 0.102778 0.0135417 0.0259259 0.368944
9 0.973958 0.738426 0.0125 0.0527778 0.401942
2 0.432292 0.263426 0.0416667 0.0509259 0.416122
0 0.940885 0.793519 0.0244792 0.0703704 0.442436
2 0.560417 0.208796 0.0291667 0.0361111 0.444145
5 0.444531 0.216204 0.121354 0.108333 0.445841
0 0.88125 0.744444 0.01875 0.0722222 0.44935
0 0.929167 0.744444 0.015625 0.0666667 0.474
5 0.477083 0.202778 0.0572917 0.0814815 0.50002
2 0.526823 0.240278 0.0380208 0.0435185 0.53472
2 0.814844 0.205093 0.0223958 0.0361111 0.537708
2 0.484375 0.274537 0.040625 0.0472222 0.58038
7 0.273177 0.447685 0.0401042 0.112037 0.658063
7 0.417969 0.43287 0.0401042 0.106481 0.695302
2 0.426823 0.337037 0.0432292 0.0574074 0.704348
5 0.188021 0.527315 0.0875 0.250926 0.78062
2 0.486198 0.414815 0.0432292 0.0833333 0.789922
7 0.480469 0.537037 0.118229 0.22963 0.833444
2 0.680208 0.641204 0.0947917 0.123148 0.864932
2 0.548958 0.50787 0.0822917 0.121296 0.875115
2 0.655208 0.716667 0.108333 0.148148 0.886873
2 0.791927 0.876389 0.128646 0.191667 0.90805
2 0.629948 0.842593 0.133854 0.188889 0.911181
