2 0.254427 0.318519 0.0203125 0.0314815 0.293651
0 0.973698 0.738426 0.0119792 0.0546296 0.321286
0 0.90625 0.372222 0.0104167 0.0518519 0.354763
2 0.353646 0.326389 0.0479167 0.0583333 0.355155
2 0.564323 0.725463 0.0963542 0.15463 0.595013
2 0.795573 0.276852 0.0265625 0.0481481 0.598693
0 0.864583 0.886111 0.0229167 0.0796296 0.606849
2 0.0856771 0.615741 0.0744792 0.122222 0.663318
7 0.673437 0.69537 0.105208 0.214815 0.666949
2 0.132031 0.542593 0.0536458 0.0777778 0.668883
2 0.200781 0.492593 0.0661458 0.0981481 0.779741
5 0.423438 0.234722 0.126042 0.123148 0.804084
2 0.349219 0.724537 0.0859375 0.162037 0.832996
