0 0.448177 0.658796 0.0317708 0.0898148 0.25498
0 0.908073 0.599074 0.0182292 0.0481481 0.262257
2 0.39974 0.310185 0.0494792 0.0648148 0.271854
0 0.939062 0.551389 0.015625 0.0583333 0.272972
9 0.974219 0.737963 0.0130208 0.0518519 0.27332
0 0.91901 0.758333 0.0151042 0.0611111 0.337056
0 0.936719 0.799537 0.0161458 0.0675926 0.359426
2 0.246615 0.300926 0.0213542 0.0333333 0.445108
0 0.896615 0.806944 0.0151042 0.0546296 0.477373
2 0.839323 0.108333 0.0171875 0.0277778 0.478704
2 0.384115 0.325926 0.0328125 0.0574074 0.497362
5 0.429427 0.224537 0.0911458 0.0935185 0.542671
0 0.888281 0.603241 0.0140625 0.0583333 0.544704
2 0.479688 0.229167 0.0375 0.0416667 0.562951
2 0.269271 0.352315 0.0260417 0.0472222 0.612912
2 0.445312 0.281019 0.046875 0.062037 0.779528
5 0.190625 0.433333 0.11875 0.181481 0.858317
2 0.336458 0.697685 0.078125 0.156481 0.898148
