2 0.548177 0.199537 0.0338542 0.0398148 0.275008
7 0.671875 0.263426 0.0729167 0.108333 0.370772
2 0.732552 0.337037 0.0380208 0.062963 0.498745
2 0.254948 0.31713 0.0213542 0.0342593 0.512479
7 0.732552 0.3375 0.0390625 0.062037 0.522978
2 0.821615 0.172222 0.0151042 0.0333333 0.597883
2 0.5375 0.226389 0.0354167 0.0416667 0.67426
0 0.883594 0.749074 0.0213542 0.0796296 0.691984
7 0.778646 0.3625 0.0479167 0.0972222 0.692157
2 0.163802 0.486574 0.0609375 0.0768519 0.788155
2 0.804688 0.9375 0.103125 0.121296 0.814072
2 0.349219 0.725 0.0869792 0.166667 0.820392
5 0.369792 0.275463 0.152083 0.147222 0.869233
