2 0.840365 0.0986111 0.0171875 0.0287037 0.257266
0 0.872656 0.443519 0.0109375 0.0518519 0.301843
0 0.913021 0.736574 0.0145833 0.0601852 0.32206
9 0.351823 0.352778 0.0130208 0.0425926 0.323585
2 0.459635 0.300463 0.0432292 0.0416667 0.33263
9 0.973437 0.739815 0.0125 0.0518519 0.339042
0 0.895052 0.432407 0.00989583 0.0518519 0.362037
2 0.4875 0.269907 0.0447917 0.0453704 0.369341
2 0.530469 0.2375 0.0401042 0.0435185 0.404009
0 0.928385 0.741667 0.0140625 0.0685185 0.407664
2 0.267448 0.318981 0.0348958 0.062037 0.447502
7 0.664323 0.25463 0.0598958 0.087037 0.482493
0 0.938542 0.791667 0.0239583 0.0759259 0.482916
0 0.880469 0.686111 0.0130208 0.0555556 0.534416
2 0.782292 0.322222 0.0375 0.0518519 0.596337
2 0.232812 0.440278 0.040625 0.0675926 0.630511
2 0.479948 0.364352 0.0328125 0.0675926 0.677682
2 0.673437 0.644907 0.115625 0.160185 0.697995
2 0.4875 0.439352 0.0541667 0.0972222 0.730672
5 0.215104 0.612963 0.08125 0.309259 0.772458
7 0.423958 0.444444 0.0677083 0.177778 0.803431
2 0.539062 0.510185 0.0697917 0.0962963 0.809732
5 0.48151 0.197222 0.107813 0.105556 0.855617
2 0.535677 0.591667 0.0838542 0.116667 0.884639
2 0.747396 0.827778 0.133333 0.183333 0.895183
2 0.576302 0.77963 0.114063 0.172222 0.901583
