5 0.476823 0.199074 0.0578125 0.0703704 0.287779
0 0.447656 0.659259 0.0296875 0.0907407 0.33833
2 0.839583 0.108796 0.0166667 0.0268519 0.362488
0 0.915625 0.478704 0.0145833 0.062963 0.376776
0 0.90599 0.965278 0.0265625 0.0638889 0.38377
0 0.91224 0.672222 0.0109375 0.037037 0.384021
2 0.253906 0.320833 0.0296875 0.0398148 0.414398
0 0.88724 0.966667 0.0213542 0.062963 0.435934
0 0.915885 0.87963 0.0244792 0.0759259 0.502626
5 0.432292 0.222222 0.0958333 0.0981481 0.522829
9 0.973958 0.738426 0.0125 0.0527778 0.528734
2 0.395312 0.315278 0.05625 0.0805556 0.584974
0 0.890885 0.688889 0.0140625 0.0666667 0.617422
2 0.445312 0.27963 0.0479167 0.0574074 0.67499
5 0.0682292 0.573611 0.136458 0.202778 0.80663
2 0.204167 0.488426 0.0552083 0.0824074 0.850825
2 0.349219 0.725463 0.0859375 0.163889 0.865108
