2 0.480469 0.228704 0.0328125 0.037037 0.264095
0 0.906771 0.731019 0.015625 0.0435185 0.309677
0 0.909635 0.449074 0.0119792 0.0574074 0.343229
5 0.478646 0.196759 0.0520833 0.0657407 0.36557
0 0.0869792 0.510648 0.0239583 0.0638889 0.415403
0 0.88776 0.747685 0.0151042 0.0787037 0.46247
9 0.974219 0.7375 0.0130208 0.0509259 0.531714
5 0.426562 0.230556 0.0854167 0.0962963 0.642452
2 0.0945313 0.606481 0.0661458 0.0907407 0.720832
2 0.438802 0.281481 0.0463542 0.0555556 0.750097
2 0.3625 0.338426 0.0625 0.0842593 0.794762
2 0.34974 0.726389 0.0859375 0.163889 0.853815
