0 0.921094 0.739352 0.0265625 0.0712963 0.250166
0 0.904167 0.480093 0.0104167 0.0546296 0.292598
7 0.670833 0.264352 0.0697917 0.10463 0.376707
7 0.240365 0.371759 0.0463542 0.136111 0.390071
0 0.973958 0.738426 0.0114583 0.0527778 0.42103
2 0.530729 0.237963 0.0375 0.0388889 0.442052
0 0.936979 0.793519 0.0197917 0.0685185 0.452199
0 0.928906 0.74213 0.0140625 0.0694444 0.471442
0 0.886458 0.570833 0.0125 0.0657407 0.502357
5 0.209896 0.276852 0.053125 0.0925926 0.514631
2 0.49974 0.305093 0.0390625 0.0583333 0.569471
2 0.46224 0.371296 0.0338542 0.0740741 0.609564
2 0.653906 0.835185 0.123438 0.174074 0.731619
7 0.409896 0.385185 0.0447917 0.151852 0.743275
2 0.449479 0.497222 0.0614583 0.0962963 0.771049
2 0.478646 0.439352 0.046875 0.0824074 0.786766
2 0.540885 0.50463 0.0838542 0.131481 0.821124
2 0.632552 0.461574 0.0869792 0.0768519 0.878389
2 0.416667 0.564815 0.0666667 0.114815 0.884173
2 0.558073 0.619444 0.0973958 0.12963 0.917088
