2 0.482031 0.228704 0.0338542 0.037037 0.267956
7 0.21224 0.289352 0.0401042 0.0787037 0.272584
0 0.929948 0.736574 0.0234375 0.062037 0.283597
5 0.478906 0.19213 0.0536458 0.0564815 0.292689
9 0.973698 0.7375 0.0119792 0.0509259 0.294666
5 0.21224 0.289352 0.0390625 0.0787037 0.319889
7 0.666667 0.256481 0.0635417 0.0907407 0.320354
0 0.0575521 0.680556 0.0119792 0.0444444 0.327239
5 0.450521 0.268519 0.0489583 0.0666667 0.327267
0 0.973437 0.738889 0.0125 0.0518519 0.328659
0 0.894531 0.433333 0.00989583 0.0425926 0.353402
7 0.959115 0.953241 0.0817708 0.0898148 0.366708
0 0.921875 0.724537 0.015625 0.0638889 0.434779
2 0.840365 0.106481 0.0161458 0.0314815 0.459204
0 0.936458 0.797222 0.0229167 0.0703704 0.498176
0 0.910937 0.583333 0.0135417 0.062963 0.500362
0 0.882292 0.744907 0.0177083 0.0731481 0.538701
2 0.452344 0.271759 0.0463542 0.0638889 0.581365
5 0.424479 0.225463 0.0833333 0.0898148 0.635568
2 0.550781 0.192593 0.0286458 0.037037 0.677415
2 0.401302 0.453241 0.0442708 0.0898148 0.743681
2 0.395052 0.29537 0.0494792 0.0574074 0.764114
2 0.516667 0.619444 0.0979167 0.133333 0.842693
2 0.691927 0.672222 0.0984375 0.142593 0.869776
2 0.66875 0.778241 0.121875 0.169444 0.905804
