2 0.839583 0.110648 0.0145833 0.0268519 0.264543
0 0.94349 0.745833 0.0130208 0.0416667 0.321148
0 0.90026 0.777778 0.0171875 0.0777778 0.332273
2 0.265104 0.32963 0.0239583 0.0388889 0.353396
0 0.936458 0.799074 0.0177083 0.0685185 0.375353
0 0.447135 0.659722 0.0307292 0.0935185 0.386454
2 0.913281 0.965741 0.106771 0.062963 0.430037
9 0.973437 0.738426 0.0125 0.0509259 0.430251
2 0.480729 0.228704 0.0354167 0.0407407 0.435213
0 0.84974 0.824074 0.0140625 0.0611111 0.501581
0 0.8875 0.572685 0.0125 0.0638889 0.531499
5 0.442187 0.219907 0.122917 0.112037 0.662569
2 0.395052 0.323148 0.0536458 0.062963 0.695865
2 0.446094 0.277315 0.0494792 0.062037 0.701953
5 0.228646 0.385648 0.0604167 0.149074 0.824521
2 0.313281 0.643519 0.0661458 0.137037 0.89769
