7 0.663281 0.252778 0.0557292 0.0814815 0.303337
0 0.921875 0.731944 0.0197917 0.0731481 0.345282
0 0.929688 0.737037 0.0208333 0.0666667 0.373468
9 0.973698 0.7375 0.0119792 0.0546296 0.387037
2 0.210156 0.283333 0.0369792 0.0777778 0.387516
2 0.45 0.257407 0.0416667 0.05 0.465247
5 0.441927 0.219444 0.121354 0.109259 0.530586
0 0.882552 0.746759 0.0192708 0.0787037 0.578336
2 0.502344 0.212963 0.0359375 0.0425926 0.616568
2 0.540885 0.590278 0.0963542 0.156481 0.662946
2 0.395573 0.296759 0.0515625 0.0583333 0.686158
2 0.479167 0.29213 0.0322917 0.0509259 0.718772
2 0.389583 0.391204 0.034375 0.0731481 0.783259
2 0.92526 0.882407 0.121354 0.183333 0.818773
2 0.411979 0.45 0.0427083 0.0740741 0.820165
2 0.423177 0.334722 0.0505208 0.0601852 0.851909
7 0.739844 0.821296 0.210938 0.351852 0.91639
