7 0.950781 0.297685 0.0973958 0.59537 0.259928
5 0.421354 0.247685 0.0625 0.0861111 0.297623
0 0.90599 0.39213 0.00989583 0.0490741 0.34872
2 0.425521 0.271296 0.0395833 0.05 0.357713
2 0.257552 0.317593 0.0265625 0.0351852 0.395511
0 0.0875 0.513889 0.025 0.0685185 0.427224
0 0.851562 0.973148 0.0229167 0.0518519 0.519691
5 0.441927 0.222685 0.122396 0.119444 0.752844
2 0.286198 0.404167 0.0765625 0.087963 0.757947
2 0.349219 0.724074 0.0859375 0.166667 0.791879
2 0.196615 0.5 0.0723958 0.111111 0.797894
2 0.758594 0.421296 0.0463542 0.0777778 0.799505
2 0.0611979 0.59213 0.0630208 0.0935185 0.802163
