0 0.0861979 0.510648 0.0213542 0.0583333 0.309572
7 0.794792 0.310648 0.040625 0.0805556 0.366271
9 0.350521 0.353241 0.0145833 0.0453704 0.371175
9 0.973177 0.737037 0.0140625 0.0537037 0.411956
0 0.935677 0.668519 0.0192708 0.0666667 0.425034
2 0.511979 0.219444 0.0333333 0.0388889 0.459182
2 0.79401 0.311111 0.0401042 0.0796296 0.482856
2 0.757031 0.276852 0.0307292 0.0481481 0.541008
2 0.569271 0.202778 0.0270833 0.037037 0.571113
2 0.827865 0.154167 0.0161458 0.0287037 0.651662
2 0.498958 0.25787 0.0375 0.0527778 0.685816
0 0.885156 0.722685 0.0223958 0.087963 0.715182
5 0.390365 0.258333 0.0713542 0.0907407 0.762688
2 0.825521 0.913426 0.101042 0.171296 0.835441
2 0.349479 0.725463 0.0854167 0.163889 0.840044
2 0.0835937 0.568519 0.0609375 0.0851852 0.855881
5 0.317969 0.313426 0.100521 0.130556 0.872788
2 0.470052 0.93287 0.113021 0.132407 0.886069
