7 0.210938 0.286111 0.0395833 0.0722222 0.255656
2 0.245312 0.809259 0.1875 0.381481 0.255715
2 0.59401 0.147222 0.0203125 0.0296296 0.316853
2 0.210417 0.284259 0.0385417 0.0722222 0.374232
7 0.244792 0.806481 0.190625 0.377778 0.375423
5 0.476823 0.208333 0.0557292 0.0925926 0.3872
9 0.974219 0.7375 0.0119792 0.0527778 0.390235
7 0.6625 0.251852 0.0552083 0.0777778 0.407961
0 0.0106771 0.984259 0.0192708 0.0296296 0.424878
2 0.511198 0.25463 0.0432292 0.0444444 0.426347
0 0.9375 0.794907 0.0208333 0.0694444 0.43081
0 0.929167 0.742593 0.015625 0.0648148 0.438044
5 0.438542 0.218981 0.111458 0.100926 0.447991
2 0.547656 0.221759 0.0328125 0.037963 0.464449
2 0.824219 0.175 0.0171875 0.0296296 0.472556
2 0.397396 0.294444 0.046875 0.0592593 0.485701
2 0.515104 0.462963 0.059375 0.087037 0.569257
2 0.401823 0.396296 0.0390625 0.0740741 0.604853
5 0.244271 0.80787 0.189583 0.380556 0.610083
2 0.914062 0.875926 0.101042 0.159259 0.640995
2 0.435156 0.471759 0.0536458 0.113889 0.663835
0 0.88151 0.745833 0.0203125 0.0768519 0.669623
2 0.448438 0.30787 0.0427083 0.0527778 0.689081
7 0.304167 0.660185 0.0802083 0.190741 0.743681
7 0.517187 0.58287 0.138542 0.247222 0.902448
2 0.673958 0.625463 0.108333 0.14537 0.906736
2 0.668229 0.727315 0.110417 0.149074 0.910737
2 0.65625 0.866204 0.135417 0.191667 0.912175
2 0.796094 0.87963 0.130729 0.192593 0.917657
