2 0.789062 0.931019 0.109375 0.130556 0.250121
2 0.560156 0.208333 0.0317708 0.0351852 0.251921
2 0.43151 0.32963 0.0328125 0.0611111 0.252221
2 0.839583 0.101852 0.01875 0.0277778 0.296461
0 0.0875 0.511574 0.0239583 0.062037 0.32955
0 0.898177 0.471296 0.00989583 0.05 0.363914
9 0.973698 0.738426 0.0119792 0.0527778 0.392614
0 0.959115 0.816204 0.0223958 0.0657407 0.396857
5 0.221354 0.306944 0.0447917 0.0935185 0.443573
7 0.799219 0.92963 0.128646 0.133333 0.449094
0 0.914062 0.733796 0.0177083 0.0768519 0.481698
2 0.529948 0.237963 0.0390625 0.0388889 0.48805
0 0.885938 0.60787 0.0135417 0.0527778 0.519405
0 0.9375 0.793519 0.0197917 0.0703704 0.546157
0 0.929427 0.741667 0.0151042 0.0722222 0.615942
5 0.526563 0.172685 0.0958333 0.0953704 0.676305
2 0.466146 0.398611 0.0354167 0.0842593 0.685999
7 0.41276 0.408796 0.0484375 0.134259 0.697252
2 0.727083 0.424537 0.0645833 0.0787037 0.736415
2 0.49401 0.460648 0.0557292 0.0824074 0.781445
2 0.489583 0.322222 0.0375 0.0611111 0.784136
5 0.225781 0.425 0.0557292 0.166667 0.82144
2 0.582812 0.55787 0.0947917 0.132407 0.829025
2 0.459115 0.62963 0.0838542 0.133333 0.859608
2 0.470573 0.522685 0.0682292 0.0990741 0.886008
2 0.628906 0.693981 0.109896 0.149074 0.897853
