0 0.884896 0.509259 0.0104167 0.0518519 0.270779
0 0.904167 0.481019 0.0104167 0.0472222 0.273177
7 0.234115 0.327315 0.0505208 0.0953704 0.27787
9 0.973958 0.737037 0.0114583 0.0518519 0.352366
2 0.464323 0.351389 0.0359375 0.0675926 0.370801
2 0.567969 0.202778 0.0244792 0.0351852 0.394091
0 0.936979 0.795833 0.0177083 0.062037 0.421571
0 0.929427 0.737037 0.0130208 0.0666667 0.422489
3 0.828385 0.81713 0.0484375 0.0842593 0.446339
7 0.667448 0.260185 0.0661458 0.0981481 0.447115
2 0.464844 0.403704 0.0359375 0.0722222 0.488563
0 0.913542 0.737037 0.015625 0.0833333 0.490838
2 0.520833 0.278704 0.0364583 0.05 0.516358
7 0.410156 0.378704 0.0442708 0.15 0.685452
2 0.435677 0.47963 0.0536458 0.0925926 0.765008
2 0.233854 0.891204 0.090625 0.184259 0.773907
2 0.385417 0.506944 0.05 0.100926 0.848842
2 0.461979 0.636111 0.08125 0.125926 0.855629
2 0.509375 0.478241 0.0729167 0.100926 0.858217
2 0.547396 0.44213 0.06875 0.0805556 0.882742
2 0.497396 0.559259 0.0802083 0.114815 0.890533
