0 0.959635 0.815278 0.0213542 0.0638889 0.26844
7 0.208073 0.272685 0.0526042 0.0842593 0.277382
0 0.911979 0.741204 0.0145833 0.0601852 0.283631
2 0.561458 0.206481 0.03125 0.037037 0.360961
5 0.240104 0.354167 0.0510417 0.123148 0.364347
7 0.240365 0.355556 0.0505208 0.124074 0.382306
5 0.208333 0.274074 0.053125 0.087037 0.404549
0 0.88776 0.555093 0.0119792 0.062037 0.41287
0 0.903385 0.481481 0.00989583 0.0574074 0.415845
0 0.9375 0.793519 0.0208333 0.0685185 0.415877
9 0.973698 0.738426 0.0119792 0.0527778 0.426213
0 0.928646 0.742593 0.0145833 0.0703704 0.457502
2 0.503906 0.299074 0.0390625 0.0537037 0.491093
2 0.530208 0.2375 0.0385417 0.037963 0.496225
2 0.4625 0.3625 0.0364583 0.0768519 0.591524
2 0.28724 0.961574 0.0901042 0.075 0.605731
2 0.585417 0.772685 0.111458 0.163889 0.619694
7 0.410417 0.380556 0.04375 0.15 0.699217
2 0.472656 0.426852 0.0432292 0.0777778 0.767945
2 0.403385 0.54213 0.0588542 0.113889 0.824355
2 0.527604 0.49537 0.0802083 0.114815 0.83255
2 0.591406 0.458796 0.0828125 0.0824074 0.863153
2 0.44375 0.491204 0.059375 0.0972222 0.86419
2 0.532812 0.596759 0.090625 0.121296 0.900225
