2 0.560156 0.20787 0.0317708 0.0416667 0.286227
0 0.973177 0.740278 0.0119792 0.0527778 0.28907
0 0.352344 0.353704 0.0119792 0.0407407 0.299736
0 0.872917 0.443519 0.0104167 0.0518519 0.314465
2 0.839844 0.0986111 0.0171875 0.0305556 0.331011
0 0.894792 0.435185 0.009375 0.0518519 0.34398
9 0.973698 0.738889 0.0119792 0.0518519 0.383547
0 0.913021 0.733796 0.0166667 0.0731481 0.409947
2 0.488542 0.270833 0.040625 0.0453704 0.414695
2 0.459635 0.298611 0.0442708 0.0453704 0.42256
0 0.928906 0.741667 0.0140625 0.0703704 0.430714
7 0.666406 0.259722 0.0630208 0.0972222 0.433089
7 0.232292 0.336574 0.0552083 0.106481 0.440406
0 0.882031 0.678241 0.0130208 0.0657407 0.485852
7 0.209115 0.574537 0.0755208 0.271296 0.499042
0 0.936979 0.793519 0.0197917 0.0703704 0.510666
2 0.779167 0.338426 0.0354167 0.0546296 0.6105
2 0.53099 0.237037 0.0390625 0.0407407 0.656498
2 0.479948 0.356019 0.0328125 0.0675926 0.676308
2 0.247656 0.418981 0.0359375 0.0675926 0.68189
7 0.422135 0.436111 0.0630208 0.174074 0.699123
5 0.208854 0.575 0.0739583 0.277778 0.75441
2 0.654688 0.628241 0.110417 0.150926 0.798062
2 0.482812 0.432407 0.0510417 0.0907407 0.840023
2 0.53151 0.502778 0.0661458 0.0944444 0.842214
5 0.489844 0.192593 0.111979 0.107407 0.84254
2 0.522917 0.578704 0.08125 0.114815 0.876974
2 0.554427 0.753241 0.109896 0.167593 0.909447
2 0.733333 0.806481 0.125 0.181481 0.913339
