7 0.952344 0.29537 0.0953125 0.590741 0.255765
2 0.607813 0.168056 0.0197917 0.0305556 0.333458
2 0.62474 0.593518 0.0755208 0.12037 0.41714
7 0.624479 0.593518 0.0760417 0.12037 0.483559
2 0.0705729 0.606019 0.0494792 0.0657407 0.488039
2 0.0523437 0.646759 0.0453125 0.0694444 0.525854
2 0.803906 0.243981 0.0244792 0.0435185 0.652443
7 0.711719 0.581944 0.0828125 0.176852 0.797641
2 0.35 0.725463 0.0854167 0.165741 0.833665
2 0.160156 0.533333 0.0671875 0.107407 0.875613
5 0.415885 0.241667 0.131771 0.131481 0.891662
