2 0.864323 0.0939815 0.0140625 0.0268519 0.262969
5 0.451302 0.263426 0.0536458 0.0638889 0.315162
0 0.917188 0.721759 0.015625 0.0657407 0.323802
2 0.483333 0.227315 0.0354167 0.0416667 0.395819
0 0.972917 0.738889 0.0114583 0.0518519 0.422931
2 0.946354 0.975463 0.0833333 0.0453704 0.429348
0 0.860156 0.795833 0.0151042 0.0694444 0.446681
0 0.952083 0.735185 0.0145833 0.0592593 0.460645
0 0.889844 0.51713 0.00989583 0.0564815 0.47694
2 0.233594 0.328704 0.0526042 0.0981481 0.480459
7 0.233854 0.32963 0.0520833 0.0962963 0.490698
2 0.839323 0.10787 0.0171875 0.0287037 0.50858
5 0.442969 0.222222 0.121354 0.101852 0.561373
2 0.396354 0.316204 0.0541667 0.0768519 0.712724
2 0.452604 0.270833 0.0458333 0.0601852 0.733153
2 0.271615 0.439815 0.0328125 0.0740741 0.748187
2 0.685417 0.795833 0.130208 0.186111 0.926218
