0 0.0875 0.511111 0.025 0.062963 0.250407
2 0.839323 0.110185 0.0151042 0.0259259 0.287299
0 0.900521 0.777778 0.0135417 0.0611111 0.300412
0 0.447135 0.659722 0.0307292 0.0935185 0.366765
0 0.888021 0.563426 0.0125 0.062037 0.38657
0 0.85 0.825 0.0135417 0.0592593 0.399006
0 0.946094 0.752778 0.0140625 0.0462963 0.412286
9 0.973437 0.737963 0.0125 0.0518519 0.416374
2 0.48125 0.228704 0.0354167 0.0388889 0.465761
0 0.935417 0.8 0.0145833 0.062963 0.501157
2 0.263542 0.323148 0.0260417 0.0388889 0.50849
5 0.442187 0.22037 0.122917 0.112963 0.617695
2 0.876823 0.946759 0.124479 0.10463 0.633045
2 0.394531 0.324074 0.0536458 0.062963 0.681339
2 0.445312 0.276389 0.046875 0.0601852 0.702396
5 0.234635 0.373611 0.0505208 0.136111 0.726753
2 0.302604 0.611111 0.059375 0.131481 0.860747
