0 0.0875 0.511574 0.025 0.0638889 0.256084
9 0.973958 0.7375 0.0125 0.0546296 0.259965
9 0.352083 0.352778 0.0135417 0.0444444 0.282272
0 0.892969 0.428704 0.00989583 0.0425926 0.314757
0 0.922135 0.724074 0.0140625 0.062963 0.316241
0 0.932552 0.744444 0.0192708 0.0666667 0.328683
2 0.933854 0.941667 0.127083 0.112963 0.368424
2 0.839583 0.108796 0.0166667 0.0268519 0.383246
2 0.211979 0.2875 0.040625 0.075 0.395691
7 0.932813 0.941667 0.122917 0.114815 0.477507
0 0.936198 0.798611 0.0223958 0.0694444 0.495653
0 0.881771 0.744907 0.0177083 0.0731481 0.528479
0 0.90651 0.572222 0.0140625 0.062963 0.555856
2 0.467187 0.263889 0.0447917 0.0518519 0.567691
2 0.560156 0.185648 0.0317708 0.037963 0.685873
5 0.442969 0.216204 0.123438 0.108333 0.702843
2 0.395573 0.295833 0.0505208 0.0564815 0.718483
2 0.501042 0.594444 0.0822917 0.124074 0.838206
2 0.396094 0.438889 0.0380208 0.0851852 0.838866
2 0.654688 0.638889 0.0916667 0.131481 0.902749
2 0.638542 0.742593 0.115625 0.157407 0.914069
