9 0.0549479 0.835648 0.0140625 0.0361111 0.254183
2 0.403125 0.295833 0.040625 0.0564815 0.275322
0 0.944531 0.555556 0.0130208 0.0592593 0.286122
2 0.396615 0.318981 0.0515625 0.0675926 0.321423
0 0.908073 0.605556 0.0213542 0.0722222 0.354019
0 0.448177 0.660648 0.0317708 0.0935185 0.361435
2 0.245573 0.296759 0.0203125 0.0324074 0.37683
0 0.911458 0.799074 0.0166667 0.0592593 0.381916
9 0.974479 0.737037 0.0125 0.05 0.390162
0 0.85026 0.824074 0.0151042 0.0611111 0.400432
0 0.922135 0.755093 0.0182292 0.0583333 0.402659
0 0.897396 0.801852 0.0145833 0.0555556 0.418741
0 0.936979 0.797685 0.01875 0.0712963 0.478742
2 0.384375 0.326852 0.0333333 0.0574074 0.508527
2 0.839583 0.108796 0.0166667 0.0268519 0.517135
2 0.480208 0.228241 0.0375 0.0416667 0.560931
2 0.269271 0.350926 0.028125 0.0425926 0.572206
5 0.433333 0.224537 0.0979167 0.0972222 0.580152
0 0.88776 0.59537 0.0130208 0.0574074 0.588565
2 0.445573 0.280556 0.0473958 0.0648148 0.779046
5 0.199479 0.423611 0.101042 0.175 0.844154
2 0.333854 0.690278 0.0770833 0.152778 0.909349
