2 0.841927 0.104167 0.0130208 0.025 0.261362
5 0.442969 0.24213 0.0838542 0.087963 0.305164
0 0.938542 0.796759 0.021875 0.0694444 0.311393
0 0.89974 0.392593 0.0109375 0.0481481 0.317862
2 0.365625 0.944444 0.153125 0.111111 0.319546
7 0.669792 0.261111 0.06875 0.0981481 0.33918
9 0.973958 0.737963 0.0125 0.0537037 0.354256
2 0.209896 0.284259 0.0364583 0.0703704 0.358597
2 0.560677 0.208796 0.0296875 0.0361111 0.379592
5 0.476562 0.201389 0.0572917 0.0787037 0.380924
7 0.191146 0.50787 0.0822917 0.230556 0.417608
2 0.527344 0.240278 0.0369792 0.0398148 0.429142
2 0.969271 0.926389 0.0604167 0.139815 0.452446
0 0.88125 0.74537 0.0177083 0.0722222 0.461098
0 0.928646 0.744444 0.0166667 0.0666667 0.464829
5 0.450781 0.209722 0.109896 0.0972222 0.486102
2 0.81276 0.209722 0.0213542 0.0361111 0.49078
2 0.438802 0.261111 0.0411458 0.0518519 0.501019
2 0.486458 0.274074 0.040625 0.0444444 0.529771
7 0.272917 0.434259 0.040625 0.101852 0.574556
2 0.484635 0.409722 0.0421875 0.0824074 0.584561
7 0.416406 0.429167 0.0348958 0.108333 0.625549
5 0.191927 0.507407 0.0859375 0.237037 0.65843
2 0.431771 0.332407 0.0427083 0.0555556 0.703271
7 0.475 0.528704 0.115625 0.225926 0.835346
2 0.542708 0.5 0.0802083 0.125926 0.855491
2 0.648438 0.706481 0.10625 0.140741 0.872266
2 0.660677 0.624074 0.0890625 0.118519 0.883543
2 0.790885 0.875463 0.128646 0.191667 0.901057
2 0.628385 0.84213 0.128646 0.19537 0.917521
