2 0.585677 0.183796 0.0338542 0.0490741 0.263148
0 0.965365 0.67963 0.0130208 0.0481481 0.295756
2 0.254427 0.31713 0.0213542 0.0324074 0.318249
7 0.670573 0.262037 0.0692708 0.103704 0.323216
9 0.351302 0.355093 0.0140625 0.0416667 0.41125
2 0.533594 0.202315 0.0338542 0.0342593 0.570464
7 0.785417 0.3375 0.0427083 0.0898148 0.602775
2 0.74401 0.306019 0.0338542 0.0546296 0.611865
2 0.825521 0.164815 0.0177083 0.0277778 0.633034
0 0.883594 0.739352 0.0203125 0.0842593 0.673312
2 0.813802 0.925926 0.101562 0.144444 0.772288
2 0.520573 0.2375 0.0359375 0.0509259 0.797949
2 0.130208 0.521296 0.0614583 0.0777778 0.828383
2 0.349479 0.725463 0.0864583 0.163889 0.836677
5 0.359635 0.28287 0.153646 0.15463 0.85164
