0 0.116146 0.464352 0.0114583 0.0435185 0.272913
0 0.0596354 0.621296 0.0130208 0.0537037 0.305159
0 0.935938 0.797685 0.0208333 0.0657407 0.313614
2 0.209896 0.28287 0.0364583 0.075 0.324289
0 0.888281 0.447685 0.0182292 0.10463 0.342186
9 0.974219 0.738889 0.0119792 0.0537037 0.396858
5 0.610156 0.666204 0.114063 0.178704 0.479141
2 0.45026 0.259259 0.0380208 0.0425926 0.503703
7 0.611198 0.665741 0.115104 0.177778 0.541328
0 0.882292 0.746296 0.0177083 0.0740741 0.546582
5 0.440365 0.219907 0.122396 0.108333 0.619272
5 0.840104 0.870833 0.205208 0.25463 0.619522
7 0.839844 0.87037 0.204688 0.251852 0.659599
2 0.396354 0.296296 0.05 0.0574074 0.666395
2 0.389844 0.401852 0.0338542 0.0759259 0.784203
2 0.471875 0.322222 0.028125 0.0592593 0.802264
2 0.423958 0.477315 0.0489583 0.0768519 0.805234
2 0.420052 0.337963 0.0515625 0.0611111 0.811268
