1 0.936458 0.797222 0.0229167 0.0703704 0.251967
0 0.897396 0.532407 0.0125 0.0592593 0.296549
0 0.792188 0.980093 0.0177083 0.0361111 0.326079
0 0.0880208 0.512037 0.025 0.0648148 0.326411
9 0.0611979 0.663426 0.0119792 0.0472222 0.335102
2 0.210677 0.285185 0.0359375 0.0722222 0.361796
5 0.426823 0.223148 0.0859375 0.0907407 0.383417
9 0.973958 0.7375 0.0114583 0.0509259 0.404777
0 0.896354 0.459259 0.0114583 0.0462963 0.424798
0 0.922396 0.724074 0.0177083 0.0722222 0.455482
2 0.840885 0.109259 0.0151042 0.0259259 0.46785
2 0.591927 0.161574 0.0182292 0.0287037 0.471304
7 0.822135 0.885185 0.144271 0.218519 0.533388
0 0.882031 0.746296 0.0171875 0.0722222 0.54069
2 0.483594 0.226852 0.0369792 0.0388889 0.559042
2 0.520573 0.214815 0.0411458 0.0518519 0.559901
2 0.450521 0.257407 0.0427083 0.0462963 0.562889
2 0.395833 0.296296 0.05 0.0574074 0.735435
2 0.533854 0.499074 0.0614583 0.101852 0.811549
2 0.395833 0.382407 0.04375 0.0759259 0.833478
2 0.432552 0.505556 0.0640625 0.0981481 0.876201
2 0.528906 0.628704 0.0890625 0.137037 0.889688
