9 0.973698 0.737963 0.0119792 0.0537037 0.310371
7 0.668229 0.259722 0.06875 0.0972222 0.322722
2 0.589583 0.185648 0.0208333 0.0342593 0.340644
0 0.633594 0.624074 0.0317708 0.0722222 0.351417
3 0.636458 0.639352 0.0322917 0.0546296 0.37454
0 0.93776 0.792593 0.0203125 0.0685185 0.382331
2 0.490365 0.269907 0.0369792 0.0435185 0.40085
0 0.929167 0.741204 0.015625 0.0712963 0.417168
2 0.527865 0.237963 0.0328125 0.037037 0.429109
0 0.913542 0.738426 0.0177083 0.0824074 0.431194
0 0.884115 0.476852 0.0119792 0.0611111 0.440434
5 0.221094 0.305093 0.0609375 0.115741 0.476929
0 0.903906 0.484259 0.0109375 0.0555556 0.513917
2 0.464583 0.406019 0.0354167 0.0638889 0.518648
2 0.464323 0.352778 0.0359375 0.0703704 0.550905
2 0.55651 0.234259 0.0296875 0.0425926 0.594571
7 0.409896 0.378241 0.04375 0.147222 0.652024
2 0.227604 0.883333 0.0895833 0.192593 0.691724
2 0.50026 0.474074 0.0703125 0.0981481 0.763142
2 0.433073 0.476389 0.0526042 0.087963 0.842784
2 0.438021 0.602315 0.0729167 0.125 0.86609
2 0.491667 0.553704 0.0791667 0.111111 0.876847
2 0.384375 0.505556 0.05 0.101852 0.882948
2 0.543229 0.439815 0.0677083 0.0814815 0.888738
