7 0.672135 0.262963 0.0734375 0.107407 0.36797
7 0.947396 0.297685 0.105208 0.59537 0.414599
0 0.973958 0.738426 0.0125 0.0564815 0.427407
2 0.254687 0.317593 0.021875 0.0351852 0.484172
5 0.426823 0.235648 0.0578125 0.0805556 0.516766
2 0.557031 0.208333 0.0307292 0.0518519 0.544096
7 0.0453125 0.64213 0.0791667 0.106481 0.545576
2 0.795313 0.953241 0.0916667 0.0898148 0.603919
7 0.766667 0.398148 0.0520833 0.107407 0.655629
2 0.81901 0.1875 0.0182292 0.0342593 0.670189
5 0.358073 0.274074 0.0963542 0.109259 0.67243
2 0.714844 0.381019 0.0453125 0.075 0.756038
0 0.878646 0.776389 0.021875 0.087963 0.779927
2 0.20599 0.448148 0.0567708 0.0740741 0.791406
2 0.349479 0.725 0.0864583 0.166667 0.823541
