2 0.84349 0.0990741 0.0140625 0.0240741 0.255914
0 0.449479 0.659722 0.0354167 0.0972222 0.277125
9 0.973958 0.737963 0.0114583 0.0537037 0.456068
0 0.882552 0.895833 0.0161458 0.0657407 0.528486
0 0.902083 0.902778 0.0166667 0.0796296 0.581409
2 0.452083 0.253241 0.04375 0.0453704 0.639158
2 0.349219 0.723611 0.0848958 0.163889 0.803543
2 0.166406 0.488889 0.0630208 0.0851852 0.827986
2 0.701302 0.596296 0.0682292 0.122222 0.836492
5 0.443229 0.221296 0.11875 0.114815 0.843047
2 0.251042 0.444907 0.0666667 0.0972222 0.855676
