2 0.254167 0.319444 0.0208333 0.0351852 0.256578
0 0.449219 0.659259 0.0276042 0.0888889 0.261173
9 0.920313 0.897222 0.01875 0.0555556 0.303667
2 0.394271 0.313426 0.0572917 0.0787037 0.346231
2 0.480729 0.228704 0.0385417 0.0425926 0.354923
2 0.840885 0.106019 0.0151042 0.0305556 0.362719
0 0.913542 0.473148 0.0125 0.0592593 0.402382
0 0.890625 0.700463 0.015625 0.0657407 0.404874
0 0.910677 0.687963 0.0119792 0.0388889 0.419129
2 0.38125 0.320833 0.0354167 0.0601852 0.47506
9 0.973958 0.737963 0.0125 0.0537037 0.501564
0 0.828125 0.980556 0.0208333 0.037037 0.529291
5 0.439063 0.218981 0.109375 0.0972222 0.552079
5 0.0544271 0.586574 0.107813 0.178704 0.736695
2 0.445573 0.279167 0.0463542 0.0564815 0.774299
2 0.183073 0.5125 0.0598958 0.0842593 0.837865
2 0.349479 0.725926 0.0864583 0.164815 0.862566
