2 0.566146 0.181481 0.0260417 0.0351852 0.325552
2 0.607813 0.174537 0.025 0.0287037 0.339226
7 0.672135 0.262037 0.0734375 0.107407 0.343922
7 0.947656 0.298148 0.104687 0.594444 0.369944
0 0.973958 0.7375 0.0125 0.0564815 0.379068
2 0.254687 0.31713 0.021875 0.0342593 0.455172
7 0.798177 0.947222 0.0963542 0.101852 0.464015
2 0.799219 0.947222 0.0963542 0.101852 0.479884
2 0.719792 0.368056 0.0416667 0.0694444 0.557558
7 0.0403646 0.649537 0.0651042 0.100926 0.586206
2 0.819531 0.181481 0.0161458 0.0296296 0.639233
7 0.769531 0.388889 0.0505208 0.105556 0.662095
7 0.719792 0.368056 0.0416667 0.0694444 0.674348
2 0.551823 0.216204 0.0307292 0.0398148 0.695412
0 0.880208 0.77037 0.0239583 0.0814815 0.73822
2 0.349479 0.725 0.0864583 0.166667 0.821469
2 0.194531 0.459722 0.0578125 0.0712963 0.850555
5 0.377865 0.263889 0.147396 0.137037 0.861318
