0 0.922917 0.735185 0.0208333 0.0777778 0.275423
7 0.817708 0.967593 0.105208 0.0611111 0.280843
9 0.973698 0.737963 0.0119792 0.0537037 0.320279
2 0.834896 0.137963 0.0135417 0.0240741 0.320893
0 0.0611979 0.586111 0.0151042 0.0518519 0.330386
2 0.402604 0.419444 0.0427083 0.0740741 0.391305
0 0.90625 0.475926 0.0125 0.0648148 0.445772
2 0.451562 0.256944 0.0416667 0.0435185 0.44617
2 0.210417 0.285648 0.0375 0.0731481 0.44986
2 0.46849 0.510185 0.0765625 0.125926 0.526461
0 0.936458 0.796296 0.0229167 0.0722222 0.575356
2 0.523698 0.198148 0.0307292 0.0333333 0.590129
0 0.882552 0.745833 0.0182292 0.0731481 0.591419
2 0.396094 0.294907 0.0515625 0.0564815 0.666203
7 0.46875 0.510185 0.0770833 0.125926 0.678616
2 0.966146 0.933333 0.0666667 0.127778 0.698179
2 0.496875 0.26713 0.0385417 0.0453704 0.712072
5 0.44375 0.217593 0.123958 0.109259 0.772213
2 0.390625 0.390278 0.0395833 0.0712963 0.779512
2 0.408073 0.440741 0.0369792 0.0722222 0.811688
2 0.738021 0.693056 0.1125 0.152778 0.829871
2 0.433854 0.324074 0.0520833 0.0574074 0.844977
7 0.603125 0.686111 0.177083 0.301852 0.879066
