7 0.666146 0.261111 0.0645833 0.0981481 0.252698
2 0.843229 0.101852 0.0135417 0.0240741 0.270748
0 0.872135 0.443981 0.0119792 0.0527778 0.306849
0 0.913542 0.739815 0.01875 0.0648148 0.314578
9 0.974219 0.737037 0.0119792 0.0537037 0.358891
7 0.842448 0.795833 0.132812 0.193519 0.396068
0 0.940365 0.794907 0.0234375 0.0731481 0.403652
2 0.529167 0.238426 0.0385417 0.037963 0.405387
0 0.88099 0.734259 0.0171875 0.0648148 0.447478
5 0.485156 0.19213 0.0557292 0.0694444 0.456889
2 0.490365 0.27037 0.0390625 0.0444444 0.544664
2 0.804167 0.244444 0.0239583 0.037037 0.558819
0 0.929688 0.744444 0.01875 0.0666667 0.562833
5 0.221615 0.413426 0.0682292 0.176852 0.565892
2 0.841146 0.80463 0.136458 0.190741 0.589506
7 0.279427 0.370833 0.0348958 0.087963 0.623924
2 0.452865 0.305556 0.0421875 0.0518519 0.630634
7 0.221094 0.413426 0.0671875 0.178704 0.670187
2 0.0791667 0.626852 0.0604167 0.1 0.725003
2 0.48125 0.391667 0.034375 0.0777778 0.74311
5 0.433333 0.223611 0.078125 0.0972222 0.793603
5 0.303125 0.822685 0.226042 0.34537 0.871163
2 0.590365 0.556481 0.0765625 0.105556 0.871206
7 0.447656 0.491204 0.0994792 0.20463 0.8806
2 0.609115 0.669444 0.101562 0.137037 0.891041
2 0.777083 0.853704 0.129167 0.190741 0.897508
2 0.518229 0.475926 0.0677083 0.103704 0.902567
2 0.620833 0.826852 0.123958 0.183333 0.91952
