7 0.552344 0.95787 0.129688 0.0805556 0.29166
0 0.855729 0.962963 0.03125 0.0685185 0.309523
2 0.257031 0.317593 0.0255208 0.0351852 0.350137
0 0.898698 0.963889 0.0182292 0.0518519 0.396703
0 0.876562 0.971296 0.01875 0.0537037 0.397174
9 0.974219 0.7375 0.0119792 0.0527778 0.433534
2 0.0335938 0.615741 0.0609375 0.0796296 0.488849
2 0.247656 0.422685 0.0442708 0.0675926 0.489926
7 0.951563 0.298611 0.096875 0.593518 0.500672
2 0.553646 0.957407 0.13125 0.0814815 0.634427
2 0.416406 0.280093 0.0432292 0.0472222 0.742037
5 0.441146 0.221296 0.123958 0.114815 0.75462
2 0.182552 0.515278 0.0734375 0.115741 0.76596
2 0.764844 0.391204 0.0421875 0.0675926 0.773575
2 0.278906 0.418056 0.0578125 0.0805556 0.774336
2 0.349219 0.725463 0.0859375 0.163889 0.836717
