0 0.781771 0.764352 0.034375 0.062037 0.260072
9 0.409896 0.37963 0.0427083 0.146296 0.263018
3 0.783594 0.768981 0.0369792 0.062037 0.277577
2 0.490365 0.269444 0.0401042 0.0425926 0.286837
0 0.791927 0.761111 0.0244792 0.0555556 0.29022
3 0.803646 0.797685 0.0229167 0.0583333 0.306254
9 0.973958 0.7375 0.0114583 0.0527778 0.311129
0 0.904167 0.48287 0.0104167 0.0509259 0.32184
0 0.929427 0.737963 0.0130208 0.0666667 0.398224
2 0.464323 0.350463 0.0359375 0.0675926 0.406116
0 0.936979 0.795833 0.0177083 0.062037 0.407447
2 0.56901 0.201389 0.0234375 0.0324074 0.414187
0 0.913021 0.737037 0.0145833 0.0814815 0.430918
7 0.667448 0.260648 0.0661458 0.0990741 0.435079
2 0.464583 0.400463 0.0375 0.075 0.451233
2 0.525521 0.270833 0.0375 0.0527778 0.463815
7 0.410156 0.378704 0.0442708 0.15 0.706395
2 0.230208 0.886574 0.0864583 0.186111 0.742716
2 0.452865 0.61713 0.0776042 0.130556 0.779288
2 0.434896 0.477315 0.0520833 0.0898148 0.822556
2 0.385156 0.506481 0.0494792 0.101852 0.867142
2 0.495313 0.555093 0.0802083 0.113889 0.870622
2 0.50651 0.475 0.0723958 0.103704 0.872211
2 0.545313 0.441204 0.0677083 0.0805556 0.890491
