2 0.839583 0.110185 0.0145833 0.0259259 0.285593
0 0.946615 0.752778 0.0140625 0.0444444 0.290656
0 0.85 0.824537 0.0135417 0.0583333 0.365056
0 0.447135 0.659722 0.0307292 0.0935185 0.365201
2 0.481771 0.228704 0.0354167 0.0388889 0.41817
9 0.973437 0.737963 0.0125 0.0518519 0.437619
0 0.935417 0.799074 0.0145833 0.062963 0.441544
0 0.888021 0.559722 0.0114583 0.0564815 0.443848
2 0.261719 0.322685 0.0255208 0.0361111 0.555271
5 0.442448 0.22037 0.123438 0.112963 0.624776
2 0.394531 0.324074 0.0536458 0.062963 0.678775
5 0.235417 0.371296 0.0447917 0.137037 0.696462
2 0.870573 0.943981 0.122396 0.110185 0.701878
2 0.445573 0.276389 0.0463542 0.062037 0.706967
2 0.300521 0.603704 0.0583333 0.124074 0.850714
