7 0.210156 0.284259 0.0401042 0.0740741 0.253224
0 0.922917 0.735648 0.0208333 0.075 0.280706
5 0.210417 0.286111 0.0375 0.0740741 0.288679
0 0.0614583 0.5875 0.0145833 0.0509259 0.315744
9 0.973698 0.737963 0.0119792 0.0537037 0.328601
0 0.90599 0.474074 0.0130208 0.062963 0.402831
2 0.210417 0.285185 0.0375 0.0740741 0.452765
2 0.451302 0.257407 0.0411458 0.0444444 0.480613
2 0.522396 0.198611 0.0302083 0.0342593 0.494855
2 0.976562 0.940741 0.046875 0.112963 0.549358
0 0.882552 0.74537 0.0182292 0.0740741 0.603325
0 0.936458 0.795833 0.0229167 0.0712963 0.61408
2 0.495052 0.268056 0.0369792 0.0435185 0.689671
2 0.396615 0.294907 0.0515625 0.0564815 0.701712
2 0.390365 0.389352 0.0380208 0.0731481 0.747883
5 0.44349 0.21713 0.123438 0.108333 0.755295
2 0.471094 0.514352 0.0765625 0.126852 0.767463
2 0.408333 0.440278 0.0375 0.0712963 0.816953
2 0.432813 0.324537 0.053125 0.0564815 0.870641
2 0.747135 0.700926 0.110937 0.157407 0.881413
7 0.610937 0.698148 0.180208 0.312963 0.902573
