2 0.546615 0.199537 0.0317708 0.0453704 0.259304
2 0.21224 0.269444 0.0380208 0.0481481 0.284252
2 0.840365 0.111574 0.0161458 0.0268519 0.289263
7 0.670573 0.2625 0.0703125 0.100926 0.350749
5 0.424219 0.225 0.0796875 0.0907407 0.409468
0 0.921875 0.725463 0.0177083 0.0712963 0.41441
9 0.973958 0.737037 0.0125 0.05 0.416412
1 0.936719 0.797222 0.0234375 0.0722222 0.423381
2 0.484375 0.226389 0.0375 0.0398148 0.427669
2 0.45 0.25787 0.0427083 0.0453704 0.509478
7 0.776042 0.837963 0.142708 0.214815 0.52012
0 0.895833 0.519907 0.0125 0.062037 0.534363
0 0.882031 0.746296 0.0171875 0.0722222 0.549632
2 0.395833 0.296296 0.0510417 0.0574074 0.668893
2 0.413802 0.475 0.0536458 0.0907407 0.763965
2 0.402865 0.365741 0.0453125 0.0666667 0.780002
2 0.501562 0.453241 0.05 0.0898148 0.803142
2 0.49349 0.581944 0.0776042 0.115741 0.820359
