7 0.215625 0.294444 0.040625 0.0759259 0.252979
0 0.973698 0.738426 0.0119792 0.0527778 0.253498
5 0.215104 0.293981 0.0416667 0.0787037 0.258404
0 0.933594 0.527315 0.0119792 0.0490741 0.290209
0 0.89401 0.447685 0.00989583 0.0527778 0.291146
2 0.870573 0.563426 0.0213542 0.0305556 0.324205
9 0.351562 0.352778 0.0125 0.0425926 0.334079
9 0.973698 0.738426 0.0119792 0.0527778 0.336064
7 0.667969 0.260648 0.0651042 0.0972222 0.346531
0 0.93724 0.798148 0.0244792 0.0685185 0.370637
2 0.215104 0.293981 0.0416667 0.0805556 0.374502
5 0.432292 0.226389 0.096875 0.110185 0.403704
0 0.921615 0.725926 0.0182292 0.0685185 0.404794
0 0.929948 0.738426 0.0223958 0.0712963 0.405134
0 0.921094 0.617593 0.0182292 0.0685185 0.422424
2 0.839323 0.107407 0.0161458 0.0277778 0.46542
0 0.882031 0.746759 0.0182292 0.0731481 0.516996
2 0.417969 0.302315 0.0526042 0.062037 0.548957
2 0.482812 0.227778 0.0354167 0.037037 0.603898
2 0.51901 0.218981 0.0390625 0.0472222 0.707436
2 0.766406 0.868981 0.129688 0.178704 0.891338
2 0.429948 0.509722 0.0651042 0.0990741 0.892566
2 0.809896 0.787963 0.109375 0.161111 0.898289
2 0.597135 0.706019 0.106771 0.147222 0.904144
