2 0.458854 0.300926 0.0416667 0.0444444 0.266029
0 0.897917 0.45463 0.009375 0.05 0.268283
2 0.839063 0.099537 0.0197917 0.0287037 0.270852
2 0.847656 0.961111 0.0984375 0.0759259 0.271471
0 0.913542 0.737963 0.015625 0.0592593 0.293026
7 0.257031 0.300926 0.0296875 0.0518519 0.309693
2 0.428125 0.335185 0.0354167 0.0611111 0.310962
7 0.66276 0.251852 0.0557292 0.0814815 0.32087
0 0.959635 0.815741 0.0223958 0.0648148 0.324625
9 0.973437 0.739352 0.0114583 0.0527778 0.344888
2 0.489844 0.269907 0.0401042 0.0435185 0.362164
0 0.885938 0.635185 0.0135417 0.062963 0.380459
2 0.267969 0.366667 0.0276042 0.0481481 0.435814
0 0.936979 0.794907 0.01875 0.0675926 0.438486
2 0.530208 0.2375 0.0375 0.037963 0.505953
0 0.928906 0.743519 0.0130208 0.0685185 0.562826
2 0.505208 0.481944 0.0604167 0.0787037 0.604299
7 0.415365 0.415741 0.0526042 0.166667 0.640832
5 0.221094 0.305093 0.0640625 0.128704 0.69351
2 0.484635 0.3375 0.0380208 0.0638889 0.746956
5 0.510677 0.17963 0.100521 0.0962963 0.757061
2 0.471875 0.412037 0.04375 0.0851852 0.761074
2 0.753906 0.39213 0.0494792 0.062037 0.764659
5 0.216667 0.475926 0.06875 0.209259 0.851921
2 0.489062 0.540278 0.0729167 0.106481 0.854603
2 0.491406 0.677315 0.0984375 0.14537 0.875844
2 0.611198 0.585648 0.100521 0.137963 0.886406
2 0.673958 0.740741 0.117708 0.161111 0.905637
