2 0.608854 0.171759 0.025 0.0305556 0.299344
7 0.796615 0.95 0.0942708 0.0962963 0.335306
2 0.566406 0.181481 0.0244792 0.0333333 0.358079
7 0.672135 0.262037 0.0734375 0.107407 0.365458
0 0.973958 0.7375 0.0125 0.0564815 0.375938
7 0.947656 0.298148 0.104687 0.594444 0.426931
2 0.254687 0.317593 0.021875 0.0351852 0.456634
7 0.0518229 0.645833 0.0484375 0.0990741 0.513329
2 0.797656 0.949537 0.0932292 0.0972222 0.541152
2 0.71901 0.373611 0.0421875 0.0712963 0.57034
2 0.81901 0.184722 0.0161458 0.0324074 0.643422
7 0.76849 0.39213 0.0505208 0.10463 0.65748
2 0.553385 0.215278 0.0317708 0.0416667 0.67066
7 0.71875 0.374074 0.0416667 0.0722222 0.70033
0 0.879427 0.771759 0.0223958 0.0805556 0.722762
2 0.197396 0.45463 0.0583333 0.0722222 0.804536
2 0.349479 0.725 0.0864583 0.166667 0.822842
5 0.379167 0.261574 0.144792 0.139815 0.849755
