0 0.448958 0.660185 0.0322917 0.0925926 0.251962
7 0.854688 0.850926 0.09375 0.187037 0.302163
0 0.872135 0.636111 0.0161458 0.062963 0.30797
7 0.780729 0.218519 0.021875 0.0407407 0.331373
9 0.973698 0.7375 0.0119792 0.0546296 0.34045
2 0.833594 0.139352 0.0161458 0.025 0.393456
2 0.809635 0.255556 0.0338542 0.0611111 0.528915
2 0.444531 0.298611 0.0463542 0.0972222 0.536371
0 0.89375 0.681019 0.021875 0.0824074 0.688794
2 0.528906 0.238889 0.0380208 0.0481481 0.706602
2 0.608854 0.844444 0.102083 0.188889 0.762129
2 0.855469 0.851389 0.0932292 0.186111 0.780365
5 0.359375 0.277315 0.075 0.100926 0.799213
2 0.349479 0.725463 0.0854167 0.163889 0.822099
2 0.596094 0.678241 0.0786458 0.119444 0.874391
5 0.278125 0.345833 0.108333 0.14537 0.8811
