5 0.234375 0.331019 0.0520833 0.0990741 0.250304
0 0.904167 0.481019 0.0104167 0.0490741 0.257514
2 0.530729 0.234722 0.034375 0.0342593 0.258825
2 0.566146 0.203704 0.0270833 0.0351852 0.299143
7 0.234375 0.331481 0.0520833 0.1 0.307588
9 0.973958 0.737037 0.0114583 0.0518519 0.367947
0 0.929427 0.736111 0.0130208 0.0611111 0.399349
0 0.936979 0.795833 0.0177083 0.062037 0.413905
2 0.517708 0.281019 0.0354167 0.0490741 0.418348
2 0.464323 0.35463 0.0359375 0.0722222 0.420154
3 0.858333 0.843982 0.0520833 0.0824074 0.425056
0 0.91276 0.737963 0.0140625 0.0777778 0.436645
7 0.669792 0.264352 0.0708333 0.106481 0.524048
7 0.409896 0.379167 0.04375 0.149074 0.673597
2 0.465885 0.413426 0.0359375 0.0564815 0.705429
2 0.238542 0.899537 0.0958333 0.187963 0.77306
2 0.436458 0.480093 0.053125 0.0916667 0.788999
2 0.386719 0.509259 0.0526042 0.103704 0.836417
2 0.510156 0.480556 0.0734375 0.105556 0.837429
2 0.471094 0.647222 0.0828125 0.133333 0.862163
2 0.549479 0.443056 0.0697917 0.0787037 0.87445
2 0.498437 0.562037 0.08125 0.112963 0.876443
