5 0.451562 0.256481 0.0614583 0.0666667 0.292997
0 0.936979 0.799537 0.021875 0.0657407 0.303569
2 0.864062 0.0939815 0.0145833 0.0268519 0.311862
7 0.230469 0.319907 0.0526042 0.0916667 0.327552
0 0.973177 0.740278 0.0119792 0.0527778 0.350968
9 0.973698 0.738889 0.0119792 0.0518519 0.360666
0 0.919271 0.723611 0.0166667 0.0694444 0.432053
0 0.890104 0.502778 0.0104167 0.0574074 0.443182
2 0.484375 0.227315 0.0375 0.0398148 0.446836
2 0.839063 0.10787 0.0177083 0.0287037 0.499793
7 0.882292 0.946296 0.113542 0.107407 0.500001
0 0.866146 0.781018 0.015625 0.0638889 0.50792
2 0.230208 0.32037 0.0520833 0.0907407 0.542163
0 0.953385 0.71713 0.0151042 0.0657407 0.546639
5 0.442187 0.218519 0.123958 0.109259 0.555368
2 0.882552 0.945833 0.114063 0.106481 0.593387
2 0.272396 0.408796 0.0302083 0.0638889 0.656928
2 0.395833 0.318981 0.0541667 0.0694444 0.700183
2 0.454688 0.268519 0.04375 0.0537037 0.77299
2 0.636458 0.741667 0.123958 0.166667 0.919083
