9 0.974219 0.738426 0.0119792 0.0546296 0.260519
0 0.907292 0.368981 0.0104167 0.0546296 0.319273
2 0.347396 0.335185 0.0395833 0.0666667 0.346233
0 0.866667 0.871759 0.0229167 0.0916667 0.48387
7 0.585677 0.677778 0.0890625 0.138889 0.484521
2 0.585417 0.677778 0.0885417 0.138889 0.496771
2 0.115104 0.561111 0.0447917 0.0703704 0.600991
2 0.0731771 0.630556 0.0692708 0.118519 0.616743
2 0.798177 0.264815 0.0255208 0.0444444 0.675454
7 0.68724 0.650926 0.0973958 0.192593 0.812441
2 0.1875 0.50463 0.065625 0.0981481 0.821681
2 0.349219 0.725 0.0859375 0.162963 0.828212
5 0.419531 0.237037 0.133854 0.125926 0.861925
