0 0.608594 0.588889 0.0244792 0.0518519 0.25176
2 0.839844 0.111111 0.0161458 0.0333333 0.293787
7 0.666146 0.25787 0.0645833 0.0935185 0.325312
9 0.974219 0.738889 0.0119792 0.0537037 0.326966
0 0.913281 0.739352 0.0182292 0.0787037 0.329492
0 0.928906 0.740278 0.0161458 0.0712963 0.388329
0 0.938021 0.792593 0.021875 0.0703704 0.394604
2 0.4875 0.270833 0.0447917 0.0453704 0.418033
2 0.593229 0.181944 0.021875 0.0305556 0.424282
3 0.610937 0.613889 0.0354167 0.0666667 0.44673
5 0.221615 0.305556 0.0598958 0.109259 0.462988
2 0.465104 0.403241 0.0364583 0.0694444 0.470196
2 0.565885 0.223611 0.0338542 0.0416667 0.4965
0 0.904167 0.483796 0.0104167 0.0527778 0.508649
2 0.530469 0.235648 0.0380208 0.0398148 0.526266
2 0.464063 0.352315 0.0364583 0.0694444 0.534449
2 0.227604 0.883333 0.0895833 0.192593 0.647322
7 0.409896 0.378704 0.04375 0.146296 0.686042
2 0.499479 0.472222 0.06875 0.0944444 0.718982
7 0.0773437 0.571759 0.0859375 0.152778 0.781058
2 0.433333 0.476852 0.0520833 0.0888889 0.823245
2 0.491667 0.553704 0.0791667 0.111111 0.86188
2 0.438021 0.602315 0.0729167 0.125 0.862359
2 0.542969 0.439815 0.0682292 0.0814815 0.878643
2 0.384375 0.506019 0.05 0.100926 0.88007
