7 0.209115 0.756019 0.117188 0.375 0.258496
7 0.211198 0.286111 0.0401042 0.0740741 0.261357
5 0.211198 0.285185 0.0390625 0.0740741 0.271697
0 0.0273438 0.986111 0.0140625 0.0277778 0.279306
2 0.210677 0.284722 0.0380208 0.0731481 0.285676
7 0.66276 0.250926 0.0557292 0.0777778 0.322682
0 0.928906 0.742593 0.0140625 0.0648148 0.323522
5 0.477604 0.206944 0.05625 0.0861111 0.332743
2 0.822396 0.181944 0.01875 0.0305556 0.34774
2 0.551823 0.21713 0.0328125 0.0416667 0.421271
5 0.207292 0.751389 0.116667 0.386111 0.444185
0 0.882031 0.74537 0.0182292 0.0722222 0.456335
7 0.951042 0.301852 0.0979167 0.603704 0.457311
2 0.402604 0.289815 0.046875 0.0592593 0.495387
2 0.515625 0.249537 0.040625 0.0435185 0.504577
9 0.973958 0.737963 0.0114583 0.0518519 0.510165
5 0.445833 0.212037 0.119792 0.1 0.557285
2 0.429688 0.460648 0.0520833 0.113889 0.561842
0 0.935156 0.796759 0.0213542 0.0712963 0.579927
2 0.463021 0.293519 0.04375 0.0518519 0.610386
2 0.404687 0.37963 0.040625 0.0703704 0.628577
2 0.505469 0.44537 0.0578125 0.087037 0.633368
7 0.285937 0.584259 0.0635417 0.155556 0.746776
2 0.621094 0.575 0.0984375 0.133333 0.846875
2 0.841146 0.803241 0.104167 0.152778 0.873097
7 0.513281 0.580556 0.139062 0.246296 0.900962
2 0.648958 0.860648 0.141667 0.191667 0.906401
2 0.795833 0.879167 0.130208 0.191667 0.912408
2 0.66849 0.729167 0.110937 0.147222 0.914998
