2 0.559896 0.208333 0.03125 0.0351852 0.254082
7 0.228646 0.318981 0.053125 0.0972222 0.255887
2 0.424219 0.338426 0.0401042 0.0601852 0.262654
2 0.259115 0.30787 0.0338542 0.0546296 0.269209
7 0.874219 0.962037 0.0953125 0.0722222 0.273795
2 0.840104 0.1 0.0177083 0.0296296 0.283
9 0.973437 0.739352 0.0125 0.0546296 0.296465
0 0.936458 0.797222 0.0177083 0.062963 0.307074
2 0.263021 0.383333 0.0364583 0.0592593 0.317734
0 0.913281 0.739815 0.0151042 0.062963 0.31986
7 0.66276 0.252315 0.0557292 0.0805556 0.337916
2 0.490104 0.27037 0.0385417 0.0407407 0.355736
0 0.928646 0.742593 0.0125 0.062963 0.362068
2 0.530469 0.236574 0.0390625 0.0398148 0.392156
0 0.973698 0.738426 0.0119792 0.0527778 0.394132
2 0.458333 0.300463 0.0427083 0.0472222 0.396568
2 0.229427 0.321759 0.0536458 0.0953704 0.429537
0 0.895573 0.449074 0.00989583 0.0537037 0.43241
5 0.228906 0.321759 0.0536458 0.0953704 0.487322
0 0.885938 0.654167 0.0135417 0.0657407 0.503843
2 0.766927 0.368056 0.0421875 0.062037 0.561058
5 0.498437 0.186111 0.105208 0.103704 0.722697
7 0.416927 0.420833 0.0567708 0.167593 0.726539
2 0.481771 0.345833 0.0354167 0.0638889 0.748514
2 0.514323 0.487037 0.0651042 0.0833333 0.759495
2 0.474479 0.419444 0.0479167 0.0907407 0.81392
5 0.209896 0.511574 0.0739583 0.241667 0.847463
2 0.630469 0.603241 0.105729 0.141667 0.869581
2 0.520052 0.708796 0.0984375 0.162037 0.870622
2 0.698177 0.769907 0.125521 0.169444 0.875886
2 0.503125 0.558333 0.075 0.109259 0.876217
