9 0.974219 0.7375 0.0119792 0.0527778 0.29997
0 0.877604 0.966667 0.0197917 0.0611111 0.305391
0 0.898177 0.960648 0.0213542 0.062037 0.306658
2 0.255208 0.316204 0.021875 0.0324074 0.338325
2 0.252865 0.418519 0.0442708 0.0648148 0.36202
0 0.853646 0.965278 0.0270833 0.0657407 0.437652
2 0.548177 0.968982 0.111979 0.0564815 0.4772
2 0.0403646 0.607407 0.0682292 0.0944444 0.542913
7 0.951823 0.298611 0.0963542 0.591667 0.584437
2 0.283073 0.41713 0.0598958 0.0805556 0.66829
2 0.418229 0.278241 0.0416667 0.0453704 0.693035
5 0.441406 0.222222 0.122396 0.116667 0.725293
2 0.186719 0.50787 0.0723958 0.112037 0.795652
2 0.7625 0.401852 0.0416667 0.0703704 0.805622
2 0.349219 0.725463 0.0859375 0.163889 0.83968
