0 0.448177 0.658796 0.0307292 0.0898148 0.299409
2 0.871354 0.563426 0.0208333 0.0268519 0.301552
0 0.658333 0.313889 0.0135417 0.0740741 0.305027
9 0.871875 0.447685 0.0125 0.0472222 0.310381
0 0.911979 0.765741 0.0145833 0.0555556 0.355618
2 0.395573 0.31713 0.0557292 0.0731481 0.37713
0 0.892969 0.828241 0.0161458 0.0564815 0.381617
2 0.838802 0.112037 0.0171875 0.0240741 0.397333
0 0.93724 0.800463 0.0182292 0.0657407 0.404348
2 0.382812 0.328704 0.03125 0.0555556 0.414935
9 0.974219 0.737037 0.0119792 0.0518519 0.418333
0 0.888802 0.6125 0.0140625 0.0564815 0.432137
2 0.250781 0.306481 0.0203125 0.0314815 0.450868
0 0.910677 0.825926 0.0171875 0.0777778 0.472015
2 0.48125 0.229167 0.0364583 0.0435185 0.472344
5 0.436719 0.221759 0.106771 0.0935185 0.475122
0 0.934375 0.5375 0.0125 0.0657407 0.495146
0 0.847917 0.838889 0.015625 0.0703704 0.570599
2 0.269531 0.366204 0.0265625 0.0546296 0.714287
2 0.444792 0.281019 0.0458333 0.0564815 0.769146
5 0.173177 0.456944 0.136979 0.202778 0.838695
2 0.342969 0.710185 0.0817708 0.159259 0.895886
