2 0.560677 0.206944 0.0296875 0.0398148 0.27767
2 0.528125 0.24213 0.0375 0.0398148 0.280949
0 0.913542 0.738889 0.0145833 0.0462963 0.281043
7 0.411979 0.417593 0.0364583 0.107407 0.29631
5 0.478125 0.197222 0.0572917 0.0777778 0.315419
9 0.973958 0.7375 0.0114583 0.0527778 0.34205
7 0.0351562 0.663889 0.0630208 0.0833333 0.344902
5 0.210417 0.284259 0.0385417 0.0740741 0.354245
7 0.277344 0.389352 0.0348958 0.0990741 0.406
0 0.929427 0.742593 0.0161458 0.0666667 0.458055
0 0.88151 0.740741 0.0171875 0.0611111 0.482703
2 0.446354 0.314815 0.0416667 0.0555556 0.484147
2 0.807552 0.228704 0.0203125 0.0351852 0.496003
5 0.326042 0.881944 0.214583 0.230556 0.570287
2 0.489844 0.271759 0.0411458 0.0435185 0.576214
5 0.44401 0.218981 0.109896 0.106481 0.602817
2 0.482552 0.397222 0.0359375 0.0777778 0.650884
7 0.907812 0.862963 0.135417 0.198148 0.686032
5 0.209375 0.443981 0.071875 0.19537 0.820664
7 0.456771 0.505093 0.103125 0.213889 0.848704
2 0.610156 0.578241 0.0807292 0.108333 0.88392
2 0.777083 0.855556 0.128125 0.188889 0.884514
2 0.626302 0.686574 0.102604 0.141667 0.887652
2 0.527083 0.485648 0.071875 0.102778 0.891166
2 0.624479 0.831481 0.125 0.183333 0.916153
