7 0.665104 0.259722 0.0604167 0.0953704 0.251029
0 0.905729 0.381944 0.009375 0.0472222 0.294989
2 0.254427 0.31713 0.0203125 0.0324074 0.335163
9 0.351562 0.353241 0.0145833 0.0435185 0.360321
7 0.949219 0.295833 0.101562 0.591667 0.48906
0 0.857813 0.933796 0.0260417 0.0842593 0.508673
9 0.974219 0.737037 0.0119792 0.0518519 0.511902
2 0.421094 0.946759 0.0994792 0.102778 0.536387
2 0.150781 0.546296 0.0755208 0.116667 0.601589
2 0.396615 0.295833 0.0494792 0.0527778 0.62104
2 0.473177 0.935648 0.0651042 0.126852 0.662568
5 0.435417 0.219444 0.13125 0.111111 0.711796
5 0.586979 0.888889 0.15 0.22037 0.723082
2 0.21224 0.458796 0.0546875 0.0768519 0.742075
2 0.778385 0.343519 0.0338542 0.0611111 0.791742
2 0.34974 0.725 0.0859375 0.162963 0.842187
2 0.254427 0.441204 0.0598958 0.0898148 0.85463
