0 0.92474 0.733333 0.0213542 0.0740741 0.305216
5 0.479948 0.198611 0.0473958 0.0694444 0.31998
0 0.914583 0.524537 0.0135417 0.0564815 0.338615
7 0.66276 0.253704 0.0567708 0.0833333 0.356842
2 0.210677 0.283796 0.0380208 0.0731481 0.380792
7 0.442187 0.489352 0.0520833 0.119444 0.419062
7 0.508594 0.937963 0.152604 0.118519 0.434368
2 0.557031 0.170833 0.0265625 0.0305556 0.468821
5 0.448177 0.208796 0.111979 0.0935185 0.485579
0 0.930469 0.528241 0.0151042 0.0694444 0.488294
9 0.974219 0.737963 0.0109375 0.0537037 0.488945
2 0.442448 0.489352 0.0515625 0.121296 0.529493
0 0.882031 0.744907 0.0182292 0.0731481 0.552315
2 0.83151 0.149074 0.0192708 0.0277778 0.579227
2 0.407292 0.436574 0.034375 0.0638889 0.657326
2 0.527344 0.237963 0.0317708 0.0425926 0.672295
2 0.396094 0.295833 0.0494792 0.0583333 0.685326
2 0.39401 0.372222 0.0411458 0.0685185 0.694031
2 0.591927 0.55 0.0817708 0.116667 0.741865
2 0.479427 0.280556 0.0432292 0.05 0.74481
2 0.929427 0.881944 0.125521 0.19537 0.844218
2 0.863802 0.927315 0.133854 0.139815 0.857587
2 0.691406 0.899074 0.133854 0.196296 0.878951
7 0.518229 0.58287 0.138542 0.250926 0.894167
2 0.68099 0.740278 0.109896 0.152778 0.896963
