0 0.929688 0.733333 0.0229167 0.0648148 0.281821
2 0.483333 0.230093 0.03125 0.0324074 0.302716
9 0.351302 0.353704 0.0130208 0.0407407 0.314568
7 0.210156 0.282407 0.0380208 0.0759259 0.34968
2 0.566927 0.184722 0.0182292 0.0287037 0.384086
2 0.839323 0.111574 0.0151042 0.0268519 0.392999
0 0.973698 0.738889 0.0130208 0.0537037 0.393986
0 0.922917 0.723611 0.0166667 0.0712963 0.401288
2 0.45026 0.259259 0.0401042 0.0425926 0.42443
0 0.0614583 0.641204 0.0135417 0.0527778 0.468075
7 0.708333 0.771296 0.133333 0.211111 0.52139
2 0.708333 0.771296 0.133333 0.214815 0.53453
0 0.894271 0.5 0.0125 0.0611111 0.541833
0 0.881771 0.746296 0.0177083 0.0722222 0.563988
5 0.441927 0.218981 0.119271 0.100926 0.601004
2 0.395573 0.296759 0.0494792 0.0564815 0.761255
2 0.476302 0.39537 0.0369792 0.0740741 0.827655
2 0.41224 0.349074 0.0484375 0.0666667 0.837747
2 0.398177 0.44213 0.0442708 0.0861111 0.854032
2 0.45651 0.530556 0.0630208 0.103704 0.869966
