5 0.41875 0.244907 0.0635417 0.0953704 0.262504
0 0.899479 0.950926 0.0166667 0.0444444 0.28729
0 0.877083 0.966204 0.01875 0.0564815 0.296849
2 0.255208 0.316204 0.021875 0.0324074 0.321361
9 0.974219 0.7375 0.0119792 0.0527778 0.340743
0 0.854427 0.964815 0.0276042 0.062963 0.36568
2 0.556771 0.977778 0.0822917 0.0407407 0.400683
7 0.951823 0.299074 0.0963542 0.592593 0.557299
2 0.280208 0.413889 0.0708333 0.0777778 0.615542
2 0.420052 0.277315 0.0401042 0.0453704 0.670224
2 0.0455729 0.605556 0.0661458 0.0944444 0.670695
5 0.441146 0.221759 0.122917 0.115741 0.705939
2 0.761979 0.405556 0.0416667 0.0722222 0.800812
2 0.189323 0.505093 0.0713542 0.115741 0.811813
2 0.349219 0.725463 0.0859375 0.163889 0.839037
