0 0.904167 0.480556 0.0104167 0.0481481 0.251606
5 0.234375 0.329167 0.0510417 0.0972222 0.286431
2 0.834375 0.126389 0.0197917 0.0268519 0.297908
7 0.234375 0.330093 0.0510417 0.0972222 0.320549
2 0.464063 0.351852 0.0354167 0.0685185 0.321698
2 0.567448 0.203704 0.0244792 0.0333333 0.342302
9 0.973958 0.7375 0.0114583 0.0509259 0.358389
0 0.929688 0.735185 0.0125 0.062963 0.384925
0 0.936719 0.796296 0.0171875 0.0611111 0.40421
3 0.836979 0.827778 0.053125 0.0851852 0.420185
0 0.913281 0.7375 0.0151042 0.0805556 0.447286
7 0.667448 0.260648 0.0661458 0.0990741 0.454367
2 0.519792 0.278241 0.0354167 0.0490741 0.489298
2 0.465365 0.406944 0.0359375 0.0675926 0.522357
7 0.410156 0.378704 0.0442708 0.15 0.678441
2 0.235677 0.894444 0.0973958 0.185185 0.756272
2 0.436198 0.480093 0.0546875 0.0916667 0.787759
2 0.509115 0.476389 0.0713542 0.102778 0.838925
2 0.385677 0.508333 0.0515625 0.1 0.858121
2 0.465625 0.639352 0.0822917 0.128704 0.871731
2 0.548437 0.442593 0.06875 0.0796296 0.875577
2 0.498177 0.559722 0.0796875 0.112037 0.883774
