2 0.560417 0.208333 0.03125 0.0351852 0.257975
0 0.897656 0.468981 0.00885417 0.0453704 0.291471
2 0.839583 0.101852 0.01875 0.0277778 0.294539
2 0.252083 0.293981 0.0291667 0.0527778 0.303308
9 0.973698 0.738426 0.0119792 0.0527778 0.387172
0 0.959115 0.816204 0.0223958 0.0657407 0.40043
0 0.0875 0.510648 0.0239583 0.0638889 0.412578
2 0.270833 0.339815 0.0229167 0.0481481 0.420862
0 0.914062 0.733796 0.0177083 0.0768519 0.479783
2 0.529948 0.237963 0.0390625 0.0388889 0.495546
0 0.886198 0.603704 0.0130208 0.0425926 0.507107
0 0.9375 0.793519 0.0197917 0.0703704 0.544154
5 0.221354 0.303704 0.04375 0.0888889 0.561262
0 0.929427 0.741667 0.0151042 0.0722222 0.614668
7 0.802865 0.933333 0.131771 0.127778 0.630134
5 0.525781 0.173148 0.0932292 0.0962963 0.650723
2 0.466927 0.399074 0.0359375 0.0851852 0.650913
7 0.4125 0.401389 0.0489583 0.160185 0.705678
2 0.489323 0.322685 0.0390625 0.062037 0.761504
2 0.584115 0.558333 0.0942708 0.135185 0.765666
2 0.494792 0.462037 0.05625 0.0851852 0.768774
5 0.226042 0.421296 0.0625 0.17963 0.805947
2 0.728906 0.425 0.0630208 0.0796296 0.814057
2 0.461719 0.631019 0.0828125 0.134259 0.869573
2 0.632292 0.697685 0.1125 0.150926 0.881623
2 0.472135 0.523611 0.0682292 0.0990741 0.893014
