2 0.347656 0.35463 0.0630208 0.0777778 0.257145
5 0.479167 0.231481 0.040625 0.0407407 0.271534
0 0.902344 0.775463 0.0192708 0.0731481 0.272148
0 0.0875 0.511111 0.025 0.0611111 0.291401
0 0.084375 0.968518 0.03125 0.0611111 0.327475
5 0.426042 0.27037 0.05625 0.087037 0.352272
9 0.973958 0.7375 0.0125 0.0527778 0.401135
2 0.478646 0.23287 0.0354167 0.037963 0.4325
0 0.909375 0.440278 0.0114583 0.0601852 0.441478
2 0.842448 0.101852 0.0161458 0.0296296 0.483966
5 0.477344 0.193056 0.0557292 0.0601852 0.497556
0 0.884115 0.774537 0.0161458 0.0675926 0.557632
5 0.420833 0.237037 0.0770833 0.0981481 0.615948
2 0.0580729 0.644444 0.0546875 0.0851852 0.701775
2 0.427604 0.290278 0.04375 0.0546296 0.766107
2 0.35 0.726389 0.0864583 0.163889 0.862141
