2 0.160677 0.5 0.0265625 0.0296296 0.273158
0 0.853646 0.806944 0.01875 0.0768519 0.28023
2 0.222656 0.259722 0.0182292 0.0268519 0.314272
0 0.9375 0.799074 0.0135417 0.0537037 0.354192
0 0.910937 0.748148 0.0208333 0.0833333 0.364442
0 0.889844 0.533333 0.00989583 0.0518519 0.402987
0 0.973177 0.739815 0.0109375 0.0537037 0.428254
2 0.839583 0.106019 0.0177083 0.0324074 0.468858
0 0.94974 0.748148 0.0130208 0.05 0.522769
5 0.238542 0.346296 0.05 0.109259 0.58075
2 0.395573 0.321296 0.0546875 0.062963 0.649313
2 0.48151 0.22963 0.0369792 0.0425926 0.650481
5 0.443229 0.218981 0.119792 0.0990741 0.661294
2 0.449479 0.274537 0.04375 0.0564815 0.727937
2 0.277083 0.512037 0.04375 0.0981481 0.812132
2 0.772656 0.887963 0.141146 0.203704 0.926561
