2 0.210677 0.282407 0.0380208 0.0685185 0.304881
7 0.441406 0.487037 0.0526042 0.12037 0.352784
0 0.925521 0.734259 0.0208333 0.0851852 0.381234
7 0.548958 0.506944 0.096875 0.128704 0.396729
0 0.936198 0.797685 0.0234375 0.0712963 0.41397
9 0.973958 0.7375 0.0114583 0.0546296 0.470589
2 0.441667 0.4875 0.0520833 0.121296 0.530798
2 0.533594 0.230556 0.0338542 0.0425926 0.541951
0 0.882552 0.741204 0.0161458 0.0601852 0.551375
2 0.829687 0.155556 0.0197917 0.0259259 0.581848
5 0.442448 0.216667 0.123438 0.107407 0.600722
2 0.552865 0.510648 0.0932292 0.119444 0.613186
2 0.491667 0.271759 0.0427083 0.0453704 0.63637
2 0.407292 0.429167 0.0354167 0.0694444 0.676302
2 0.395573 0.295833 0.0505208 0.0564815 0.676314
2 0.408073 0.350926 0.0432292 0.0685185 0.7261
7 0.433073 0.88287 0.158854 0.228704 0.764567
2 0.842448 0.79213 0.121354 0.189815 0.814689
7 0.517187 0.584259 0.1375 0.255556 0.874384
2 0.824479 0.906482 0.130208 0.185185 0.891888
2 0.668229 0.726852 0.110417 0.15 0.908499
2 0.670313 0.879167 0.135417 0.19537 0.911725
