3 0.154948 0.448611 0.0380208 0.0509259 0.254852
0 0.904948 0.501389 0.0130208 0.0638889 0.320054
5 0.452083 0.256944 0.0572917 0.0657407 0.323746
0 0.867448 0.772685 0.0140625 0.0583333 0.346799
0 0.93724 0.799074 0.0223958 0.0666667 0.374544
2 0.484375 0.227315 0.0354167 0.0398148 0.384477
0 0.973177 0.738889 0.0119792 0.0518519 0.391238
7 0.229948 0.319907 0.0526042 0.0916667 0.399405
2 0.840104 0.106944 0.0166667 0.0287037 0.421162
0 0.890625 0.499074 0.0104167 0.0574074 0.4548
0 0.952344 0.714352 0.0151042 0.062037 0.499135
0 0.920573 0.724074 0.0192708 0.0740741 0.550472
2 0.229948 0.319444 0.0526042 0.0907407 0.55751
5 0.442708 0.217593 0.122917 0.107407 0.582111
2 0.396094 0.319444 0.0536458 0.0703704 0.671142
2 0.273958 0.400926 0.03125 0.0518519 0.709022
2 0.86901 0.94213 0.114063 0.113889 0.721474
2 0.454688 0.266667 0.04375 0.0537037 0.788459
2 0.625521 0.731481 0.120833 0.162963 0.919361
