0 0.973698 0.7375 0.0119792 0.0527778 0.257709
2 0.840104 0.10787 0.015625 0.0287037 0.262706
7 0.664323 0.25463 0.0598958 0.0851852 0.267976
9 0.973958 0.737037 0.0125 0.0537037 0.310162
0 0.0554687 0.721759 0.0130208 0.0583333 0.324947
0 0.931771 0.643519 0.0135417 0.0592593 0.330954
0 0.891146 0.4625 0.009375 0.0472222 0.363164
0 0.0877604 0.510648 0.0255208 0.0638889 0.393405
0 0.876302 0.753241 0.0151042 0.0657407 0.403562
5 0.220052 0.302778 0.0442708 0.0796296 0.427991
2 0.450521 0.257407 0.046875 0.0481481 0.454766
2 0.85026 0.9375 0.115104 0.121296 0.493125
2 0.4875 0.236574 0.0458333 0.0564815 0.548009
2 0.398698 0.312963 0.0567708 0.0796296 0.580004
2 0.271354 0.333796 0.0260417 0.0398148 0.612443
5 0.441667 0.218519 0.122917 0.107407 0.688969
2 0.919531 0.886574 0.108854 0.167593 0.75604
2 0.471875 0.563889 0.0885417 0.122222 0.871582
2 0.677083 0.785648 0.120833 0.167593 0.917381
