0 0.959635 0.815741 0.0213542 0.0648148 0.266856
0 0.911979 0.741204 0.0145833 0.0601852 0.284331
7 0.286979 0.958333 0.0958333 0.0814815 0.327535
7 0.240104 0.353241 0.05 0.123148 0.36971
5 0.208594 0.275463 0.0526042 0.0898148 0.375849
2 0.561979 0.206019 0.03125 0.0361111 0.40373
0 0.9375 0.793519 0.0208333 0.0685185 0.412298
9 0.973698 0.738426 0.0119792 0.0527778 0.416793
0 0.903125 0.481481 0.0104167 0.0574074 0.426436
2 0.286979 0.958333 0.0958333 0.0814815 0.46385
0 0.928646 0.742593 0.0145833 0.0703704 0.465829
0 0.8875 0.553704 0.0114583 0.062963 0.504478
2 0.530208 0.2375 0.0375 0.037963 0.520367
2 0.504687 0.3 0.0395833 0.0537037 0.538986
2 0.4625 0.362037 0.0364583 0.0777778 0.572375
2 0.58125 0.767593 0.109375 0.159259 0.654704
7 0.410417 0.380556 0.04375 0.15 0.693389
2 0.471875 0.425463 0.0427083 0.0787037 0.765729
2 0.402604 0.541667 0.059375 0.111111 0.838832
2 0.527865 0.494907 0.0807292 0.113889 0.846372
2 0.588542 0.458796 0.0791667 0.0824074 0.860402
2 0.442969 0.491667 0.0598958 0.0962963 0.86307
2 0.53151 0.594907 0.0890625 0.119444 0.910513
