0 0.898698 0.406481 0.0109375 0.0462963 0.253961
7 0.666146 0.261111 0.0645833 0.0981481 0.256634
2 0.842969 0.102315 0.0140625 0.025 0.279156
0 0.872135 0.443056 0.0119792 0.0527778 0.307413
0 0.913281 0.740278 0.0182292 0.0638889 0.323756
9 0.974219 0.737037 0.0119792 0.0537037 0.353141
2 0.529167 0.238426 0.0385417 0.037963 0.391387
5 0.484635 0.197685 0.0557292 0.0805556 0.41841
0 0.938802 0.795833 0.0234375 0.0712963 0.424603
0 0.88125 0.735185 0.0177083 0.0666667 0.479733
2 0.453646 0.305093 0.0427083 0.0527778 0.509828
2 0.490625 0.270833 0.0385417 0.0435185 0.533453
2 0.803906 0.245833 0.0234375 0.037963 0.548017
7 0.222656 0.408796 0.0661458 0.176852 0.561775
5 0.222396 0.409259 0.0666667 0.175926 0.562936
0 0.929688 0.744444 0.01875 0.0666667 0.571017
7 0.278906 0.369907 0.0348958 0.0898148 0.649872
2 0.48099 0.391667 0.0348958 0.0759259 0.711928
2 0.08125 0.625463 0.0614583 0.10463 0.715361
2 0.839063 0.795833 0.132292 0.189815 0.741255
5 0.435156 0.221296 0.0786458 0.0962963 0.747435
5 0.297396 0.821296 0.214583 0.348148 0.845947
2 0.589323 0.555556 0.0765625 0.107407 0.865877
2 0.607813 0.668981 0.102083 0.136111 0.889384
7 0.446615 0.490741 0.0973958 0.205556 0.89388
2 0.777083 0.853704 0.129167 0.190741 0.897349
2 0.517969 0.475463 0.0671875 0.102778 0.906319
2 0.620313 0.826389 0.125 0.182407 0.918918
