2 0.459635 0.298611 0.0432292 0.0490741 0.252939
2 0.491406 0.268519 0.0348958 0.0425926 0.257336
0 0.872917 0.446759 0.0104167 0.0453704 0.259418
2 0.253646 0.296759 0.0291667 0.0527778 0.26592
0 0.913542 0.7375 0.0145833 0.0564815 0.267592
5 0.253385 0.296296 0.0296875 0.0537037 0.277968
7 0.66276 0.253241 0.0557292 0.0824074 0.290704
7 0.253385 0.296759 0.0296875 0.0527778 0.29663
2 0.269531 0.35463 0.0244792 0.0407407 0.322588
9 0.973698 0.738426 0.0119792 0.0527778 0.372078
0 0.959375 0.816204 0.021875 0.0657407 0.405862
5 0.223438 0.3125 0.0510417 0.102778 0.408975
0 0.897135 0.459259 0.00885417 0.0444444 0.46678
0 0.93724 0.794444 0.0192708 0.0685185 0.502067
0 0.928906 0.74213 0.0140625 0.0694444 0.526591
7 0.817187 0.945833 0.0989583 0.10463 0.528689
2 0.529688 0.2375 0.0385417 0.0398148 0.535695
0 0.886198 0.62037 0.0140625 0.0666667 0.56254
7 0.414583 0.419444 0.0510417 0.133333 0.641902
2 0.469271 0.406019 0.0395833 0.0861111 0.679803
5 0.221354 0.449537 0.0635417 0.187963 0.708426
2 0.4875 0.32963 0.0375 0.0666667 0.735159
2 0.498698 0.468056 0.0588542 0.0842593 0.755909
2 0.741667 0.408333 0.05625 0.0685185 0.806917
5 0.520573 0.178241 0.0984375 0.0935185 0.829272
2 0.596875 0.571759 0.096875 0.134259 0.867053
2 0.652344 0.72037 0.114063 0.155556 0.872072
2 0.479427 0.532407 0.0703125 0.101852 0.88977
2 0.478125 0.654167 0.0854167 0.139815 0.903237
