7 0.663021 0.25463 0.0572917 0.0833333 0.267366
2 0.504427 0.213426 0.0359375 0.0416667 0.278956
0 0.960156 0.814815 0.0244792 0.0722222 0.280292
0 0.872656 0.443981 0.0109375 0.0527778 0.291837
0 0.973698 0.7375 0.0130208 0.0546296 0.301609
2 0.459115 0.3 0.0421875 0.0462963 0.323302
0 0.939844 0.793056 0.0244792 0.0731481 0.354613
0 0.882031 0.722685 0.0171875 0.062037 0.367312
0 0.896354 0.418056 0.0104167 0.0527778 0.383785
0 0.914323 0.736111 0.0192708 0.0703704 0.422348
7 0.276563 0.343056 0.0333333 0.0712963 0.439784
2 0.529167 0.239352 0.0385417 0.0416667 0.440951
2 0.490885 0.269444 0.0390625 0.0444444 0.444693
5 0.492708 0.190741 0.0541667 0.0722222 0.467162
2 0.795052 0.268981 0.0276042 0.0435185 0.467973
0 0.929688 0.741667 0.0166667 0.0703704 0.512673
7 0.232812 0.378704 0.0479167 0.140741 0.560919
2 0.145313 0.550926 0.0635417 0.0888889 0.747358
2 0.480208 0.381944 0.034375 0.0787037 0.762832
5 0.444271 0.218981 0.0770833 0.0972222 0.773958
2 0.757812 0.713889 0.129167 0.194444 0.823102
7 0.435677 0.472222 0.0859375 0.194444 0.877661
2 0.50599 0.463889 0.0640625 0.1 0.878498
2 0.776563 0.856481 0.128125 0.188889 0.878821
2 0.569792 0.540278 0.0760417 0.0972222 0.883847
2 0.578646 0.638889 0.0927083 0.131481 0.894398
5 0.255729 0.779167 0.152083 0.434259 0.897763
2 0.614062 0.818981 0.122917 0.176852 0.923041
