0 0.913021 0.737037 0.0145833 0.062963 0.262477
7 0.663281 0.251389 0.0557292 0.0787037 0.286116
9 0.351042 0.351852 0.0125 0.0425926 0.287535
0 0.928385 0.74213 0.0130208 0.0638889 0.314299
0 0.895833 0.440741 0.009375 0.05 0.321782
0 0.936458 0.796759 0.01875 0.0657407 0.344893
7 0.232552 0.331019 0.0526042 0.106481 0.373117
2 0.839583 0.0976852 0.01875 0.0324074 0.374793
0 0.883854 0.668519 0.0145833 0.0648148 0.459166
0 0.973698 0.738426 0.0119792 0.0527778 0.472396
5 0.232812 0.330093 0.053125 0.106481 0.482123
2 0.489062 0.270833 0.040625 0.0435185 0.483582
2 0.459115 0.298611 0.0432292 0.0490741 0.507082
2 0.53125 0.237963 0.0395833 0.0407407 0.543726
7 0.420312 0.431481 0.0604167 0.172222 0.584156
2 0.252865 0.406019 0.0338542 0.062037 0.650249
2 0.526823 0.501852 0.0651042 0.0851852 0.693633
2 0.775521 0.347222 0.0364583 0.0555556 0.714804
2 0.480469 0.355093 0.0338542 0.0731481 0.750833
5 0.49375 0.191204 0.10625 0.108333 0.835542
5 0.207552 0.552315 0.0734375 0.262037 0.84218
2 0.479167 0.428704 0.0520833 0.0888889 0.870696
2 0.646094 0.619907 0.109896 0.147222 0.875048
2 0.516667 0.575926 0.0802083 0.118519 0.890098
2 0.542969 0.739352 0.105729 0.163889 0.8986
2 0.723437 0.794444 0.122917 0.175926 0.903934
