9 0.973958 0.738889 0.0135417 0.0518519 0.288948
2 0.335156 0.292593 0.0421875 0.0444444 0.299092
7 0.95026 0.298148 0.0994792 0.596296 0.30067
2 0.257031 0.318981 0.0244792 0.037963 0.316988
0 0.90651 0.401389 0.00989583 0.0490741 0.357856
0 0.880469 0.917593 0.0171875 0.0685185 0.458502
2 0.443229 0.256019 0.0375 0.0453704 0.60367
2 0.236198 0.462963 0.0682292 0.101852 0.769062
2 0.724219 0.531944 0.0598958 0.117593 0.774353
2 0.349479 0.724074 0.0854167 0.168519 0.776715
2 0.32526 0.373148 0.0598958 0.0851852 0.789727
5 0.44375 0.219907 0.120833 0.115741 0.822554
2 0.135937 0.523148 0.0666667 0.0925926 0.86453
