2 0.236719 0.280093 0.0203125 0.0305556 0.250768
0 0.973437 0.738889 0.0125 0.0555556 0.256916
2 0.215104 0.29537 0.034375 0.0592593 0.25744
0 0.932813 0.745833 0.0197917 0.0638889 0.270914
9 0.351823 0.352778 0.0130208 0.0444444 0.271631
0 0.936198 0.733333 0.0151042 0.0444444 0.275877
9 0.973958 0.7375 0.0125 0.0546296 0.276379
0 0.0872396 0.511111 0.0244792 0.062963 0.297335
0 0.891667 0.421296 0.009375 0.05 0.323069
0 0.0591146 0.676389 0.0161458 0.0564815 0.36591
2 0.839844 0.108796 0.0161458 0.0268519 0.380061
2 0.470313 0.250926 0.0697917 0.0611111 0.387731
0 0.88125 0.746296 0.0166667 0.0703704 0.42996
0 0.903125 0.565278 0.0145833 0.0657407 0.472378
5 0.442708 0.215278 0.123958 0.102778 0.521633
0 0.936198 0.797685 0.0223958 0.0712963 0.525923
7 0.901823 0.925926 0.131771 0.146296 0.653479
2 0.566927 0.181019 0.0223958 0.0324074 0.661345
2 0.395573 0.295833 0.0505208 0.0564815 0.745936
2 0.391927 0.424537 0.0359375 0.0787037 0.812715
2 0.480208 0.568519 0.075 0.118519 0.844955
2 0.621094 0.602778 0.0869792 0.122222 0.887248
2 0.608333 0.717593 0.109375 0.15 0.911519
