0 0.916667 0.739352 0.0197917 0.0731481 0.257683
9 0.409896 0.378241 0.0427083 0.143519 0.268534
2 0.839583 0.115741 0.015625 0.0277778 0.268586
0 0.928646 0.743056 0.0145833 0.0657407 0.291486
7 0.666406 0.257407 0.0640625 0.0925926 0.294963
0 0.973698 0.738889 0.0109375 0.0537037 0.298559
2 0.571615 0.216667 0.0286458 0.0388889 0.304628
0 0.885677 0.465741 0.0109375 0.0555556 0.308885
9 0.973958 0.738889 0.0114583 0.0537037 0.366501
0 0.938021 0.793056 0.0208333 0.0694444 0.393315
2 0.59974 0.177778 0.0244792 0.0296296 0.396933
5 0.221354 0.304167 0.0604167 0.110185 0.404009
2 0.4875 0.270833 0.0447917 0.0453704 0.417375
3 0.589323 0.583333 0.0348958 0.0703704 0.426189
2 0.465365 0.402778 0.0369792 0.0685185 0.471612
2 0.464063 0.352315 0.0364583 0.0694444 0.503303
0 0.903646 0.484259 0.0104167 0.0518519 0.523455
2 0.531771 0.236574 0.040625 0.0398148 0.54043
2 0.227604 0.883333 0.0895833 0.192593 0.619677
7 0.409896 0.378704 0.04375 0.146296 0.691501
2 0.497917 0.471296 0.06875 0.0962963 0.760032
7 0.131771 0.516667 0.084375 0.140741 0.782869
2 0.433333 0.477315 0.0520833 0.087963 0.822105
2 0.438021 0.602315 0.0729167 0.125 0.861141
2 0.491927 0.553704 0.0786458 0.111111 0.864691
2 0.543229 0.439815 0.06875 0.0814815 0.874896
2 0.384635 0.506019 0.0505208 0.100926 0.881699
