0 0.934115 0.535648 0.0119792 0.0638889 0.25919
0 0.448177 0.658333 0.0307292 0.0907407 0.302163
0 0.658333 0.313889 0.0135417 0.0740741 0.306357
0 0.891927 0.831019 0.0161458 0.0527778 0.311448
9 0.871875 0.447685 0.0125 0.0472222 0.321446
2 0.871094 0.563889 0.0203125 0.0277778 0.331609
0 0.910937 0.766667 0.015625 0.0574074 0.372597
2 0.395573 0.31713 0.0557292 0.0731481 0.38128
0 0.9375 0.8 0.0177083 0.0648148 0.388431
0 0.910677 0.835185 0.0171875 0.0666667 0.39758
2 0.250781 0.306481 0.0192708 0.0314815 0.400576
2 0.838802 0.112037 0.0171875 0.0240741 0.404861
2 0.382812 0.328704 0.03125 0.0555556 0.412293
9 0.974219 0.7375 0.0130208 0.0527778 0.45794
2 0.48125 0.229167 0.0364583 0.0435185 0.46937
5 0.4375 0.221296 0.108333 0.0944444 0.477254
0 0.888542 0.616667 0.0135417 0.062963 0.502304
0 0.847396 0.838889 0.015625 0.0685185 0.522431
2 0.269271 0.364352 0.028125 0.062037 0.664554
2 0.444792 0.281019 0.0458333 0.0564815 0.768848
5 0.172396 0.459259 0.138542 0.203704 0.836285
2 0.343229 0.710185 0.0822917 0.157407 0.899455
