2 0.559375 0.206481 0.0322917 0.0351852 0.302055
2 0.53125 0.2375 0.0395833 0.0398148 0.318557
5 0.533594 0.165278 0.0723958 0.0805556 0.334237
5 0.213802 0.284259 0.0536458 0.087037 0.362543
0 0.885938 0.592593 0.0114583 0.0574074 0.381722
2 0.732552 0.90463 0.129688 0.181481 0.390596
9 0.974219 0.738426 0.0109375 0.0509259 0.411215
7 0.233333 0.40787 0.0458333 0.123148 0.416458
9 0.410677 0.393056 0.0432292 0.156481 0.425087
7 0.732813 0.904167 0.130208 0.180556 0.425677
0 0.898698 0.480093 0.0109375 0.0509259 0.426946
2 0.463802 0.386111 0.0328125 0.087037 0.496692
0 0.914323 0.733333 0.0182292 0.0833333 0.508139
0 0.9375 0.792593 0.0208333 0.0703704 0.560452
7 0.410417 0.393519 0.04375 0.155556 0.63461
2 0.495052 0.313889 0.0401042 0.0611111 0.647672
0 0.928385 0.742593 0.0140625 0.0722222 0.655968
2 0.484896 0.449537 0.0520833 0.0805556 0.791901
2 0.690104 0.451389 0.08125 0.0731481 0.830993
2 0.561198 0.534722 0.0880208 0.117593 0.861955
2 0.43776 0.596296 0.0755208 0.12963 0.866813
2 0.458854 0.507407 0.0645833 0.0981481 0.870091
2 0.59375 0.657407 0.103125 0.138889 0.902109
