0 0.927083 0.716667 0.0177083 0.0611111 0.256189
9 0.351302 0.352315 0.0130208 0.0398148 0.272783
2 0.841667 0.102315 0.0135417 0.025 0.276385
0 0.0632813 0.583796 0.0161458 0.0509259 0.301175
2 0.833073 0.140741 0.0161458 0.0259259 0.319887
0 0.936458 0.796296 0.0229167 0.0703704 0.365633
9 0.973698 0.738426 0.0119792 0.0546296 0.378559
0 0.905208 0.492593 0.0125 0.0611111 0.402448
2 0.209635 0.283796 0.0390625 0.0768519 0.459035
0 0.88151 0.746296 0.0192708 0.0759259 0.577767
2 0.395573 0.296296 0.0505208 0.0574074 0.633919
2 0.511979 0.251852 0.0395833 0.0462963 0.64108
2 0.534896 0.187963 0.0302083 0.0351852 0.663234
5 0.443229 0.218056 0.123958 0.112037 0.678022
2 0.451562 0.493056 0.065625 0.121296 0.711727
2 0.760156 0.935648 0.132812 0.125 0.735556
2 0.407813 0.441204 0.034375 0.0694444 0.789073
2 0.451302 0.306019 0.0505208 0.0564815 0.796006
2 0.389844 0.386111 0.0380208 0.0722222 0.822695
2 0.828385 0.855556 0.122396 0.164815 0.838295
2 0.666146 0.623611 0.102083 0.136111 0.865816
7 0.546354 0.621759 0.154167 0.263889 0.901817
