0 0.0169271 0.543981 0.0151042 0.0435185 0.250367
5 0.210156 0.286574 0.0359375 0.0712963 0.267838
2 0.840885 0.109259 0.0151042 0.0259259 0.299426
1 0.936458 0.797222 0.0229167 0.0703704 0.302704
0 0.898438 0.460185 0.0104167 0.0425926 0.303691
0 0.0875 0.5125 0.025 0.0638889 0.316383
0 0.791667 0.980093 0.0166667 0.0361111 0.389445
2 0.210417 0.285648 0.0354167 0.0731481 0.395654
0 0.0611979 0.665741 0.0130208 0.0518519 0.397229
9 0.973958 0.7375 0.0114583 0.0509259 0.425694
5 0.829167 0.888426 0.144792 0.215741 0.430112
0 0.922396 0.723611 0.0177083 0.0712963 0.442424
2 0.828646 0.888889 0.145833 0.212963 0.469062
7 0.828906 0.889815 0.146354 0.216667 0.473127
2 0.590365 0.1625 0.0182292 0.0287037 0.48615
2 0.51901 0.219444 0.0401042 0.0481481 0.48995
5 0.426302 0.224074 0.0859375 0.0944444 0.494172
0 0.897396 0.533796 0.0125 0.0601852 0.525219
2 0.450781 0.258333 0.0421875 0.0444444 0.531721
0 0.882031 0.74537 0.0171875 0.0722222 0.541185
2 0.483073 0.227315 0.0369792 0.037963 0.564422
2 0.395312 0.296296 0.05 0.0574074 0.735063
2 0.394792 0.384259 0.04375 0.0740741 0.795214
2 0.538281 0.50787 0.0640625 0.102778 0.832205
2 0.435677 0.511111 0.0640625 0.0981481 0.874867
2 0.532812 0.633333 0.0885417 0.135185 0.893998
