2 0.835417 0.127778 0.0197917 0.0277778 0.258159
2 0.489323 0.27037 0.0380208 0.0425926 0.268756
0 0.904167 0.48287 0.0104167 0.0490741 0.289486
0 0.884635 0.510185 0.00989583 0.0537037 0.304333
9 0.973958 0.737037 0.0114583 0.0518519 0.349962
2 0.464323 0.351389 0.0359375 0.0694444 0.352169
3 0.829948 0.822222 0.0307292 0.062963 0.356778
5 0.233594 0.327778 0.0515625 0.0962963 0.379124
0 0.929427 0.736574 0.0130208 0.0657407 0.379273
2 0.464844 0.403704 0.0359375 0.0703704 0.394898
0 0.936719 0.796296 0.0171875 0.0611111 0.408811
2 0.567969 0.202778 0.0234375 0.0333333 0.421521
0 0.913281 0.737037 0.0151042 0.0814815 0.446692
7 0.667188 0.260185 0.065625 0.0981481 0.454617
2 0.520312 0.277315 0.034375 0.0472222 0.486944
7 0.410156 0.379167 0.0442708 0.150926 0.665509
2 0.232552 0.889352 0.0921875 0.184259 0.719214
2 0.435677 0.478704 0.0536458 0.0925926 0.783973
2 0.460938 0.634722 0.0822917 0.130556 0.818016
2 0.508333 0.477778 0.071875 0.101852 0.826568
2 0.385156 0.506481 0.0494792 0.101852 0.85182
2 0.546615 0.441667 0.0692708 0.0814815 0.87424
2 0.497396 0.558333 0.0791667 0.112963 0.891341
