5 0.442187 0.273148 0.0510417 0.0685185 0.258563
0 0.910156 0.45463 0.0119792 0.0574074 0.267081
0 0.0872396 0.511111 0.0255208 0.062963 0.27161
2 0.483073 0.227315 0.0369792 0.0416667 0.294154
9 0.973958 0.738426 0.0125 0.0527778 0.302627
5 0.475521 0.199074 0.0583333 0.0703704 0.345545
7 0.95026 0.296759 0.0994792 0.593518 0.357635
2 0.841927 0.102315 0.0161458 0.0268519 0.406736
5 0.438021 0.227315 0.1125 0.108333 0.503251
0 0.905729 0.743056 0.0177083 0.087963 0.517134
0 0.888281 0.734722 0.0161458 0.0694444 0.564992
2 0.370833 0.33287 0.0583333 0.0824074 0.735284
2 0.1125 0.587037 0.0635417 0.0888889 0.793197
2 0.443229 0.278704 0.0458333 0.0574074 0.804784
2 0.349479 0.725463 0.0864583 0.165741 0.824792
