0 0.448958 0.661111 0.0333333 0.0944444 0.251124
2 0.439323 0.274537 0.0411458 0.0398148 0.266178
2 0.870313 0.564352 0.021875 0.0287037 0.284805
9 0.973698 0.737963 0.0130208 0.0555556 0.288039
2 0.781771 0.215278 0.025 0.0398148 0.368875
0 0.867708 0.636574 0.0177083 0.075 0.43347
2 0.832812 0.133796 0.0166667 0.0305556 0.438521
0 0.946094 0.985185 0.0307292 0.0277778 0.444508
2 0.809635 0.254167 0.0328125 0.0601852 0.504283
2 0.439844 0.315278 0.0442708 0.0712963 0.525029
2 0.523438 0.241667 0.0375 0.0481481 0.667686
0 0.895573 0.679167 0.0213542 0.0842593 0.688741
5 0.357552 0.278241 0.0765625 0.0990741 0.756532
2 0.61901 0.818519 0.0984375 0.181481 0.809578
2 0.349479 0.725463 0.0854167 0.163889 0.823241
2 0.858333 0.845833 0.09375 0.176852 0.833743
5 0.275521 0.347222 0.111458 0.148148 0.839301
2 0.603646 0.663426 0.0770833 0.113889 0.89328
