2 0.332031 0.368981 0.0630208 0.087963 0.259314
7 0.951563 0.297685 0.0958333 0.59537 0.301811
2 0.0322917 0.656482 0.05625 0.0703704 0.325291
5 0.456771 0.203704 0.0958333 0.0851852 0.328295
0 0.90599 0.774537 0.0140625 0.0398148 0.340025
5 0.475521 0.194444 0.0583333 0.0611111 0.366453
2 0.842448 0.100463 0.0182292 0.0287037 0.394051
9 0.974219 0.737037 0.0119792 0.0518519 0.411789
2 0.255469 0.318056 0.0244792 0.0305556 0.421122
5 0.420833 0.235185 0.075 0.0962963 0.439844
0 0.884375 0.787963 0.0145833 0.0592593 0.611414
2 0.476562 0.233796 0.0364583 0.037963 0.637963
2 0.29974 0.37037 0.0411458 0.0666667 0.658158
2 0.417969 0.298148 0.0473958 0.0611111 0.782111
2 0.349479 0.725463 0.0854167 0.163889 0.849033
