2 0.530729 0.237037 0.0395833 0.0388889 0.343001
9 0.411198 0.400463 0.0453125 0.150926 0.359801
2 0.267448 0.331019 0.0265625 0.0435185 0.399295
0 0.898698 0.475463 0.00989583 0.0509259 0.402797
2 0.559635 0.207407 0.0307292 0.0351852 0.464469
9 0.974219 0.737963 0.0109375 0.0518519 0.47737
0 0.914062 0.734722 0.0177083 0.0842593 0.485325
0 0.885677 0.600926 0.0140625 0.0648148 0.518553
0 0.93724 0.793056 0.0213542 0.0712963 0.546224
2 0.464844 0.392593 0.0359375 0.0814815 0.55199
5 0.229948 0.407407 0.0546875 0.157407 0.576514
5 0.213802 0.286574 0.0567708 0.108333 0.592999
0 0.928646 0.741204 0.015625 0.075 0.61989
7 0.411719 0.406481 0.0453125 0.135185 0.665568
5 0.532552 0.165278 0.0838542 0.0842593 0.667913
2 0.491406 0.318981 0.0369792 0.0601852 0.73136
7 0.765885 0.918981 0.134896 0.160185 0.737988
2 0.489844 0.45463 0.0567708 0.0814815 0.772315
2 0.569792 0.540278 0.0916667 0.123148 0.85713
2 0.709115 0.441204 0.0734375 0.0731481 0.868463
2 0.608594 0.674074 0.106771 0.146296 0.877879
2 0.463802 0.514352 0.0671875 0.0990741 0.881498
2 0.446615 0.611574 0.0786458 0.125 0.882989
