7 0.266146 0.318056 0.034375 0.062037 0.271251
0 0.872656 0.444444 0.0109375 0.0518519 0.279251
2 0.840365 0.0981481 0.0171875 0.0296296 0.292498
9 0.351823 0.352778 0.0130208 0.0425926 0.321634
0 0.913021 0.737037 0.0145833 0.0592593 0.328008
9 0.973698 0.739352 0.0119792 0.0509259 0.334775
2 0.266406 0.318981 0.0348958 0.062037 0.386442
2 0.459635 0.3 0.0432292 0.0407407 0.388007
2 0.486979 0.27037 0.0447917 0.0462963 0.401785
0 0.928385 0.74213 0.0140625 0.0694444 0.405051
5 0.238281 0.340278 0.0505208 0.10463 0.408392
0 0.895052 0.434722 0.00989583 0.0509259 0.432846
0 0.938542 0.79213 0.0239583 0.075 0.463125
2 0.53099 0.236111 0.0401042 0.0444444 0.50868
7 0.664323 0.25463 0.0598958 0.087037 0.513894
0 0.88151 0.681944 0.0130208 0.0657407 0.623468
2 0.781771 0.327315 0.0364583 0.0527778 0.631715
2 0.235677 0.435648 0.0421875 0.0712963 0.634955
2 0.479688 0.362963 0.0333333 0.0703704 0.668882
2 0.486719 0.438426 0.0546875 0.0972222 0.780073
7 0.423438 0.44213 0.0666667 0.176852 0.818285
2 0.668229 0.637963 0.115625 0.159259 0.822302
2 0.538281 0.50787 0.0692708 0.0953704 0.823247
5 0.483854 0.194907 0.108333 0.112037 0.831541
5 0.21276 0.606481 0.0776042 0.292593 0.841665
2 0.533073 0.588889 0.0838542 0.118519 0.889583
2 0.744792 0.822222 0.127083 0.181481 0.913214
2 0.570833 0.773611 0.1125 0.171296 0.914892
