0 0.179688 0.790741 0.0260417 0.0777778 0.272296
2 0.842448 0.101852 0.0140625 0.0277778 0.314841
5 0.209896 0.283796 0.0375 0.0712963 0.323671
9 0.351562 0.351389 0.0135417 0.0416667 0.360835
0 0.928646 0.743056 0.0145833 0.0657407 0.389229
2 0.55651 0.210648 0.0296875 0.0416667 0.3911
7 0.663021 0.251852 0.0572917 0.0796296 0.403425
2 0.209635 0.283333 0.0369792 0.0722222 0.427752
9 0.974479 0.738426 0.0114583 0.0527778 0.449932
0 0.935156 0.796759 0.0203125 0.0694444 0.459419
7 0.424479 0.44537 0.0479167 0.107407 0.471281
2 0.414323 0.281944 0.0453125 0.0490741 0.516469
2 0.424479 0.44537 0.0479167 0.107407 0.524108
7 0.275781 0.508333 0.0494792 0.140741 0.568662
2 0.81849 0.191667 0.0192708 0.0296296 0.570887
0 0.88099 0.745833 0.0203125 0.075 0.572053
2 0.521615 0.24537 0.0369792 0.0444444 0.578248
5 0.44401 0.215741 0.119271 0.103704 0.63795
2 0.47526 0.284259 0.0442708 0.0481481 0.686363
2 0.41276 0.357407 0.0421875 0.0685185 0.708066
2 0.494271 0.428704 0.0489583 0.0833333 0.735232
5 0.182292 0.625926 0.08125 0.305556 0.842046
7 0.497135 0.560648 0.130729 0.234259 0.842194
2 0.578385 0.538426 0.0848958 0.123148 0.848212
2 0.758333 0.72037 0.0989583 0.142593 0.875848
2 0.66849 0.727778 0.109896 0.151852 0.901459
2 0.795313 0.878241 0.129167 0.191667 0.914522
2 0.64349 0.853704 0.132812 0.188889 0.919232
