2 0.839583 0.101852 0.01875 0.0277778 0.283679
2 0.251302 0.294444 0.0265625 0.0537037 0.285028
2 0.559896 0.208333 0.0322917 0.0351852 0.290928
0 0.0875 0.511111 0.0239583 0.062963 0.297195
7 0.79375 0.927778 0.132292 0.140741 0.330803
2 0.26901 0.334722 0.0265625 0.0509259 0.367441
0 0.898177 0.471759 0.00989583 0.0509259 0.371482
9 0.973698 0.738426 0.0119792 0.0527778 0.391616
0 0.959375 0.816204 0.0229167 0.0657407 0.395537
2 0.790885 0.928704 0.127604 0.137037 0.473104
0 0.914323 0.733333 0.0182292 0.0777778 0.482963
0 0.885938 0.606944 0.0135417 0.0546296 0.504193
2 0.529948 0.237963 0.0390625 0.0388889 0.517998
0 0.93776 0.793519 0.0203125 0.0703704 0.54848
5 0.220052 0.306481 0.0453125 0.0925926 0.570962
0 0.929167 0.741667 0.015625 0.0722222 0.615586
7 0.41224 0.406019 0.0484375 0.14537 0.683242
5 0.226562 0.419444 0.05625 0.166667 0.712904
2 0.466146 0.397222 0.0364583 0.0833333 0.714104
5 0.527083 0.169907 0.096875 0.0916667 0.766446
2 0.493229 0.459722 0.0541667 0.0824074 0.771793
2 0.489323 0.321759 0.0369792 0.062037 0.793047
2 0.579687 0.553704 0.09375 0.133333 0.842282
2 0.723437 0.426852 0.0677083 0.0759259 0.848913
2 0.45599 0.623148 0.0869792 0.133333 0.86559
2 0.469271 0.521759 0.0677083 0.0972222 0.888915
2 0.626042 0.691667 0.109375 0.15 0.895524
