0 0.0611979 0.601852 0.0119792 0.0425926 0.261314
9 0.0609375 0.601852 0.0125 0.0425926 0.287332
2 0.45 0.256481 0.0427083 0.05 0.377687
2 0.408333 0.314815 0.059375 0.062963 0.409338
9 0.973698 0.738426 0.0109375 0.0527778 0.44998
2 0.209896 0.284259 0.0364583 0.0759259 0.498541
2 0.520052 0.568056 0.0932292 0.143519 0.510156
5 0.442187 0.218981 0.121875 0.108333 0.547687
0 0.882552 0.741667 0.0171875 0.0666667 0.603071
2 0.50599 0.210648 0.0317708 0.0435185 0.644706
2 0.482552 0.284259 0.0328125 0.05 0.686481
2 0.395312 0.295833 0.0520833 0.0564815 0.71054
2 0.389583 0.390278 0.0354167 0.075 0.782799
2 0.409896 0.446759 0.040625 0.0694444 0.806294
2 0.424219 0.332407 0.0494792 0.0592593 0.853804
2 0.878125 0.837963 0.121875 0.174074 0.898531
7 0.705469 0.800463 0.203646 0.363889 0.92124
