7 0.663021 0.253241 0.0583333 0.0824074 0.257307
0 0.926823 0.733333 0.0182292 0.0722222 0.25746
2 0.555208 0.172685 0.0291667 0.0324074 0.350161
0 0.929688 0.519444 0.0125 0.0611111 0.419132
7 0.44349 0.489815 0.0526042 0.122222 0.437956
0 0.911458 0.518519 0.0125 0.0592593 0.449838
2 0.210417 0.284259 0.0385417 0.0722222 0.466172
2 0.44349 0.490741 0.0526042 0.124074 0.498368
2 0.83151 0.148148 0.0192708 0.0296296 0.525205
9 0.974219 0.735648 0.0109375 0.0509259 0.536287
5 0.444271 0.216204 0.120833 0.106481 0.601955
0 0.881771 0.745833 0.0177083 0.0731481 0.611336
2 0.395833 0.295833 0.0489583 0.0583333 0.62448
2 0.40599 0.436574 0.0338542 0.0657407 0.655113
2 0.525781 0.239815 0.0328125 0.0388889 0.675531
2 0.950521 0.908796 0.0989583 0.180556 0.678648
2 0.475781 0.284722 0.0463542 0.0509259 0.742781
2 0.6 0.558796 0.0927083 0.117593 0.748582
2 0.392448 0.375 0.0411458 0.0703704 0.771713
2 0.877865 0.934722 0.133854 0.128704 0.799897
7 0.520052 0.586111 0.139062 0.253704 0.886037
2 0.700781 0.906018 0.139062 0.186111 0.890678
2 0.692708 0.751852 0.111458 0.151852 0.901532
