7 0.666927 0.259259 0.0619792 0.0962963 0.274144
2 0.850521 0.899537 0.145833 0.200926 0.285892
0 0.791927 0.980093 0.0171875 0.037963 0.317962
0 0.922396 0.722685 0.0177083 0.0712963 0.325891
2 0.840365 0.108333 0.0151042 0.0277778 0.332747
0 0.0403646 0.546296 0.0130208 0.0518519 0.345094
0 0.0872396 0.5125 0.0244792 0.0638889 0.376591
0 0.447396 0.656482 0.0302083 0.0888889 0.378066
2 0.210417 0.285185 0.0354167 0.0722222 0.407891
2 0.48125 0.228241 0.034375 0.0398148 0.423391
9 0.973958 0.7375 0.0114583 0.0509259 0.424727
2 0.509896 0.224074 0.0395833 0.0574074 0.511711
5 0.425781 0.224537 0.0848958 0.0935185 0.515744
2 0.450521 0.25787 0.0427083 0.0453704 0.517696
0 0.882031 0.74537 0.0171875 0.0722222 0.529346
0 0.898177 0.542593 0.0130208 0.0666667 0.554002
7 0.849219 0.898611 0.144271 0.197222 0.566709
2 0.395312 0.295833 0.05 0.0564815 0.747452
2 0.391406 0.39537 0.0369792 0.0703704 0.76173
2 0.553125 0.65787 0.09375 0.132407 0.848168
2 0.558594 0.536111 0.0703125 0.111111 0.876117
2 0.446094 0.526852 0.0661458 0.1 0.880787
