9 0.974219 0.738426 0.0119792 0.0546296 0.35653
0 0.8625 0.89537 0.0208333 0.0592593 0.359491
2 0.254687 0.316204 0.0208333 0.0324074 0.503239
2 0.124219 0.577315 0.0651042 0.106481 0.622121
2 0.376042 0.308796 0.05 0.0527778 0.625049
7 0.506771 0.84537 0.114583 0.188889 0.637363
5 0.466927 0.20463 0.0557292 0.0703704 0.687225
2 0.229427 0.462037 0.0630208 0.0888889 0.68801
2 0.790885 0.306481 0.0328125 0.0555556 0.692909
7 0.634635 0.797222 0.122396 0.248148 0.779563
5 0.409375 0.239815 0.090625 0.1 0.793917
2 0.34974 0.725 0.0848958 0.164815 0.833348
