2 0.354427 0.938426 0.140104 0.117593 0.259702
2 0.840365 0.846759 0.144271 0.193519 0.311629
0 0.899219 0.401852 0.0119792 0.0462963 0.319345
5 0.457031 0.208333 0.109896 0.1 0.350056
9 0.973958 0.737963 0.0114583 0.0518519 0.371919
2 0.841146 0.099537 0.015625 0.0268519 0.378334
0 0.914323 0.736574 0.0182292 0.0675926 0.384179
2 0.560677 0.206944 0.0317708 0.0416667 0.392638
5 0.483073 0.194907 0.0557292 0.075 0.394116
2 0.529427 0.238426 0.0390625 0.0398148 0.439872
7 0.279427 0.378704 0.0348958 0.0851852 0.485057
2 0.447396 0.313426 0.0416667 0.0490741 0.48677
0 0.88125 0.733796 0.0166667 0.0601852 0.496059
2 0.491406 0.271296 0.0390625 0.0444444 0.586733
2 0.80625 0.237037 0.0208333 0.0351852 0.599379
0 0.929688 0.743056 0.01875 0.0731481 0.607395
2 0.482552 0.394907 0.0338542 0.0787037 0.620623
2 0.0653646 0.65 0.0661458 0.0962963 0.676721
5 0.309635 0.842593 0.230729 0.311111 0.70058
5 0.429948 0.224074 0.0776042 0.0981481 0.70323
5 0.21276 0.429167 0.0692708 0.184259 0.744738
7 0.87526 0.831944 0.133854 0.189815 0.755437
7 0.452083 0.497222 0.103125 0.209259 0.837249
2 0.523177 0.481481 0.0723958 0.103704 0.884096
2 0.777344 0.855556 0.129688 0.190741 0.885345
2 0.598698 0.56713 0.0786458 0.102778 0.892801
2 0.617969 0.680093 0.100521 0.143519 0.89756
2 0.621875 0.828241 0.123958 0.180556 0.911343
