0 0.716667 0.690741 0.0333333 0.0666667 0.256712
0 0.352865 0.353704 0.0119792 0.0407407 0.302767
2 0.464583 0.402315 0.0364583 0.0768519 0.319028
7 0.228125 0.315741 0.0510417 0.0981481 0.325116
9 0.973958 0.738889 0.0114583 0.0537037 0.329828
2 0.57474 0.195833 0.0255208 0.0342593 0.346952
2 0.488281 0.27037 0.0432292 0.0444444 0.382093
0 0.884115 0.502315 0.00989583 0.0564815 0.389817
2 0.464063 0.352778 0.0364583 0.0722222 0.389837
2 0.535417 0.249537 0.0416667 0.0564815 0.406084
0 0.9375 0.793519 0.0208333 0.0703704 0.40993
7 0.66276 0.251852 0.0588542 0.0796296 0.42258
3 0.716406 0.721759 0.0421875 0.0675926 0.436897
0 0.928906 0.74213 0.0140625 0.0657407 0.453839
0 0.91224 0.743519 0.0151042 0.0685185 0.470215
0 0.904167 0.481944 0.0104167 0.0546296 0.483846
2 0.229427 0.882407 0.0890625 0.190741 0.702579
7 0.409635 0.37963 0.0442708 0.148148 0.712094
2 0.433594 0.476852 0.0526042 0.087037 0.823588
2 0.441146 0.605556 0.0739583 0.12037 0.847617
2 0.492969 0.55463 0.0776042 0.109259 0.863383
2 0.503125 0.475 0.0697917 0.105556 0.879268
2 0.543229 0.440741 0.06875 0.0814815 0.884549
2 0.384375 0.506481 0.05 0.101852 0.890352
