0 0.917188 0.473148 0.015625 0.0666667 0.267461
0 0.973698 0.737963 0.0119792 0.0518519 0.269396
9 0.974219 0.737963 0.0119792 0.0537037 0.328556
0 0.0617188 0.59213 0.0140625 0.0435185 0.344142
2 0.835156 0.134722 0.0140625 0.025 0.344878
2 0.450781 0.257407 0.0411458 0.0462963 0.446448
0 0.904167 0.468981 0.0125 0.0583333 0.460415
2 0.515365 0.204167 0.0328125 0.037963 0.472857
0 0.936719 0.795833 0.0234375 0.0712963 0.518204
2 0.210156 0.285185 0.0380208 0.0759259 0.520839
2 0.484635 0.528704 0.0817708 0.131481 0.56067
0 0.882031 0.74537 0.0182292 0.0740741 0.645033
2 0.788542 0.741667 0.116667 0.168519 0.711435
2 0.396094 0.294907 0.0505208 0.0564815 0.742096
2 0.389583 0.390278 0.0364583 0.0712963 0.756005
2 0.489323 0.271759 0.0369792 0.0453704 0.770736
5 0.442448 0.216667 0.123438 0.107407 0.782193
2 0.408594 0.439815 0.0369792 0.0722222 0.798732
2 0.428906 0.328704 0.0515625 0.0592593 0.845609
7 0.642187 0.730556 0.1875 0.331481 0.910207
