0 0.913021 0.738889 0.0177083 0.0777778 0.286072
7 0.665885 0.256944 0.0640625 0.0916667 0.298144
0 0.885417 0.469444 0.0104167 0.0518519 0.2999
9 0.973698 0.738889 0.0109375 0.0537037 0.332711
0 0.929167 0.740278 0.015625 0.0712963 0.395797
0 0.93776 0.792593 0.0213542 0.0703704 0.398209
2 0.595573 0.181481 0.0213542 0.0314815 0.40514
2 0.464844 0.402315 0.0359375 0.0712963 0.416621
2 0.4875 0.270833 0.0447917 0.0453704 0.418103
5 0.223698 0.311111 0.0546875 0.0962963 0.420471
3 0.603385 0.601389 0.0338542 0.0731481 0.457848
2 0.464323 0.352315 0.0359375 0.0694444 0.494198
0 0.903646 0.483796 0.0104167 0.0527778 0.500323
2 0.53099 0.236574 0.0390625 0.037963 0.525995
2 0.568229 0.222222 0.0322917 0.0407407 0.53418
2 0.227865 0.883333 0.0890625 0.192593 0.617897
7 0.409896 0.378704 0.04375 0.146296 0.676256
2 0.498437 0.472222 0.06875 0.0944444 0.693597
7 0.0976562 0.550926 0.0869792 0.140741 0.779272
2 0.433333 0.477315 0.0520833 0.087963 0.821909
2 0.491927 0.553704 0.0786458 0.111111 0.856442
2 0.438021 0.602315 0.0729167 0.125 0.861853
2 0.543229 0.439815 0.06875 0.0814815 0.86575
2 0.384375 0.506019 0.05 0.100926 0.879978
