2 0.48125 0.228704 0.0395833 0.0444444 0.26778
2 0.400781 0.30787 0.0473958 0.062037 0.310004
2 0.384635 0.324537 0.0338542 0.0527778 0.331911
0 0.911979 0.666667 0.0114583 0.0425926 0.346006
0 0.447656 0.658333 0.0296875 0.0907407 0.367822
0 0.890365 0.676852 0.0151042 0.0685185 0.38147
3 0.384896 0.328241 0.0333333 0.0527778 0.385289
2 0.840104 0.106944 0.0166667 0.0305556 0.420312
2 0.253906 0.318056 0.0234375 0.0324074 0.446786
9 0.973958 0.7375 0.0125 0.0527778 0.561682
5 0.44375 0.21713 0.119792 0.102778 0.569688
0 0.911198 0.860185 0.0192708 0.0796296 0.582998
2 0.445833 0.280093 0.046875 0.0583333 0.729647
2 0.222656 0.463889 0.0473958 0.0777778 0.836623
2 0.349219 0.725 0.0859375 0.162963 0.852473
5 0.0786458 0.559722 0.157292 0.215741 0.859467
