7 0.664844 0.258796 0.0598958 0.0935185 0.257948
7 0.570573 0.905093 0.160938 0.187963 0.272312
2 0.570573 0.905556 0.160938 0.188889 0.289746
2 0.254687 0.317593 0.0208333 0.0314815 0.306664
0 0.875 0.983796 0.0135417 0.0324074 0.318448
0 0.905729 0.383333 0.009375 0.0444444 0.331767
9 0.351562 0.353704 0.0145833 0.0444444 0.340816
0 0.898698 0.977778 0.0182292 0.0425926 0.36256
5 0.571875 0.905093 0.159375 0.184259 0.362783
9 0.974219 0.737037 0.0119792 0.0518519 0.490171
7 0.949479 0.297222 0.101042 0.590741 0.585745
2 0.216667 0.452315 0.0416667 0.0638889 0.60227
5 0.438542 0.21713 0.127083 0.102778 0.654067
2 0.402865 0.290278 0.0442708 0.0509259 0.66691
2 0.427083 0.953241 0.126042 0.087963 0.716926
2 0.776302 0.354167 0.0359375 0.0638889 0.759089
2 0.159115 0.537963 0.0713542 0.114815 0.78511
2 0.259896 0.433796 0.0614583 0.0861111 0.800237
2 0.34974 0.725 0.0859375 0.162963 0.839591
