0 0.0880208 0.510185 0.025 0.062963 0.304653
9 0.411198 0.398611 0.0463542 0.15463 0.307379
2 0.26875 0.33287 0.0260417 0.0435185 0.338987
5 0.21875 0.296759 0.046875 0.0861111 0.402726
0 0.899219 0.474537 0.00989583 0.0509259 0.436508
2 0.530469 0.237963 0.0401042 0.0388889 0.436676
0 0.93724 0.793981 0.0213542 0.0712963 0.467843
0 0.914062 0.733796 0.0177083 0.0842593 0.470137
9 0.974219 0.737963 0.0109375 0.0518519 0.482582
7 0.773438 0.922222 0.133333 0.151852 0.490731
2 0.559635 0.207407 0.0296875 0.0351852 0.496405
0 0.886458 0.598611 0.0135417 0.0527778 0.514219
0 0.929167 0.741204 0.015625 0.075 0.552386
2 0.465625 0.393056 0.0354167 0.0824074 0.590528
5 0.530469 0.164352 0.0859375 0.0824074 0.654561
7 0.411458 0.405556 0.046875 0.138889 0.65491
5 0.229948 0.403704 0.0546875 0.17037 0.716627
2 0.490885 0.456944 0.0567708 0.0842593 0.739492
2 0.490365 0.318981 0.0359375 0.0601852 0.754799
2 0.572656 0.543981 0.0911458 0.126852 0.829857
2 0.713542 0.440278 0.0739583 0.075 0.833969
2 0.465885 0.517593 0.0661458 0.0981481 0.856009
2 0.447396 0.613426 0.0791667 0.128704 0.874214
2 0.613542 0.677778 0.10625 0.144444 0.876012
