0 0.117708 0.461111 0.0125 0.0462963 0.259627
0 0.886979 0.536111 0.0104167 0.0444444 0.274416
2 0.490104 0.27037 0.034375 0.0388889 0.292901
9 0.410417 0.380556 0.0427083 0.144444 0.29964
0 0.903646 0.481481 0.0104167 0.0555556 0.395213
5 0.238021 0.34213 0.0510417 0.108333 0.395506
9 0.973958 0.738426 0.0114583 0.0509259 0.464913
2 0.509375 0.294444 0.040625 0.0518519 0.477152
2 0.530469 0.235648 0.0359375 0.037963 0.477935
0 0.9375 0.793519 0.0197917 0.0685185 0.478125
2 0.56276 0.206944 0.0296875 0.0342593 0.506494
2 0.46224 0.358796 0.0338542 0.0731481 0.524704
7 0.410156 0.380556 0.0442708 0.146296 0.52546
0 0.929427 0.742593 0.0161458 0.0722222 0.586301
5 0.410417 0.380093 0.04375 0.147222 0.603559
0 0.914323 0.734722 0.0182292 0.0842593 0.637344
2 0.257812 0.931019 0.117708 0.134259 0.71769
2 0.46849 0.416667 0.0411458 0.0740741 0.753794
2 0.394792 0.525 0.0552083 0.107407 0.8516
2 0.534375 0.718056 0.1 0.150926 0.854348
2 0.521094 0.485185 0.0786458 0.107407 0.870033
2 0.568229 0.451389 0.0760417 0.0842593 0.876603
2 0.439844 0.488889 0.0588542 0.0944444 0.882173
2 0.516406 0.57963 0.0869792 0.118519 0.905873
