0 0.945312 0.986574 0.021875 0.0231481 0.268369
2 0.871094 0.563426 0.0213542 0.0305556 0.292294
7 0.948438 0.297685 0.103125 0.59537 0.33778
9 0.973698 0.737037 0.0119792 0.0537037 0.370587
2 0.833073 0.137963 0.0161458 0.0259259 0.419434
7 0.851823 0.851389 0.0953125 0.187963 0.554277
2 0.807292 0.2625 0.0322917 0.0675926 0.572233
5 0.313281 0.319907 0.170312 0.184259 0.576801
2 0.851823 0.851389 0.0953125 0.189815 0.622229
2 0.777604 0.225463 0.0229167 0.0361111 0.639756
0 0.891667 0.681944 0.0197917 0.0824074 0.652053
2 0.45 0.293981 0.0447917 0.0898148 0.695776
5 0.360156 0.276389 0.0776042 0.0972222 0.703262
2 0.533073 0.233333 0.0390625 0.0481481 0.703325
2 0.592708 0.887963 0.111458 0.209259 0.787603
2 0.349479 0.725463 0.0854167 0.163889 0.827794
2 0.585156 0.702778 0.0796875 0.127778 0.885914
