7 0.666667 0.261574 0.065625 0.0990741 0.269115
2 0.842969 0.102315 0.0140625 0.025 0.290762
0 0.913281 0.740278 0.0182292 0.0638889 0.296186
0 0.872135 0.443056 0.0119792 0.0527778 0.313136
9 0.974219 0.737037 0.0119792 0.0537037 0.353037
2 0.529167 0.238889 0.0385417 0.037037 0.35673
0 0.939062 0.79537 0.0239583 0.0722222 0.443275
0 0.88151 0.736574 0.0182292 0.0731481 0.469824
7 0.223958 0.408796 0.065625 0.169444 0.510888
2 0.804167 0.248148 0.025 0.037037 0.552182
2 0.491146 0.27037 0.0385417 0.0444444 0.563413
0 0.929688 0.744444 0.01875 0.0666667 0.564664
2 0.453646 0.306019 0.04375 0.0527778 0.567508
2 0.0838542 0.622685 0.0635417 0.100926 0.570467
5 0.223438 0.409259 0.065625 0.17037 0.584223
7 0.278385 0.36713 0.0348958 0.0935185 0.640794
2 0.48125 0.389352 0.0354167 0.0787037 0.692
5 0.454427 0.216204 0.116146 0.106481 0.6929
2 0.58724 0.553241 0.0776042 0.106481 0.867933
2 0.60599 0.66713 0.0994792 0.139815 0.879232
2 0.833854 0.791204 0.134375 0.187963 0.884205
5 0.296615 0.818981 0.216146 0.356481 0.885922
7 0.446615 0.489352 0.0973958 0.20463 0.891522
2 0.516927 0.475 0.0661458 0.103704 0.900116
2 0.777083 0.853704 0.129167 0.190741 0.900169
2 0.620573 0.826852 0.125521 0.183333 0.921687
