9 0.351823 0.352778 0.0151042 0.0462963 0.252085
0 0.973958 0.738889 0.0114583 0.0537037 0.263438
0 0.935938 0.734259 0.015625 0.0444444 0.270186
0 0.99375 0.614815 0.0125 0.0648148 0.274284
2 0.450521 0.259259 0.0427083 0.0462963 0.277237
0 0.889583 0.415278 0.009375 0.0472222 0.29115
0 0.0872396 0.512037 0.0244792 0.062963 0.300205
7 0.669271 0.261111 0.06875 0.1 0.302148
0 0.0497396 0.538426 0.0161458 0.0546296 0.302389
9 0.974219 0.738426 0.0119792 0.0527778 0.318295
0 0.928906 0.737037 0.0234375 0.062963 0.325451
2 0.211198 0.283333 0.0380208 0.0777778 0.326555
0 0.922656 0.723611 0.0171875 0.0731481 0.392008
2 0.575781 0.175 0.0286458 0.0314815 0.39791
0 0.900521 0.555093 0.0135417 0.0638889 0.424195
2 0.839583 0.109259 0.0166667 0.0277778 0.430547
0 0.936198 0.795833 0.0223958 0.0731481 0.435159
0 0.882292 0.745833 0.0177083 0.0712963 0.496256
5 0.442708 0.211111 0.120833 0.0944444 0.496656
2 0.48724 0.240741 0.0505208 0.0648148 0.50636
7 0.883333 0.914815 0.128125 0.168519 0.631203
2 0.395052 0.295833 0.0494792 0.0564815 0.762516
2 0.391146 0.412963 0.0364583 0.0759259 0.796979
2 0.467708 0.550463 0.0760417 0.112037 0.872669
2 0.585417 0.691204 0.102083 0.14537 0.893528
2 0.594792 0.578241 0.08125 0.119444 0.894217
