9 0.0614583 0.602315 0.0114583 0.0435185 0.261631
0 0.90651 0.457407 0.0151042 0.0592593 0.287538
1 0.9375 0.796759 0.0229167 0.0694444 0.326919
0 0.925 0.730093 0.0239583 0.0842593 0.354662
2 0.448698 0.256481 0.0411458 0.0481481 0.376126
2 0.407031 0.313889 0.0588542 0.062963 0.400079
9 0.973698 0.738426 0.0109375 0.0527778 0.43417
2 0.209896 0.284722 0.0364583 0.0768519 0.502104
5 0.442187 0.218056 0.121875 0.108333 0.553344
0 0.882552 0.740741 0.0171875 0.0648148 0.592569
7 0.513281 0.558796 0.0911458 0.15463 0.660046
2 0.507552 0.210648 0.0328125 0.0435185 0.667518
2 0.482812 0.281481 0.0333333 0.05 0.676727
2 0.395052 0.295833 0.0515625 0.0564815 0.703468
2 0.389583 0.390741 0.0354167 0.0740741 0.785724
2 0.409635 0.443981 0.0401042 0.0731481 0.787491
2 0.424219 0.331944 0.0494792 0.0583333 0.85162
7 0.695833 0.7875 0.202083 0.356481 0.899857
2 0.863021 0.821296 0.119792 0.17037 0.914666
