2 0.841667 0.102778 0.0135417 0.0259259 0.26672
0 0.923958 0.496759 0.0125 0.0453704 0.289416
0 0.920573 0.508333 0.0140625 0.0611111 0.300142
0 0.0638021 0.581019 0.0140625 0.0509259 0.328489
0 0.936458 0.796759 0.0229167 0.0694444 0.365682
2 0.832552 0.142593 0.0151042 0.0259259 0.372736
9 0.973698 0.738426 0.0119792 0.0546296 0.389576
2 0.209635 0.284259 0.0390625 0.0759259 0.447473
2 0.539844 0.184722 0.0286458 0.0324074 0.473668
0 0.905208 0.494907 0.0114583 0.0435185 0.531555
2 0.933073 0.97037 0.0869792 0.0574074 0.551353
0 0.88151 0.746759 0.0192708 0.075 0.563801
2 0.396094 0.296296 0.0484375 0.0574074 0.59685
2 0.448438 0.490278 0.0614583 0.121296 0.693427
2 0.515104 0.249074 0.034375 0.0425926 0.695107
5 0.44401 0.218981 0.122396 0.110185 0.731012
2 0.458073 0.299074 0.0453125 0.0518519 0.735659
2 0.390625 0.386111 0.0395833 0.0703704 0.769298
2 0.407292 0.440741 0.0333333 0.0703704 0.772104
2 0.648177 0.606019 0.0973958 0.132407 0.821495
2 0.746094 0.927315 0.141146 0.143519 0.847521
2 0.779948 0.823148 0.121354 0.159259 0.890411
7 0.535677 0.606481 0.146354 0.257407 0.901739
