0 0.93724 0.743056 0.0119792 0.0342593 0.25293
0 0.903385 0.587037 0.0140625 0.0648148 0.257586
0 0.936198 0.797222 0.0192708 0.0703704 0.25806
2 0.840365 0.108333 0.0151042 0.0296296 0.285249
0 0.915365 0.778704 0.0182292 0.0648148 0.338456
9 0.973437 0.738426 0.0125 0.0509259 0.342738
0 0.448177 0.661574 0.0276042 0.0916667 0.356368
2 0.239323 0.283333 0.0182292 0.0314815 0.441581
2 0.939844 0.979167 0.0901042 0.037963 0.476047
2 0.48125 0.22963 0.0364583 0.0425926 0.484465
0 0.888021 0.581019 0.0125 0.0638889 0.511938
0 0.849479 0.825 0.0135417 0.0574074 0.527399
5 0.440885 0.224537 0.117188 0.108333 0.527661
0 0.900521 0.778241 0.0166667 0.0712963 0.598366
2 0.395573 0.321759 0.0546875 0.0657407 0.642101
5 0.221354 0.394444 0.0739583 0.151852 0.709738
2 0.445052 0.280556 0.0473958 0.0592593 0.72001
2 0.320312 0.661111 0.0708333 0.142593 0.8862
