9 0.973698 0.7375 0.0130208 0.0546296 0.288755
0 0.923698 0.730556 0.0223958 0.0796296 0.372467
2 0.538802 0.223148 0.0453125 0.0444444 0.435135
7 0.282552 0.878241 0.199479 0.239815 0.452736
2 0.209896 0.284259 0.0375 0.0722222 0.501387
5 0.282552 0.877778 0.196354 0.240741 0.5026
2 0.502344 0.2625 0.0421875 0.0472222 0.528107
5 0.44375 0.216204 0.123958 0.106481 0.615982
2 0.535417 0.486574 0.0666667 0.0990741 0.619023
2 0.826823 0.161574 0.0171875 0.0268519 0.61953
0 0.882031 0.745833 0.0182292 0.075 0.621013
2 0.982813 0.947222 0.034375 0.101852 0.667641
2 0.402604 0.419444 0.0354167 0.0703704 0.669784
2 0.395833 0.29537 0.0510417 0.0555556 0.695054
2 0.439583 0.483333 0.0520833 0.116667 0.731581
2 0.426302 0.330093 0.0484375 0.0601852 0.797275
7 0.353385 0.780556 0.120312 0.233333 0.832245
7 0.517448 0.58287 0.138021 0.249074 0.897645
2 0.75651 0.702778 0.115104 0.174074 0.909467
2 0.661719 0.869907 0.131771 0.191667 0.913308
2 0.667708 0.725926 0.109375 0.148148 0.917878
2 0.798698 0.883333 0.128646 0.188889 0.925938
