0 0.448177 0.659259 0.0317708 0.0907407 0.253068
0 0.905469 0.610648 0.0171875 0.0675926 0.281695
9 0.973958 0.737963 0.0125 0.0518519 0.291136
0 0.918229 0.756944 0.0145833 0.0583333 0.304952
0 0.936198 0.799537 0.0140625 0.0638889 0.357848
0 0.939062 0.546759 0.0125 0.0601852 0.375733
2 0.396875 0.319907 0.053125 0.0694444 0.399818
0 0.848958 0.830093 0.0166667 0.0675926 0.442426
0 0.896354 0.809259 0.015625 0.0574074 0.470893
2 0.247135 0.300463 0.0213542 0.0342593 0.487586
2 0.839583 0.109259 0.0166667 0.0259259 0.505564
0 0.888802 0.606944 0.0140625 0.0694444 0.507262
5 0.433073 0.223148 0.0984375 0.0962963 0.535526
2 0.480469 0.228704 0.0380208 0.0425926 0.541323
2 0.26875 0.35463 0.0291667 0.0481481 0.670188
2 0.445312 0.281481 0.0479167 0.062963 0.78818
5 0.18776 0.437963 0.119271 0.188889 0.868519
2 0.336979 0.699537 0.0791667 0.158333 0.890496
