9 0.973958 0.738889 0.0125 0.0537037 0.275601
2 0.839323 0.112037 0.0151042 0.037037 0.314633
0 0.973437 0.739352 0.0125 0.0527778 0.320638
0 0.922917 0.726389 0.0197917 0.0768519 0.348247
7 0.961458 0.918519 0.0760417 0.151852 0.366562
1 0.93724 0.795833 0.0192708 0.0657407 0.367162
0 0.930469 0.7375 0.0192708 0.0638889 0.372823
7 0.666667 0.255556 0.0645833 0.087037 0.40674
2 0.209635 0.279167 0.0369792 0.0824074 0.447716
2 0.450521 0.258333 0.0395833 0.0444444 0.50911
0 0.882292 0.746296 0.01875 0.0759259 0.525956
2 0.498437 0.215741 0.0333333 0.0388889 0.544361
5 0.441146 0.219444 0.121875 0.109259 0.602246
2 0.475781 0.300926 0.0296875 0.0537037 0.602931
2 0.961979 0.918056 0.075 0.152778 0.616135
2 0.395573 0.295833 0.0494792 0.0564815 0.679014
2 0.566667 0.619907 0.104167 0.167593 0.725696
2 0.416406 0.456944 0.0473958 0.0712963 0.738435
2 0.389323 0.393981 0.0348958 0.0694444 0.772784
2 0.422656 0.335648 0.0484375 0.0601852 0.859276
7 0.778646 0.839352 0.214583 0.315741 0.910898
