0 0.973698 0.7375 0.0119792 0.0527778 0.254039
5 0.210677 0.285648 0.0380208 0.075 0.270437
2 0.843229 0.101852 0.0135417 0.0240741 0.274608
9 0.973958 0.737037 0.0125 0.0537037 0.30886
0 0.872135 0.443981 0.0119792 0.0527778 0.317095
0 0.913542 0.739815 0.01875 0.0648148 0.340144
2 0.529167 0.238426 0.0385417 0.037963 0.377359
5 0.223177 0.4125 0.0723958 0.180556 0.388795
0 0.940365 0.794907 0.0234375 0.0731481 0.412766
5 0.484635 0.194444 0.0557292 0.0722222 0.434252
7 0.223177 0.4125 0.0723958 0.180556 0.442078
0 0.88099 0.73287 0.0171875 0.062037 0.482674
2 0.804948 0.244444 0.0244792 0.037037 0.50982
2 0.490365 0.270833 0.0390625 0.0435185 0.528626
2 0.452604 0.306944 0.0427083 0.0527778 0.533465
0 0.929688 0.744444 0.01875 0.0666667 0.58103
2 0.0744792 0.632407 0.0635417 0.1 0.615032
7 0.279427 0.371759 0.0338542 0.0916667 0.654673
2 0.48125 0.39213 0.034375 0.0787037 0.716377
5 0.431771 0.223148 0.078125 0.0962963 0.763053
2 0.847396 0.802315 0.134375 0.193519 0.856381
5 0.303646 0.824537 0.226042 0.343519 0.868961
2 0.591667 0.560648 0.078125 0.110185 0.879872
7 0.447656 0.491667 0.0994792 0.205556 0.883134
2 0.609375 0.670833 0.103125 0.136111 0.883879
2 0.777083 0.854167 0.129167 0.189815 0.895684
2 0.520312 0.476389 0.0697917 0.10463 0.897355
2 0.621875 0.826389 0.123958 0.184259 0.917757
