2 0.841667 0.101852 0.0135417 0.0259259 0.287115
2 0.832031 0.144907 0.0182292 0.025 0.348506
0 0.936198 0.796759 0.0223958 0.0694444 0.370567
0 0.923958 0.500463 0.0135417 0.0546296 0.376199
9 0.973698 0.738426 0.0119792 0.0546296 0.393294
2 0.929427 0.968982 0.0911458 0.062037 0.41234
2 0.209635 0.283796 0.0390625 0.0768519 0.43262
2 0.540104 0.18287 0.028125 0.0324074 0.536852
0 0.88151 0.746759 0.0192708 0.075 0.554334
0 0.905208 0.5 0.0114583 0.0592593 0.590853
2 0.396094 0.296296 0.0494792 0.0574074 0.597575
2 0.448438 0.489815 0.0625 0.12037 0.696642
2 0.458594 0.299074 0.0463542 0.0518519 0.700137
5 0.44401 0.218519 0.122396 0.109259 0.732769
2 0.515885 0.249537 0.0328125 0.0416667 0.754444
2 0.407031 0.440741 0.0338542 0.0703704 0.77409
2 0.390104 0.383796 0.0395833 0.0694444 0.782916
2 0.742969 0.925463 0.138021 0.14537 0.857514
2 0.775 0.818056 0.120833 0.15463 0.85858
2 0.645573 0.603241 0.0963542 0.126852 0.866552
7 0.535156 0.605093 0.145313 0.256481 0.900441
