2 0.842448 0.101852 0.0140625 0.0277778 0.301999
5 0.209896 0.283796 0.0375 0.0712963 0.32051
9 0.351562 0.351389 0.0135417 0.0416667 0.352015
0 0.928646 0.743056 0.0145833 0.0638889 0.375421
2 0.557031 0.210648 0.0296875 0.0416667 0.377551
2 0.276042 0.506019 0.05 0.137963 0.381885
7 0.663021 0.251852 0.0572917 0.0796296 0.405412
2 0.209635 0.283333 0.0369792 0.0722222 0.41727
2 0.423438 0.446296 0.0458333 0.109259 0.422501
9 0.974479 0.738426 0.0114583 0.0527778 0.448231
0 0.934896 0.797685 0.0197917 0.0675926 0.468898
7 0.275521 0.505556 0.05 0.137037 0.494216
2 0.415104 0.282407 0.0447917 0.0518519 0.550654
0 0.88099 0.745833 0.0203125 0.075 0.558441
2 0.81849 0.191667 0.0203125 0.0314815 0.574281
7 0.423438 0.446296 0.0458333 0.109259 0.579117
5 0.444531 0.212963 0.117188 0.101852 0.6157
2 0.522135 0.244444 0.0369792 0.0444444 0.650994
2 0.476042 0.284259 0.04375 0.0481481 0.663809
2 0.49401 0.429167 0.0473958 0.0861111 0.71713
2 0.414062 0.359722 0.0416667 0.0638889 0.731416
5 0.18099 0.618981 0.0796875 0.312037 0.860367
2 0.576823 0.536574 0.0848958 0.123148 0.870711
2 0.754427 0.712963 0.0984375 0.135185 0.879301
7 0.496875 0.560648 0.130208 0.234259 0.884319
2 0.668229 0.727778 0.109375 0.151852 0.899159
2 0.795052 0.878704 0.129688 0.190741 0.919362
2 0.64401 0.852778 0.131771 0.188889 0.92068
