2 0.530729 0.2375 0.0395833 0.037963 0.355691
2 0.266406 0.330556 0.0265625 0.0444444 0.376505
7 0.231771 0.407407 0.0541667 0.153704 0.377455
0 0.897917 0.475926 0.0104167 0.0518519 0.413781
2 0.559635 0.207407 0.0307292 0.0351852 0.454766
9 0.973958 0.738426 0.0114583 0.0509259 0.464079
0 0.913802 0.734722 0.0171875 0.0842593 0.480619
9 0.410937 0.396296 0.0447917 0.157407 0.481928
5 0.214323 0.286574 0.0567708 0.106481 0.501802
0 0.9375 0.792593 0.021875 0.0722222 0.568411
0 0.885938 0.600463 0.0135417 0.0638889 0.577886
2 0.464844 0.391204 0.0338542 0.0805556 0.595599
0 0.928646 0.741204 0.015625 0.075 0.624979
5 0.23151 0.408796 0.0536458 0.152778 0.6375
7 0.411198 0.399074 0.0453125 0.151852 0.647511
5 0.532292 0.165741 0.08125 0.0851852 0.707212
2 0.491667 0.318056 0.0385417 0.0601852 0.725166
7 0.76276 0.91713 0.135937 0.162037 0.771898
2 0.489323 0.453704 0.0546875 0.0814815 0.796284
2 0.56849 0.541204 0.0911458 0.121296 0.843495
2 0.707031 0.44213 0.0744792 0.0712963 0.855341
2 0.463281 0.514352 0.0671875 0.0972222 0.875582
2 0.445312 0.608796 0.078125 0.125 0.880589
2 0.60625 0.672222 0.105208 0.144444 0.89867
