2 0.841667 0.102778 0.0135417 0.0259259 0.265983
7 0.210156 0.283796 0.0401042 0.0768519 0.278561
0 0.927083 0.733796 0.0166667 0.075 0.294092
2 0.921615 0.964815 0.102604 0.0703704 0.345121
2 0.83151 0.144907 0.0182292 0.025 0.387711
2 0.210417 0.284259 0.0385417 0.0740741 0.44795
9 0.973958 0.736574 0.0114583 0.0527778 0.459589
0 0.882292 0.744907 0.0197917 0.075 0.509294
0 0.936458 0.796296 0.0229167 0.0685185 0.525702
2 0.542188 0.18287 0.025 0.0324074 0.545243
0 0.905208 0.501389 0.0114583 0.0546296 0.549943
5 0.443229 0.216667 0.121875 0.109259 0.574774
2 0.516927 0.249074 0.0338542 0.0462963 0.593455
2 0.395833 0.29537 0.0489583 0.0574074 0.653619
2 0.447917 0.489815 0.0604167 0.12037 0.715195
2 0.460417 0.297222 0.046875 0.0518519 0.742794
2 0.391146 0.383796 0.0427083 0.0731481 0.792141
2 0.40651 0.440278 0.0338542 0.0675926 0.816504
2 0.759115 0.80787 0.119271 0.156481 0.834388
2 0.639583 0.596759 0.0947917 0.130556 0.861228
2 0.73724 0.922685 0.139062 0.152778 0.899319
7 0.53099 0.600926 0.146354 0.253704 0.902031
