2 0.21901 0.256019 0.0192708 0.025 0.277508
0 0.959896 0.814352 0.0229167 0.0638889 0.280219
7 0.238021 0.339815 0.0520833 0.111111 0.281161
2 0.161198 0.499074 0.0265625 0.0296296 0.300798
0 0.93724 0.801389 0.0140625 0.0564815 0.371789
2 0.839323 0.10787 0.0171875 0.0287037 0.450748
0 0.973177 0.740741 0.0109375 0.0518519 0.487372
5 0.238021 0.340741 0.0510417 0.111111 0.505246
0 0.889583 0.530093 0.0104167 0.0546296 0.519423
0 0.952083 0.748148 0.0145833 0.0574074 0.569551
2 0.481771 0.229167 0.0375 0.0416667 0.582901
2 0.394531 0.320833 0.0567708 0.0657407 0.670206
2 0.274479 0.485648 0.0395833 0.110185 0.67567
5 0.44375 0.218519 0.120833 0.101852 0.683549
2 0.45 0.275 0.04375 0.0555556 0.795849
2 0.750521 0.863889 0.141667 0.205556 0.907932
