2 0.843229 0.100926 0.0135417 0.0259259 0.266277
0 0.91224 0.742593 0.0140625 0.0555556 0.279383
7 0.666667 0.262037 0.065625 0.1 0.305824
0 0.872135 0.443519 0.0119792 0.0537037 0.318942
5 0.488802 0.2 0.0526042 0.0851852 0.327199
9 0.973958 0.737037 0.0125 0.0537037 0.343209
2 0.529167 0.238889 0.0385417 0.037037 0.375431
0 0.938281 0.796296 0.0223958 0.0685185 0.386396
2 0.278646 0.359722 0.034375 0.0916667 0.437836
2 0.454688 0.305093 0.0427083 0.0472222 0.443901
0 0.929688 0.744444 0.0177083 0.0666667 0.455679
2 0.802083 0.252778 0.025 0.0388889 0.490957
0 0.880729 0.738426 0.0177083 0.0787037 0.523171
2 0.489844 0.270833 0.0401042 0.0435185 0.523631
7 0.278385 0.359259 0.0348958 0.0907407 0.680349
5 0.227344 0.397685 0.0578125 0.160185 0.681343
2 0.480729 0.3875 0.034375 0.0787037 0.684814
5 0.451042 0.217593 0.104167 0.101852 0.713793
2 0.103125 0.599537 0.0625 0.0990741 0.740297
2 0.515104 0.472222 0.06875 0.103704 0.852875
2 0.809375 0.757407 0.133333 0.211111 0.853892
5 0.284115 0.80463 0.197396 0.385185 0.861133
2 0.597917 0.656944 0.096875 0.132407 0.875973
2 0.777083 0.856019 0.13125 0.187963 0.87941
2 0.58151 0.549074 0.0776042 0.101852 0.8843
7 0.44349 0.483333 0.0921875 0.201852 0.887093
2 0.61875 0.824074 0.125 0.181481 0.916808
