0 0.903646 0.58287 0.0135417 0.0564815 0.259565
0 0.936198 0.750463 0.0130208 0.0490741 0.264539
9 0.973698 0.737963 0.0130208 0.0518519 0.284122
2 0.840885 0.106944 0.0151042 0.0305556 0.321393
0 0.936458 0.796759 0.01875 0.0694444 0.34773
0 0.448177 0.661574 0.0276042 0.0898148 0.351246
2 0.26875 0.337037 0.0270833 0.0388889 0.367624
2 0.483333 0.228704 0.0395833 0.0444444 0.409059
2 0.239844 0.284722 0.0182292 0.0305556 0.423189
0 0.916406 0.77963 0.0171875 0.062963 0.439073
2 0.946094 0.981019 0.0796875 0.0342593 0.518178
5 0.429688 0.226389 0.0927083 0.102778 0.531251
0 0.888021 0.581481 0.0125 0.0592593 0.549897
0 0.84974 0.825 0.0130208 0.0574074 0.567063
0 0.89974 0.77963 0.0161458 0.0722222 0.594578
2 0.395312 0.321296 0.0552083 0.0666667 0.605065
2 0.445052 0.280093 0.0473958 0.062037 0.728226
5 0.219271 0.396759 0.075 0.15463 0.809782
2 0.321615 0.663889 0.0723958 0.148148 0.883875
