0 0.904167 0.817593 0.0166667 0.0388889 0.295811
2 0.844531 0.0990741 0.0151042 0.0259259 0.321215
0 0.901563 0.843056 0.0197917 0.087963 0.323521
0 0.88099 0.835185 0.0223958 0.0703704 0.391707
9 0.974219 0.7375 0.0119792 0.0527778 0.400197
0 0.447917 0.657407 0.0322917 0.0888889 0.413384
7 0.95026 0.297222 0.0994792 0.594444 0.425082
2 0.294792 0.411111 0.05625 0.0666667 0.509795
5 0.441927 0.222222 0.119271 0.111111 0.555513
2 0.46875 0.238426 0.0385417 0.0416667 0.611934
2 0.583854 0.906944 0.115625 0.178704 0.801698
2 0.390365 0.322685 0.0515625 0.0657407 0.829715
2 0.257292 0.408796 0.059375 0.0768519 0.840349
2 0.349479 0.725926 0.0854167 0.164815 0.852184
