0 0.448177 0.659259 0.0317708 0.0907407 0.257399
2 0.841406 0.110185 0.0161458 0.0259259 0.280255
0 0.84349 0.8625 0.0182292 0.0731481 0.347631
0 0.941146 0.794907 0.01875 0.0638889 0.355357
2 0.871354 0.564352 0.0197917 0.0287037 0.368577
0 0.889323 0.862963 0.0161458 0.062963 0.377614
0 0.890625 0.631481 0.0135417 0.0611111 0.476326
0 0.928646 0.521296 0.0125 0.0648148 0.49488
0 0.91224 0.863426 0.0182292 0.0657407 0.525906
2 0.48151 0.229167 0.0401042 0.0435185 0.531705
0 0.905208 0.791667 0.021875 0.0722222 0.542398
2 0.395052 0.325 0.0536458 0.0592593 0.570489
5 0.423177 0.230556 0.0838542 0.0888889 0.604037
9 0.974219 0.737037 0.0119792 0.05 0.630305
2 0.444792 0.281019 0.046875 0.0583333 0.753941
2 0.265885 0.388889 0.0317708 0.0592593 0.783251
2 0.345833 0.71713 0.0854167 0.162037 0.89973
5 0.145313 0.487963 0.15 0.209259 0.919654
