2 0.21224 0.268981 0.0380208 0.0453704 0.283612
2 0.840365 0.111574 0.0161458 0.0268519 0.295061
7 0.670573 0.2625 0.0703125 0.100926 0.330089
0 0.928125 0.734259 0.0239583 0.0685185 0.342076
2 0.777865 0.842593 0.141146 0.218519 0.39049
5 0.424479 0.225 0.0802083 0.0907407 0.407351
1 0.936719 0.797222 0.0234375 0.0722222 0.409207
0 0.921875 0.725463 0.0177083 0.0712963 0.414592
9 0.973958 0.737037 0.0125 0.05 0.421038
2 0.484115 0.226852 0.0380208 0.0388889 0.452518
2 0.45 0.25787 0.0427083 0.0453704 0.510444
0 0.896354 0.521296 0.0125 0.0611111 0.513541
7 0.777865 0.841204 0.141146 0.210185 0.539871
0 0.882031 0.746296 0.0171875 0.0722222 0.55284
2 0.402344 0.365741 0.0442708 0.0648148 0.684226
2 0.395833 0.296296 0.0510417 0.0574074 0.694835
2 0.415365 0.477315 0.0536458 0.0916667 0.746377
2 0.503646 0.458333 0.0520833 0.0907407 0.83779
2 0.496094 0.5875 0.0786458 0.110185 0.8409
