7 0.227083 0.313889 0.0510417 0.1 0.28784
2 0.580208 0.193519 0.0270833 0.0296296 0.293427
2 0.464844 0.408796 0.0338542 0.0601852 0.299916
0 0.659375 0.313889 0.0135417 0.0740741 0.303055
7 0.66276 0.251852 0.0578125 0.0796296 0.312931
2 0.488802 0.270833 0.0411458 0.0453704 0.316763
0 0.352865 0.353704 0.0119792 0.0407407 0.322395
0 0.93724 0.793519 0.0203125 0.0685185 0.332722
0 0.91276 0.742593 0.0151042 0.0703704 0.358364
2 0.536198 0.244444 0.0536458 0.05 0.375007
5 0.227083 0.313889 0.05 0.101852 0.388535
0 0.904427 0.481481 0.00989583 0.0537037 0.405919
0 0.929427 0.738889 0.0151042 0.0648148 0.410438
2 0.463802 0.35463 0.0359375 0.0759259 0.431578
2 0.229427 0.883333 0.0890625 0.190741 0.667609
7 0.409635 0.380093 0.0442708 0.147222 0.756219
2 0.434115 0.477315 0.0526042 0.087963 0.808889
2 0.439063 0.603704 0.0739583 0.122222 0.816402
2 0.502083 0.476852 0.06875 0.1 0.855845
2 0.491146 0.554167 0.0802083 0.110185 0.864878
2 0.543229 0.440741 0.06875 0.0814815 0.87999
2 0.384375 0.506481 0.05 0.101852 0.880173
