0 0.928125 0.737037 0.021875 0.0722222 0.265526
2 0.331771 0.293519 0.040625 0.05 0.269895
0 0.944531 0.684259 0.0140625 0.0537037 0.314913
0 0.959896 0.814815 0.021875 0.062963 0.330497
0 0.922135 0.725926 0.0192708 0.0703704 0.330863
0 0.973698 0.7375 0.0119792 0.0564815 0.385931
7 0.22474 0.310648 0.0505208 0.0916667 0.442462
2 0.839844 0.109259 0.0161458 0.0277778 0.442658
2 0.276823 0.364352 0.0255208 0.0546296 0.480119
0 0.938281 0.798148 0.0255208 0.0703704 0.480451
5 0.442187 0.21713 0.125 0.108333 0.57049
0 0.873177 0.766667 0.0161458 0.0666667 0.613979
2 0.22474 0.311111 0.0505208 0.0907407 0.621863
2 0.463281 0.260185 0.0463542 0.0518519 0.686022
2 0.396354 0.316204 0.0541667 0.0787037 0.719951
2 0.558594 0.662037 0.104687 0.140741 0.907107
2 0.791927 0.900463 0.129688 0.182407 0.923475
