0 0.9375 0.798148 0.01875 0.0666667 0.265226
2 0.243229 0.381019 0.0385417 0.0861111 0.275111
0 0.917448 0.759722 0.0255208 0.0657407 0.285388
0 0.925 0.754167 0.0166667 0.0564815 0.28557
0 0.973698 0.737963 0.0109375 0.0518519 0.299212
9 0.973437 0.737037 0.0114583 0.0518519 0.32654
0 0.909375 0.747685 0.0135417 0.0675926 0.369055
0 0.985156 0.616667 0.0161458 0.0611111 0.391909
0 0.947396 0.750926 0.0145833 0.0518519 0.44379
0 0.85026 0.825 0.0140625 0.0611111 0.449052
2 0.480469 0.22963 0.0348958 0.0425926 0.454776
5 0.435677 0.223148 0.109896 0.101852 0.480486
2 0.840104 0.108333 0.0145833 0.0277778 0.482888
0 0.447656 0.6625 0.0317708 0.0972222 0.488984
2 0.395833 0.318981 0.05625 0.0712963 0.725949
2 0.447396 0.274074 0.0447917 0.062963 0.746488
2 0.288802 0.559259 0.0494792 0.114815 0.843006
2 0.826823 0.92037 0.146354 0.157407 0.916814
