0 0.0588542 0.624537 0.0114583 0.0453704 0.294542
0 0.935677 0.797222 0.0213542 0.0685185 0.335177
7 0.66276 0.252778 0.0567708 0.0814815 0.357969
2 0.448698 0.258333 0.0411458 0.0462963 0.381793
9 0.974219 0.7375 0.0119792 0.0527778 0.382353
2 0.490625 0.223148 0.0364583 0.037037 0.467987
0 0.889844 0.478241 0.0109375 0.0546296 0.492263
2 0.209896 0.283796 0.0375 0.0768519 0.492583
5 0.873958 0.879167 0.208333 0.237963 0.50689
0 0.882031 0.746296 0.0182292 0.0740741 0.531009
7 0.873958 0.880556 0.208333 0.235185 0.661675
5 0.441406 0.218519 0.125521 0.107407 0.668634
2 0.396094 0.295833 0.0494792 0.0583333 0.688689
2 0.634115 0.693519 0.119271 0.190741 0.69315
2 0.430469 0.484722 0.0505208 0.0898148 0.791333
2 0.469271 0.338426 0.028125 0.0601852 0.82612
2 0.391406 0.406944 0.0348958 0.075 0.838056
2 0.418229 0.339352 0.0510417 0.062037 0.845806
