0 0.921875 0.726852 0.01875 0.0703704 0.26247
0 0.0554687 0.733796 0.0130208 0.0601852 0.282068
0 0.938021 0.798611 0.025 0.0694444 0.293666
0 0.973698 0.739352 0.0119792 0.0527778 0.297035
2 0.839583 0.109259 0.015625 0.0277778 0.350653
2 0.224219 0.306944 0.0484375 0.087963 0.40864
2 0.947656 0.974074 0.0953125 0.0481481 0.467933
7 0.223698 0.306481 0.0484375 0.087037 0.473933
5 0.439063 0.219907 0.1125 0.0990741 0.480045
2 0.277344 0.357407 0.0265625 0.0462963 0.557307
2 0.472917 0.248611 0.046875 0.0675926 0.593564
0 0.874219 0.764815 0.0161458 0.0685185 0.598577
2 0.396354 0.322685 0.0541667 0.0675926 0.65172
2 0.980469 0.940278 0.0390625 0.110185 0.759597
2 0.533073 0.634259 0.0994792 0.135185 0.900521
2 0.760156 0.86713 0.128646 0.178704 0.90953
