9 0.351562 0.351852 0.0135417 0.0444444 0.261578
0 0.448958 0.659259 0.0270833 0.0888889 0.264397
0 0.911198 0.678241 0.0119792 0.0324074 0.285734
2 0.480729 0.228704 0.0395833 0.0425926 0.324284
2 0.840885 0.106944 0.0151042 0.0305556 0.333416
2 0.383333 0.329167 0.0333333 0.0509259 0.345015
0 0.83125 0.968518 0.0197917 0.0555556 0.379741
2 0.39375 0.316667 0.0552083 0.0740741 0.403643
0 0.888542 0.97037 0.0229167 0.0574074 0.423935
0 0.91849 0.893056 0.0223958 0.0787037 0.479699
9 0.973958 0.738426 0.0125 0.0527778 0.48194
2 0.254427 0.320833 0.0265625 0.037963 0.529569
5 0.441406 0.21713 0.115104 0.0972222 0.574381
0 0.891146 0.693981 0.0145833 0.0657407 0.596506
2 0.445312 0.278704 0.046875 0.0555556 0.727567
5 0.0614583 0.579167 0.122917 0.191667 0.8131
2 0.19401 0.497222 0.0598958 0.0833333 0.828294
2 0.349479 0.725926 0.0864583 0.164815 0.866419
