2 0.491406 0.269907 0.0390625 0.0416667 0.252255
2 0.565625 0.203241 0.0270833 0.0342593 0.293015
7 0.234375 0.331481 0.0520833 0.0981481 0.293874
2 0.530729 0.235185 0.0354167 0.0351852 0.299858
0 0.903906 0.481944 0.00989583 0.0490741 0.30535
9 0.973958 0.737037 0.0114583 0.0518519 0.37776
0 0.93724 0.794907 0.0182292 0.0638889 0.417704
2 0.464063 0.353704 0.0354167 0.0722222 0.429439
0 0.929167 0.737963 0.0135417 0.0648148 0.432973
0 0.9125 0.739352 0.0145833 0.0787037 0.480802
2 0.517448 0.281481 0.0359375 0.0481481 0.492685
7 0.669792 0.264352 0.0708333 0.106481 0.530945
3 0.865885 0.848611 0.0505208 0.0861111 0.623512
2 0.466146 0.412037 0.0364583 0.0592593 0.65711
7 0.409635 0.378704 0.0442708 0.15 0.677487
2 0.436979 0.480556 0.0541667 0.0944444 0.782116
2 0.238802 0.901852 0.0953125 0.187037 0.795006
2 0.510677 0.479167 0.0734375 0.10463 0.813872
2 0.472396 0.649074 0.0833333 0.135185 0.815371
2 0.386458 0.510648 0.053125 0.10463 0.831447
2 0.55 0.443519 0.06875 0.0796296 0.877952
2 0.499219 0.5625 0.0817708 0.113889 0.888331
