7 0.919271 0.962037 0.1 0.0740741 0.255074
0 0.922656 0.512037 0.0140625 0.0666667 0.257958
2 0.841927 0.102778 0.0130208 0.0259259 0.263737
2 0.919271 0.962037 0.0989583 0.0740741 0.270639
0 0.926562 0.734259 0.0177083 0.0759259 0.282786
2 0.83151 0.145833 0.0171875 0.025 0.292294
2 0.210677 0.284722 0.0380208 0.0731481 0.400597
2 0.542448 0.181944 0.0255208 0.0287037 0.425384
9 0.973958 0.736574 0.0114583 0.0509259 0.465174
0 0.936458 0.796296 0.0229167 0.0685185 0.478637
0 0.905469 0.502778 0.0119792 0.0537037 0.479549
0 0.882031 0.74537 0.0203125 0.0759259 0.542987
5 0.44349 0.21713 0.121354 0.112037 0.560308
2 0.395833 0.295833 0.0489583 0.0583333 0.601114
2 0.517708 0.248148 0.0333333 0.0462963 0.608946
2 0.4625 0.294907 0.046875 0.0527778 0.71069
2 0.446875 0.490741 0.0583333 0.122222 0.71093
2 0.391406 0.38287 0.0421875 0.075 0.771746
2 0.40651 0.440278 0.0328125 0.0675926 0.802493
2 0.6375 0.594907 0.0947917 0.130556 0.84762
2 0.752604 0.80463 0.121875 0.157407 0.855567
2 0.735677 0.920833 0.139062 0.156481 0.884249
7 0.530208 0.599074 0.144792 0.257407 0.895869
