2 0.561458 0.208796 0.03125 0.037963 0.263473
5 0.208594 0.276852 0.0526042 0.0925926 0.312621
2 0.290365 0.972685 0.0755208 0.0527778 0.332659
7 0.208073 0.277315 0.0515625 0.0935185 0.33557
0 0.903385 0.482407 0.00989583 0.0555556 0.335761
7 0.669792 0.262963 0.0677083 0.101852 0.360497
9 0.973958 0.738426 0.0114583 0.0527778 0.374124
0 0.928906 0.74213 0.0130208 0.0694444 0.381338
0 0.973958 0.738889 0.0114583 0.0518519 0.402409
0 0.936979 0.793519 0.0197917 0.0685185 0.410253
2 0.530208 0.237037 0.0364583 0.0388889 0.492777
2 0.502865 0.299537 0.0380208 0.0564815 0.507983
7 0.601562 0.783333 0.117708 0.159259 0.512838
0 0.888021 0.558333 0.0114583 0.0611111 0.527556
25 0.290365 0.972222 0.0765625 0.0537037 0.536474
2 0.601042 0.783333 0.115625 0.159259 0.615559
2 0.46276 0.363426 0.0348958 0.075 0.625704
7 0.410156 0.381944 0.0442708 0.149074 0.724138
2 0.534896 0.495833 0.0875 0.113889 0.749652
2 0.473698 0.428241 0.0442708 0.0768519 0.7649
2 0.598958 0.458796 0.0822917 0.0787037 0.829835
2 0.40625 0.546759 0.0614583 0.112037 0.857596
2 0.444271 0.494444 0.0583333 0.0944444 0.867014
2 0.539323 0.601852 0.0921875 0.125926 0.890615
