9 0.410156 0.380556 0.0421875 0.144444 0.250877
5 0.238281 0.344444 0.0505208 0.112963 0.260687
5 0.207813 0.271759 0.05 0.0805556 0.268155
5 0.554427 0.150463 0.0411458 0.0564815 0.270623
2 0.490885 0.271296 0.0359375 0.0407407 0.275124
0 0.903906 0.481481 0.00989583 0.0555556 0.358083
2 0.530208 0.235648 0.0354167 0.037963 0.45248
9 0.974219 0.737963 0.0119792 0.0518519 0.456217
2 0.508854 0.296296 0.0416667 0.05 0.480304
0 0.93776 0.793056 0.0203125 0.0694444 0.50181
2 0.56276 0.206019 0.0286458 0.0342593 0.518456
7 0.410156 0.380556 0.0432292 0.146296 0.539832
0 0.914062 0.734722 0.0177083 0.0842593 0.552701
2 0.46224 0.358796 0.0348958 0.075 0.557149
0 0.929167 0.743056 0.015625 0.0712963 0.564952
5 0.410417 0.380556 0.04375 0.146296 0.592377
2 0.260938 0.936111 0.114583 0.122222 0.633548
2 0.469271 0.418519 0.0416667 0.0740741 0.787316
2 0.544531 0.731019 0.101562 0.152778 0.824272
2 0.396354 0.527315 0.05625 0.106481 0.83659
2 0.571875 0.452778 0.0760417 0.0851852 0.840578
2 0.441146 0.490741 0.0583333 0.0944444 0.862046
2 0.521615 0.493519 0.0776042 0.118519 0.876381
2 0.51901 0.582407 0.0880208 0.118519 0.918911
