2 0.561458 0.168981 0.0229167 0.0268519 0.297213
2 0.210677 0.283333 0.0380208 0.0703704 0.322141
0 0.883594 0.735648 0.0182292 0.0564815 0.370321
0 0.925 0.735185 0.021875 0.0833333 0.387432
2 0.441927 0.487037 0.0515625 0.118519 0.403186
9 0.974219 0.737037 0.0119792 0.0555556 0.442276
7 0.441667 0.486574 0.0520833 0.119444 0.481853
7 0.553385 0.50787 0.111979 0.150926 0.513785
2 0.53151 0.233333 0.0317708 0.0425926 0.540771
2 0.829687 0.153704 0.015625 0.0277778 0.544177
2 0.406771 0.431481 0.0354167 0.0685185 0.607739
5 0.442969 0.216204 0.122396 0.106481 0.607761
2 0.395573 0.29537 0.0505208 0.0574074 0.670227
2 0.486458 0.274537 0.0427083 0.0472222 0.696925
2 0.553125 0.506019 0.115625 0.152778 0.697775
2 0.403646 0.357407 0.0458333 0.0685185 0.699197
7 0.465104 0.906482 0.164583 0.183333 0.788661
7 0.516927 0.584259 0.136979 0.253704 0.880959
2 0.875781 0.82963 0.124479 0.188889 0.883746
2 0.838802 0.915741 0.135937 0.166667 0.889914
2 0.670052 0.727778 0.109896 0.148148 0.89416
2 0.676823 0.886574 0.134896 0.19537 0.910892
