2 0.490104 0.269444 0.0375 0.0407407 0.319327
0 0.903906 0.485185 0.00989583 0.0518519 0.328527
2 0.564062 0.206019 0.0302083 0.037963 0.353604
0 0.93724 0.794907 0.0182292 0.0638889 0.374084
0 0.911979 0.739815 0.0145833 0.0740741 0.379472
9 0.973958 0.737963 0.0114583 0.0518519 0.382446
2 0.464063 0.352315 0.0364583 0.0657407 0.413981
0 0.885417 0.531482 0.0114583 0.0611111 0.444391
2 0.530469 0.236574 0.0348958 0.0361111 0.454108
0 0.928906 0.741667 0.0140625 0.0685185 0.468995
2 0.513542 0.285648 0.0395833 0.0546296 0.515354
5 0.234896 0.335648 0.0520833 0.0990741 0.596913
2 0.466146 0.407407 0.0385417 0.0759259 0.666094
7 0.409896 0.380093 0.04375 0.149074 0.673126
2 0.247917 0.90787 0.096875 0.182407 0.737974
2 0.515365 0.480556 0.0755208 0.0981481 0.798669
2 0.43776 0.483333 0.0546875 0.0925926 0.809564
2 0.388802 0.515741 0.0557292 0.103704 0.854778
2 0.55651 0.445833 0.0723958 0.0805556 0.855965
2 0.496875 0.67963 0.090625 0.140741 0.861855
2 0.505208 0.568981 0.084375 0.113889 0.890709
