0 0.917188 0.718982 0.0166667 0.0712963 0.263464
0 0.973958 0.7375 0.0114583 0.0527778 0.314979
7 0.221094 0.785648 0.142188 0.365741 0.339242
2 0.210417 0.284259 0.0385417 0.0722222 0.343108
0 0.93776 0.794907 0.0203125 0.0712963 0.369292
9 0.974219 0.7375 0.0119792 0.0527778 0.370412
2 0.51224 0.253704 0.0411458 0.0425926 0.391597
7 0.6625 0.251389 0.0552083 0.0768519 0.40986
5 0.477344 0.208333 0.0546875 0.0907407 0.416426
2 0.299479 0.639352 0.078125 0.176852 0.430568
2 0.549219 0.22037 0.0317708 0.0388889 0.43996
2 0.398438 0.293519 0.046875 0.0592593 0.45461
5 0.438281 0.218519 0.111979 0.1 0.463827
2 0.823698 0.176389 0.0161458 0.0305556 0.512141
0 0.929688 0.742593 0.0145833 0.0666667 0.525354
2 0.5125 0.459259 0.0583333 0.087037 0.577663
0 0.88151 0.743981 0.0192708 0.0731481 0.616745
5 0.221875 0.786574 0.14375 0.369444 0.641125
2 0.403646 0.390278 0.0416667 0.0731481 0.658517
2 0.895833 0.859722 0.102083 0.162037 0.699086
2 0.433854 0.469907 0.053125 0.113889 0.701964
2 0.452083 0.304167 0.04375 0.0527778 0.726004
7 0.299219 0.640278 0.0776042 0.176852 0.731859
7 0.516146 0.583333 0.138542 0.246296 0.903158
2 0.668229 0.727315 0.110417 0.149074 0.905646
2 0.658333 0.609722 0.104167 0.139815 0.910119
2 0.795833 0.87963 0.13125 0.192593 0.915438
2 0.657031 0.863889 0.132812 0.188889 0.923841
