2 0.208333 0.281019 0.0354167 0.0675926 0.255678
2 0.560417 0.208333 0.0302083 0.0388889 0.263243
0 0.0638021 0.527778 0.0130208 0.0407407 0.266755
9 0.974219 0.7375 0.0130208 0.0527778 0.296062
7 0.664323 0.256481 0.0588542 0.0888889 0.297188
0 0.91276 0.737963 0.0151042 0.0592593 0.305336
2 0.528906 0.239352 0.0359375 0.037963 0.339623
0 0.895833 0.426852 0.0104167 0.0537037 0.360143
2 0.458854 0.299074 0.040625 0.0425926 0.400555
2 0.488802 0.27037 0.0411458 0.0444444 0.411446
0 0.928906 0.740741 0.0140625 0.0703704 0.459884
2 0.272135 0.32963 0.0359375 0.0648148 0.512782
2 0.788802 0.298148 0.0255208 0.0462963 0.527902
0 0.880729 0.70787 0.015625 0.0731481 0.548297
2 0.479688 0.370833 0.0333333 0.075 0.684498
2 0.204688 0.481481 0.05 0.0777778 0.687305
7 0.428646 0.452778 0.0739583 0.181481 0.78965
5 0.470313 0.202778 0.111458 0.105556 0.814138
2 0.49375 0.448148 0.0572917 0.101852 0.835232
2 0.553125 0.523611 0.0729167 0.0972222 0.851468
5 0.228125 0.683796 0.0947917 0.337963 0.855802
2 0.7 0.667593 0.119792 0.162963 0.871939
2 0.552344 0.611574 0.0869792 0.123148 0.885414
2 0.598177 0.80463 0.117188 0.177778 0.899634
2 0.766146 0.844907 0.128125 0.182407 0.900186
