7 0.665104 0.259259 0.0604167 0.0944444 0.260445
2 0.577604 0.901852 0.154167 0.194444 0.26952
2 0.255208 0.31713 0.021875 0.0324074 0.320543
0 0.905208 0.383333 0.009375 0.0462963 0.338082
9 0.351562 0.353704 0.0145833 0.0444444 0.346571
5 0.577083 0.901389 0.155208 0.19537 0.351414
7 0.577604 0.901852 0.153125 0.192593 0.352962
0 0.899219 0.977315 0.0171875 0.0453704 0.419547
9 0.974219 0.737037 0.0119792 0.0518519 0.4939
2 0.216667 0.453704 0.0479167 0.0703704 0.566226
7 0.949219 0.297222 0.101562 0.590741 0.586979
5 0.438542 0.218981 0.127083 0.110185 0.643709
2 0.401302 0.291667 0.0442708 0.0518519 0.702035
2 0.154948 0.540278 0.0744792 0.115741 0.719308
2 0.777083 0.350463 0.0333333 0.062037 0.739631
2 0.429427 0.946759 0.130729 0.102778 0.776231
2 0.258333 0.434259 0.0614583 0.0851852 0.802144
2 0.34974 0.725 0.0859375 0.162963 0.840568
