58 0.0289063 0.784722 0.0557292 0.14537 0.256849
2 0.511979 0.25463 0.0427083 0.0444444 0.280746
0 0.973958 0.7375 0.0114583 0.0527778 0.307436
0 0.93776 0.79537 0.0203125 0.0722222 0.316401
2 0.210417 0.284259 0.0385417 0.0722222 0.369173
9 0.974219 0.7375 0.0119792 0.0527778 0.392086
7 0.6625 0.251389 0.0552083 0.0768519 0.412853
2 0.823958 0.176852 0.015625 0.0296296 0.417142
2 0.548177 0.220833 0.0328125 0.037963 0.487818
5 0.422396 0.221759 0.0791667 0.0953704 0.509756
0 0.929427 0.742593 0.0151042 0.0666667 0.56282
2 0.51224 0.459259 0.0588542 0.0851852 0.569549
5 0.477344 0.208796 0.0557292 0.0916667 0.581297
2 0.398177 0.293519 0.0473958 0.0592593 0.595732
2 0.402865 0.39213 0.0411458 0.0787037 0.615741
0 0.881771 0.745833 0.0208333 0.0787037 0.650888
5 0.234635 0.8 0.171354 0.388889 0.694481
7 0.300521 0.644907 0.078125 0.180556 0.697667
2 0.451042 0.305556 0.04375 0.0518519 0.743966
2 0.433854 0.469907 0.0541667 0.113889 0.750553
2 0.9 0.865278 0.103125 0.162037 0.788258
2 0.661458 0.612963 0.104167 0.140741 0.897843
7 0.516667 0.583796 0.138542 0.247222 0.906808
2 0.66849 0.727315 0.110937 0.149074 0.90838
2 0.795833 0.87963 0.13125 0.192593 0.919938
2 0.65651 0.865278 0.132812 0.191667 0.921251
