5 0.228385 0.31713 0.0505208 0.0953704 0.300065
0 0.0882813 0.5125 0.0255208 0.0638889 0.313396
0 0.948177 0.710648 0.0161458 0.0694444 0.369317
0 0.973437 0.738426 0.0125 0.0546296 0.390402
5 0.450781 0.248611 0.0744792 0.0731481 0.403001
0 0.868229 0.773148 0.0145833 0.0592593 0.413807
0 0.938021 0.798611 0.025 0.0694444 0.425183
0 0.890104 0.492593 0.009375 0.0481481 0.45971
7 0.228125 0.316204 0.0510417 0.0935185 0.475645
2 0.840104 0.10787 0.0166667 0.0287037 0.488147
2 0.276042 0.384259 0.0270833 0.0574074 0.498417
2 0.228125 0.316204 0.0510417 0.0935185 0.553401
0 0.922396 0.725926 0.0229167 0.0759259 0.593778
5 0.441667 0.219444 0.125 0.107407 0.621032
2 0.395833 0.318056 0.0541667 0.0712963 0.669804
2 0.45599 0.262963 0.0484375 0.0537037 0.775105
2 0.849479 0.928241 0.129167 0.139815 0.899607
2 0.600521 0.70463 0.114583 0.155556 0.917084
