0 0.873177 0.444907 0.00989583 0.0490741 0.265199
2 0.257552 0.302778 0.0307292 0.0518519 0.270767
0 0.913802 0.738889 0.0151042 0.0611111 0.314516
2 0.459115 0.3 0.0411458 0.0462963 0.319789
2 0.490104 0.270833 0.0385417 0.0416667 0.323036
0 0.936458 0.797222 0.0177083 0.062963 0.325227
2 0.53099 0.236111 0.0390625 0.037037 0.329363
2 0.426042 0.335648 0.0385417 0.062037 0.341991
7 0.66276 0.252778 0.0567708 0.0833333 0.343295
9 0.973958 0.737963 0.0125 0.0537037 0.360416
2 0.264844 0.372222 0.0276042 0.0574074 0.376085
7 0.860417 0.959722 0.0979167 0.0787037 0.377679
0 0.896094 0.455556 0.00989583 0.0555556 0.425109
0 0.929167 0.738426 0.0145833 0.0694444 0.441265
0 0.886719 0.647222 0.0140625 0.0722222 0.498062
5 0.226562 0.323148 0.0541667 0.107407 0.499777
7 0.415885 0.418056 0.0546875 0.163889 0.602329
2 0.509896 0.484722 0.0635417 0.0805556 0.698056
5 0.505208 0.180556 0.096875 0.0944444 0.703898
2 0.760677 0.383333 0.0463542 0.0648148 0.710278
2 0.483854 0.340741 0.0354167 0.062963 0.719518
2 0.473698 0.416667 0.0453125 0.0888889 0.762566
5 0.213021 0.489815 0.0697917 0.225926 0.819843
2 0.620313 0.59213 0.105208 0.139815 0.849624
2 0.503646 0.69213 0.09375 0.149074 0.859846
2 0.496094 0.547685 0.0744792 0.106481 0.885128
2 0.685156 0.75463 0.119271 0.164815 0.900904
