0 0.922656 0.734722 0.0203125 0.0731481 0.257194
0 0.0611979 0.5875 0.0130208 0.0509259 0.257875
5 0.210417 0.286111 0.0375 0.0740741 0.260641
9 0.973698 0.737963 0.0119792 0.0537037 0.333307
0 0.904688 0.469907 0.0125 0.0583333 0.402287
2 0.210417 0.285185 0.0375 0.0740741 0.447433
2 0.518229 0.200463 0.0291667 0.0324074 0.458517
2 0.451562 0.257407 0.0416667 0.0462963 0.556135
0 0.936458 0.795833 0.0229167 0.0712963 0.615558
0 0.882552 0.745833 0.0182292 0.0731481 0.635669
2 0.396354 0.294907 0.0510417 0.0564815 0.711075
2 0.492188 0.269444 0.0354167 0.0444444 0.732254
2 0.477865 0.522685 0.0796875 0.128704 0.753508
2 0.390104 0.390278 0.0385417 0.0712963 0.760694
5 0.442969 0.21713 0.122396 0.108333 0.774603
2 0.408333 0.439815 0.0375 0.0722222 0.804715
2 0.430729 0.327315 0.0552083 0.0601852 0.865252
2 0.766667 0.72037 0.114583 0.155556 0.874191
7 0.62526 0.713889 0.183854 0.325926 0.888383
