0 0.941146 0.79537 0.01875 0.0648148 0.256519
0 0.448698 0.660185 0.0317708 0.0925926 0.261411
0 0.913281 0.852315 0.0161458 0.0546296 0.271104
9 0.352083 0.355093 0.0145833 0.0435185 0.281328
2 0.871094 0.564815 0.0192708 0.0296296 0.306628
2 0.841146 0.110185 0.0166667 0.0277778 0.32834
0 0.930208 0.523611 0.0125 0.062037 0.401569
2 0.253125 0.312963 0.0208333 0.0296296 0.442372
2 0.482552 0.228704 0.0369792 0.0425926 0.458143
9 0.974219 0.737963 0.0119792 0.0518519 0.459148
2 0.391146 0.326389 0.0458333 0.0564815 0.465927
0 0.891146 0.630093 0.0125 0.0638889 0.472312
0 0.905729 0.790741 0.0239583 0.0796296 0.573073
5 0.423698 0.230556 0.0848958 0.0888889 0.599484
2 0.266146 0.385648 0.0291667 0.0546296 0.75094
2 0.445052 0.281481 0.0463542 0.0574074 0.761699
2 0.345313 0.714815 0.084375 0.161111 0.902472
5 0.149479 0.480556 0.147917 0.209259 0.910355
