2 0.839323 0.1 0.0192708 0.0277778 0.265299
2 0.489323 0.27037 0.0401042 0.0462963 0.270226
0 0.913281 0.7375 0.0151042 0.0583333 0.275784
2 0.255208 0.298611 0.0291667 0.0509259 0.28861
0 0.959635 0.815278 0.0223958 0.0638889 0.311344
7 0.826563 0.951389 0.1 0.0935185 0.312879
2 0.826302 0.952315 0.0994792 0.0916667 0.328362
9 0.973698 0.738426 0.0119792 0.0527778 0.362078
2 0.270312 0.35787 0.0239583 0.0435185 0.378468
0 0.897656 0.458333 0.00989583 0.0444444 0.394105
0 0.93724 0.793981 0.0192708 0.0694444 0.465439
0 0.885938 0.628704 0.0125 0.0648148 0.493813
0 0.929167 0.74213 0.0145833 0.0694444 0.535003
7 0.414323 0.402778 0.0505208 0.172222 0.552941
2 0.529948 0.237037 0.0369792 0.0388889 0.558716
5 0.223438 0.319444 0.0541667 0.109259 0.574582
2 0.469531 0.406481 0.0390625 0.0851852 0.733076
2 0.48724 0.330556 0.0390625 0.0666667 0.741213
5 0.220313 0.457407 0.0697917 0.188889 0.779502
2 0.499219 0.470833 0.0619792 0.0842593 0.785083
2 0.745833 0.404167 0.0552083 0.0657407 0.828513
5 0.515885 0.176852 0.0994792 0.0944444 0.835795
2 0.60026 0.574074 0.0984375 0.138889 0.846851
2 0.658073 0.726389 0.114063 0.160185 0.886563
2 0.482031 0.535648 0.0734375 0.100926 0.88932
2 0.481771 0.659722 0.0875 0.141667 0.903584
