0 0.917188 0.474537 0.015625 0.062037 0.254622
0 0.973698 0.738426 0.0119792 0.0527778 0.254712
9 0.973698 0.737963 0.0119792 0.0537037 0.277511
0 0.923177 0.730556 0.0223958 0.0814815 0.306183
0 0.0617188 0.592593 0.0130208 0.0444444 0.333382
2 0.835417 0.135648 0.0135417 0.0268519 0.359345
2 0.402604 0.415741 0.0427083 0.0740741 0.367326
0 0.904427 0.468981 0.0119792 0.0564815 0.398838
2 0.210156 0.286111 0.0380208 0.0740741 0.40158
2 0.479688 0.526389 0.078125 0.128704 0.494583
2 0.451562 0.256944 0.0416667 0.0453704 0.502715
2 0.517187 0.200926 0.028125 0.0333333 0.509633
0 0.936979 0.795833 0.0239583 0.0712963 0.613091
0 0.882292 0.745833 0.0177083 0.0731481 0.641368
2 0.396094 0.294444 0.0505208 0.0574074 0.696264
2 0.389323 0.390741 0.0380208 0.0722222 0.704387
2 0.490625 0.270833 0.0364583 0.0453704 0.768228
5 0.443229 0.217593 0.121875 0.109259 0.773963
2 0.408594 0.440278 0.0369792 0.0712963 0.79303
2 0.77474 0.731019 0.117188 0.163889 0.814112
2 0.429948 0.328704 0.0515625 0.0592593 0.839921
7 0.631771 0.718056 0.184375 0.319444 0.921525
