2 0.254427 0.31713 0.0203125 0.0324074 0.298441
9 0.351562 0.353241 0.0145833 0.0435185 0.328383
0 0.905208 0.38287 0.009375 0.0453704 0.360593
5 0.582292 0.895833 0.153125 0.206481 0.429144
7 0.582292 0.896296 0.151042 0.203704 0.496214
7 0.949479 0.295833 0.101042 0.591667 0.502227
9 0.974219 0.737037 0.0119792 0.0518519 0.514625
0 0.85651 0.943519 0.0276042 0.103704 0.554777
2 0.159635 0.535185 0.0609375 0.0962963 0.56897
2 0.215365 0.459259 0.0494792 0.0722222 0.650544
2 0.39974 0.292593 0.0453125 0.0537037 0.693411
2 0.778125 0.346759 0.0333333 0.0601852 0.711495
5 0.436198 0.220833 0.127604 0.113889 0.730007
2 0.433333 0.94213 0.136458 0.113889 0.823001
2 0.25651 0.438426 0.0619792 0.087963 0.837163
2 0.34974 0.725 0.0859375 0.162963 0.840246
