2 0.560417 0.208796 0.0302083 0.037963 0.255658
2 0.841406 0.100463 0.0151042 0.0268519 0.259818
0 0.9125 0.738426 0.0145833 0.0583333 0.289611
7 0.664323 0.256481 0.0588542 0.0888889 0.307295
9 0.973958 0.7375 0.0125 0.0527778 0.311893
7 0.238542 0.349537 0.0489583 0.115741 0.316313
0 0.896094 0.427315 0.00989583 0.0527778 0.348853
2 0.528906 0.239352 0.0359375 0.037963 0.391862
2 0.459115 0.299537 0.0411458 0.0435185 0.399612
2 0.488281 0.271296 0.0421875 0.0444444 0.420029
0 0.928906 0.739352 0.0140625 0.0712963 0.442642
0 0.880469 0.698611 0.0151042 0.0675926 0.453613
2 0.788281 0.302778 0.0276042 0.05 0.509747
2 0.210417 0.463889 0.0489583 0.062963 0.560331
2 0.271615 0.326389 0.0348958 0.0601852 0.568426
2 0.479688 0.368981 0.0333333 0.0731481 0.687152
2 0.550521 0.521759 0.071875 0.0972222 0.792629
7 0.427083 0.451389 0.0729167 0.182407 0.802913
2 0.694792 0.662037 0.120833 0.164815 0.803902
5 0.226042 0.662037 0.0895833 0.342593 0.809528
2 0.491146 0.44537 0.0583333 0.1 0.813712
5 0.472917 0.200463 0.111458 0.106481 0.8217
2 0.7625 0.843056 0.127083 0.186111 0.875356
2 0.548177 0.605556 0.0859375 0.116667 0.891635
2 0.594271 0.8 0.116667 0.177778 0.916623
