9 0.973698 0.7375 0.0130208 0.0546296 0.262531
7 0.30026 0.928241 0.177604 0.137963 0.329342
0 0.926823 0.733333 0.0182292 0.0759259 0.334318
0 0.936979 0.795833 0.021875 0.0675926 0.367662
7 0.542708 0.497222 0.0708333 0.105556 0.389628
7 0.440104 0.484259 0.0520833 0.116667 0.428247
2 0.827083 0.161111 0.015625 0.0259259 0.494946
2 0.209896 0.284259 0.0375 0.0722222 0.53257
2 0.53776 0.225 0.0411458 0.0462963 0.539023
5 0.44375 0.216204 0.123958 0.106481 0.600041
2 0.501042 0.264815 0.0458333 0.0481481 0.63483
0 0.881771 0.746296 0.01875 0.0740741 0.644669
2 0.440365 0.485185 0.0515625 0.116667 0.665001
2 0.403385 0.424074 0.0348958 0.0703704 0.700529
2 0.541667 0.496296 0.071875 0.105556 0.701976
2 0.396094 0.295833 0.0505208 0.0564815 0.755155
2 0.420573 0.334259 0.0453125 0.0611111 0.832641
7 0.366146 0.818519 0.147917 0.25 0.883988
2 0.782812 0.734259 0.119792 0.175926 0.888135
7 0.516927 0.58287 0.138021 0.250926 0.888562
2 0.664323 0.870833 0.132812 0.193519 0.911674
2 0.668229 0.725926 0.110417 0.148148 0.911996
2 0.803906 0.8875 0.128646 0.189815 0.928303
