5 0.451823 0.25787 0.0588542 0.0657407 0.295441
2 0.864062 0.0939815 0.0145833 0.0268519 0.303209
0 0.927865 0.7375 0.0234375 0.0712963 0.322295
0 0.973177 0.740278 0.0119792 0.0527778 0.343004
0 0.936979 0.799074 0.021875 0.0666667 0.357585
9 0.973698 0.738426 0.0119792 0.0509259 0.369476
7 0.230469 0.321296 0.0526042 0.0907407 0.379671
2 0.484115 0.227315 0.0369792 0.0398148 0.406375
0 0.890365 0.499537 0.00989583 0.0564815 0.41193
0 0.866927 0.775463 0.0140625 0.0546296 0.492955
2 0.839063 0.10787 0.0177083 0.0287037 0.495333
2 0.229948 0.320833 0.0526042 0.0898148 0.497999
0 0.919792 0.724074 0.01875 0.0722222 0.513845
5 0.442448 0.218056 0.123438 0.108333 0.551893
0 0.952865 0.716204 0.0151042 0.0657407 0.568244
2 0.395833 0.318981 0.0541667 0.0694444 0.690597
2 0.272656 0.406019 0.0317708 0.0564815 0.751385
2 0.879687 0.944907 0.109375 0.108333 0.755321
2 0.454948 0.269444 0.0432292 0.0537037 0.767322
2 0.634115 0.738426 0.125521 0.167593 0.923102
