2 0.220833 0.305556 0.0447917 0.0851852 0.255754
9 0.973958 0.7375 0.0125 0.0527778 0.263826
0 0.0541667 0.72037 0.0125 0.0518519 0.279692
7 0.665365 0.255556 0.0619792 0.087037 0.290022
2 0.840104 0.108333 0.015625 0.0277778 0.292406
0 0.973698 0.7375 0.0119792 0.0527778 0.297718
0 0.890885 0.465278 0.00989583 0.0490741 0.396156
7 0.944271 0.908333 0.10625 0.164815 0.416025
0 0.0877604 0.510648 0.0255208 0.062037 0.435287
0 0.934896 0.653704 0.0145833 0.0537037 0.447654
0 0.875521 0.756944 0.0135417 0.0694444 0.506339
5 0.21901 0.305093 0.0473958 0.0842593 0.52865
2 0.484115 0.239815 0.0421875 0.062963 0.619403
5 0.442708 0.218056 0.123958 0.108333 0.639786
2 0.944792 0.910648 0.107292 0.165741 0.668001
2 0.397135 0.315278 0.0578125 0.0824074 0.683039
2 0.272135 0.337037 0.0255208 0.0388889 0.684156
2 0.489062 0.581019 0.0875 0.123148 0.846474
2 0.697396 0.806944 0.122917 0.173148 0.909656
