0 0.448177 0.658333 0.0286458 0.0888889 0.255573
5 0.440104 0.273611 0.05625 0.0768519 0.264122
0 0.930729 0.7375 0.021875 0.0601852 0.283069
7 0.669531 0.260648 0.0692708 0.0990741 0.304417
9 0.973958 0.7375 0.0125 0.0509259 0.317739
0 0.973698 0.737963 0.0119792 0.0518519 0.336057
2 0.24974 0.296296 0.0255208 0.0407407 0.346033
0 0.921875 0.725463 0.0166667 0.0657407 0.346962
2 0.48125 0.228704 0.0354167 0.0388889 0.378547
0 0.936458 0.799537 0.021875 0.0638889 0.389273
9 0.352083 0.352315 0.0125 0.0435185 0.404198
5 0.478385 0.193056 0.0546875 0.0601852 0.418454
0 0.895312 0.438426 0.009375 0.0453704 0.43485
7 0.21276 0.288426 0.0411458 0.0805556 0.437864
2 0.839844 0.106481 0.0161458 0.0296296 0.447518
2 0.439583 0.277778 0.0520833 0.0685185 0.487389
5 0.213021 0.288426 0.040625 0.0787037 0.489973
0 0.915625 0.596296 0.015625 0.0722222 0.52968
0 0.882292 0.74537 0.0177083 0.0722222 0.547159
2 0.539583 0.201852 0.03125 0.0407407 0.607111
5 0.422656 0.228241 0.0786458 0.087963 0.649636
2 0.394271 0.29537 0.0479167 0.0574074 0.70896
2 0.547656 0.650463 0.0953125 0.137963 0.836303
2 0.409896 0.473611 0.0510417 0.0916667 0.838868
2 0.702865 0.810648 0.124479 0.169444 0.898743
2 0.733073 0.712037 0.101562 0.148148 0.919586
