2 0.527344 0.24213 0.0369792 0.037963 0.256278
7 0.323958 0.872685 0.214583 0.24537 0.268013
2 0.559115 0.208333 0.0317708 0.0407407 0.297264
2 0.464323 0.243519 0.0411458 0.0462963 0.303027
0 0.913542 0.738889 0.0135417 0.0425926 0.304658
5 0.479427 0.193519 0.0546875 0.0703704 0.32862
9 0.973958 0.7375 0.0114583 0.0527778 0.32936
7 0.277865 0.389352 0.0348958 0.0990741 0.33379
7 0.0434896 0.661574 0.0505208 0.0787037 0.339683
5 0.210417 0.284259 0.0385417 0.0740741 0.387248
7 0.41224 0.416204 0.0348958 0.10463 0.420456
2 0.446615 0.315741 0.0411458 0.0537037 0.453861
2 0.807292 0.230556 0.0208333 0.037037 0.467877
0 0.929427 0.743056 0.0171875 0.0675926 0.474224
0 0.882031 0.736574 0.0171875 0.0583333 0.515831
5 0.325781 0.878241 0.213021 0.236111 0.520677
2 0.489583 0.271759 0.040625 0.0435185 0.600134
5 0.440104 0.22037 0.0989583 0.103704 0.612926
2 0.482292 0.396296 0.0354167 0.0759259 0.618198
7 0.902865 0.856481 0.131771 0.196296 0.694878
5 0.210156 0.44213 0.0734375 0.189815 0.821216
7 0.45651 0.50463 0.102604 0.214815 0.859242
2 0.607813 0.576389 0.0802083 0.10463 0.884378
2 0.777083 0.855556 0.128125 0.188889 0.884696
2 0.625 0.685648 0.103125 0.141667 0.887394
2 0.526563 0.484259 0.071875 0.103704 0.892219
2 0.623698 0.830556 0.125521 0.185185 0.909531
