0 0.973698 0.737963 0.0119792 0.0518519 0.260627
0 0.104167 0.485185 0.0135417 0.062963 0.27052
0 0.0617188 0.585648 0.0140625 0.0527778 0.280734
0 0.920833 0.480556 0.0125 0.0574074 0.333313
2 0.833854 0.1375 0.0145833 0.0268519 0.349606
9 0.973698 0.737963 0.0119792 0.0537037 0.355703
2 0.210156 0.285648 0.0380208 0.0731481 0.421562
7 0.80625 0.959259 0.114583 0.0796296 0.428216
2 0.946615 0.922685 0.106771 0.147222 0.451281
7 0.946615 0.922685 0.105729 0.147222 0.485273
0 0.903646 0.478704 0.0114583 0.0555556 0.511876
2 0.451302 0.25787 0.0411458 0.0472222 0.515426
0 0.936719 0.795833 0.0223958 0.0712963 0.529536
7 0.463802 0.505093 0.0765625 0.125 0.545016
0 0.882292 0.745833 0.0177083 0.0731481 0.575993
2 0.463542 0.505093 0.075 0.125 0.595264
2 0.525 0.195833 0.0291667 0.0324074 0.639751
2 0.396875 0.294907 0.053125 0.0564815 0.651692
2 0.390365 0.389815 0.0380208 0.0722222 0.697467
2 0.50026 0.262963 0.0359375 0.0425926 0.729468
2 0.717188 0.673611 0.108333 0.147222 0.735953
5 0.44375 0.217593 0.122917 0.109259 0.752915
2 0.438281 0.319444 0.0473958 0.0555556 0.774789
2 0.408073 0.441204 0.0380208 0.0712963 0.802123
7 0.584635 0.665278 0.170312 0.287963 0.899591
