0 0.914583 0.737963 0.0166667 0.0814815 0.269217
2 0.216406 0.252778 0.0192708 0.0259259 0.271155
0 0.928125 0.746759 0.0135417 0.0601852 0.318304
0 0.889844 0.524074 0.0109375 0.0574074 0.330036
0 0.938021 0.801852 0.0166667 0.0592593 0.383602
0 0.959896 0.814815 0.0229167 0.0666667 0.423445
7 0.235677 0.333333 0.0546875 0.103704 0.489783
0 0.973437 0.740278 0.0114583 0.0527778 0.495625
2 0.839063 0.107407 0.0177083 0.0314815 0.503004
2 0.482552 0.228704 0.0369792 0.0407407 0.518403
5 0.235677 0.332407 0.0536458 0.103704 0.530887
0 0.952604 0.746759 0.015625 0.0638889 0.535889
5 0.44349 0.218519 0.120312 0.101852 0.610234
2 0.395312 0.321296 0.05625 0.0648148 0.656283
2 0.271094 0.465278 0.0359375 0.0861111 0.70896
2 0.450781 0.273611 0.0442708 0.0583333 0.790535
2 0.720573 0.832407 0.133854 0.196296 0.919878
