0 0.0640625 0.583796 0.015625 0.0509259 0.255585
0 0.895312 0.396296 0.0135417 0.0574074 0.258598
2 0.833333 0.140741 0.015625 0.0259259 0.263209
0 0.927083 0.716204 0.0177083 0.0601852 0.265984
9 0.351302 0.352315 0.0130208 0.0398148 0.269184
0 0.920052 0.497685 0.0171875 0.062037 0.271172
2 0.841667 0.102315 0.0135417 0.025 0.283901
9 0.973698 0.738426 0.0119792 0.0546296 0.366816
0 0.936458 0.796759 0.0229167 0.0694444 0.372583
0 0.904948 0.491667 0.0130208 0.0611111 0.42423
2 0.209375 0.283796 0.0385417 0.0768519 0.447744
0 0.88151 0.746759 0.0192708 0.075 0.587347
2 0.396094 0.296296 0.0484375 0.0592593 0.613442
2 0.534375 0.189352 0.03125 0.0342593 0.618696
2 0.509896 0.252315 0.0364583 0.0490741 0.6276
2 0.452344 0.494907 0.0671875 0.123148 0.642079
5 0.44401 0.218519 0.122396 0.109259 0.712414
2 0.764063 0.938889 0.129167 0.12037 0.748275
2 0.45026 0.306481 0.0536458 0.0592593 0.77552
2 0.408333 0.441204 0.0354167 0.0675926 0.794357
2 0.390104 0.3875 0.0385417 0.0731481 0.807359
2 0.673437 0.630093 0.10625 0.139815 0.860987
7 0.548437 0.627778 0.15625 0.264815 0.870853
2 0.839063 0.862037 0.123958 0.155556 0.879421
