2 0.334896 0.293056 0.0447917 0.0453704 0.257325
0 0.90651 0.401389 0.00989583 0.0472222 0.309932
9 0.973958 0.738426 0.0125 0.0527778 0.326098
0 0.881771 0.908796 0.0166667 0.0601852 0.392643
2 0.444531 0.256019 0.0390625 0.0472222 0.550802
2 0.721094 0.537963 0.0598958 0.107407 0.674751
2 0.325781 0.371759 0.0588542 0.0861111 0.722221
2 0.23776 0.462037 0.0692708 0.101852 0.798886
5 0.443229 0.218056 0.121875 0.113889 0.812145
2 0.349479 0.725 0.0864583 0.166667 0.81238
2 0.139844 0.516204 0.0661458 0.0861111 0.858139
