0 0.951563 0.574074 0.0114583 0.0555556 0.320711
9 0.974219 0.7375 0.0130208 0.0527778 0.320722
2 0.402865 0.302315 0.0411458 0.0546296 0.322989
0 0.448177 0.660648 0.0317708 0.0935185 0.348355
0 0.905208 0.59213 0.0135417 0.062037 0.36046
0 0.935938 0.797222 0.0208333 0.0703704 0.376482
0 0.932292 0.747685 0.0125 0.0398148 0.378865
2 0.242188 0.288889 0.0208333 0.0333333 0.436276
0 0.849479 0.823148 0.0135417 0.0611111 0.443823
0 0.8875 0.589352 0.0125 0.062037 0.461561
0 0.898177 0.790278 0.0161458 0.0694444 0.493681
2 0.839063 0.109722 0.0166667 0.0268519 0.509201
2 0.384375 0.325 0.0333333 0.0574074 0.532785
2 0.480208 0.228704 0.0364583 0.0425926 0.570103
5 0.435417 0.223611 0.103125 0.0990741 0.58362
2 0.267448 0.341667 0.0265625 0.0407407 0.665985
5 0.21276 0.409259 0.0901042 0.162963 0.671473
2 0.445312 0.27963 0.046875 0.062963 0.772294
2 0.327604 0.677315 0.0729167 0.147222 0.880985
