2 0.591146 0.162963 0.0229167 0.0314815 0.304831
7 0.947656 0.298148 0.104687 0.596296 0.327004
2 0.254948 0.31713 0.0213542 0.0342593 0.375557
7 0.671875 0.262963 0.0739583 0.107407 0.379597
0 0.973958 0.738426 0.0125 0.0564815 0.429421
7 0.691927 0.433796 0.0526042 0.0861111 0.625081
2 0.789844 0.969907 0.0807292 0.0583333 0.662417
2 0.575781 0.193056 0.0296875 0.0416667 0.671654
2 0.815104 0.200926 0.0208333 0.037037 0.682875
7 0.755469 0.443981 0.0609375 0.125 0.804767
0 0.877604 0.797222 0.021875 0.0851852 0.808528
2 0.0854167 0.608333 0.0645833 0.111111 0.809784
2 0.349479 0.725 0.0864583 0.166667 0.825124
5 0.391146 0.254167 0.144792 0.143519 0.83268
2 0.245052 0.413889 0.0598958 0.0666667 0.839258
