2 0.594531 0.160648 0.0213542 0.037963 0.252783
0 0.929167 0.73287 0.0229167 0.0657407 0.303842
5 0.648698 0.710648 0.123438 0.197222 0.359418
7 0.663281 0.253241 0.0578125 0.0824074 0.36287
2 0.449479 0.257407 0.0416667 0.0462963 0.37687
9 0.974219 0.7375 0.0119792 0.0527778 0.378501
0 0.0606771 0.631481 0.0109375 0.0537037 0.40314
0 0.935938 0.796759 0.021875 0.0694444 0.405818
0 0.922656 0.724074 0.0171875 0.0703704 0.411374
2 0.209635 0.283796 0.0380208 0.0768519 0.530882
2 0.489323 0.224074 0.0359375 0.0388889 0.536621
0 0.891146 0.481481 0.0114583 0.0537037 0.552117
2 0.648698 0.709722 0.122396 0.193519 0.558482
0 0.881771 0.746296 0.0177083 0.0740741 0.572443
5 0.441146 0.219444 0.125 0.107407 0.67347
2 0.396354 0.296296 0.05 0.0592593 0.698653
7 0.890885 0.893519 0.204688 0.207407 0.731698
2 0.392969 0.410648 0.0348958 0.0842593 0.796102
2 0.433594 0.492593 0.0546875 0.0925926 0.829958
2 0.41849 0.340741 0.0515625 0.062963 0.852292
2 0.46901 0.349074 0.0286458 0.0611111 0.861761
