7 0.949479 0.297222 0.101042 0.594444 0.252979
9 0.622135 0.145833 0.0119792 0.0305556 0.258862
0 0.91875 0.656482 0.015625 0.062963 0.272488
0 0.908594 0.668981 0.0161458 0.0564815 0.289994
2 0.494271 0.235648 0.0322917 0.0398148 0.302555
2 0.870833 0.563426 0.0208333 0.0287037 0.314218
9 0.973437 0.737037 0.0125 0.0537037 0.336091
7 0.799479 0.290741 0.0385417 0.0777778 0.368739
2 0.764844 0.258333 0.0276042 0.05 0.60291
2 0.799219 0.290278 0.0390625 0.0787037 0.619005
2 0.558854 0.211574 0.0364583 0.0472222 0.659994
2 0.83099 0.146759 0.0192708 0.0305556 0.660366
0 0.8875 0.705556 0.021875 0.0814815 0.68208
2 0.48151 0.272685 0.0411458 0.0583333 0.717507
2 0.0510417 0.604167 0.059375 0.0842593 0.757622
2 0.835417 0.9 0.0989583 0.17963 0.816857
2 0.349479 0.725463 0.0854167 0.163889 0.823555
5 0.335938 0.301852 0.161458 0.172222 0.86577
2 0.513021 0.865278 0.102083 0.162037 0.909867
