5 0.233854 0.323611 0.0489583 0.0916667 0.251877
9 0.409896 0.37963 0.0427083 0.146296 0.264641
2 0.490104 0.269444 0.0385417 0.0425926 0.28833
9 0.973958 0.7375 0.0114583 0.0527778 0.321309
0 0.904167 0.48287 0.0104167 0.0509259 0.321915
3 0.794792 0.791667 0.028125 0.0592593 0.326546
0 0.786979 0.75463 0.0177083 0.05 0.377216
0 0.929427 0.737963 0.0130208 0.0648148 0.391788
0 0.936719 0.796759 0.0171875 0.0601852 0.393132
2 0.464323 0.350463 0.0359375 0.0675926 0.400738
0 0.913021 0.737037 0.0145833 0.0814815 0.417912
2 0.56901 0.200926 0.0234375 0.0333333 0.425125
7 0.667188 0.260648 0.065625 0.0990741 0.433159
2 0.464583 0.400463 0.0375 0.075 0.44281
2 0.526042 0.269444 0.0385417 0.0555556 0.459747
7 0.410156 0.378704 0.0442708 0.15 0.703692
2 0.229687 0.884722 0.0885417 0.186111 0.75537
2 0.451302 0.616204 0.0765625 0.123148 0.75738
2 0.434896 0.477315 0.0520833 0.0898148 0.821703
2 0.50599 0.475 0.0713542 0.103704 0.865871
2 0.385156 0.506481 0.0494792 0.101852 0.868291
2 0.495833 0.55463 0.0802083 0.112963 0.870913
2 0.545313 0.441204 0.0677083 0.0805556 0.889592
