2 0.584375 0.191204 0.0270833 0.0287037 0.260222
2 0.524479 0.240278 0.0270833 0.0324074 0.310326
2 0.226823 0.315741 0.0505208 0.0925926 0.319987
3 0.652604 0.644907 0.0354167 0.0731481 0.337598
2 0.491146 0.269444 0.0354167 0.0444444 0.403874
0 0.929427 0.74213 0.0161458 0.0675926 0.415357
0 0.884115 0.48287 0.0109375 0.0564815 0.419726
0 0.913281 0.739352 0.0182292 0.0787037 0.426034
9 0.973958 0.738889 0.0114583 0.0518519 0.427009
5 0.226823 0.315741 0.0494792 0.0907407 0.43239
0 0.93776 0.792593 0.0203125 0.0685185 0.4461
2 0.551042 0.240741 0.0333333 0.0407407 0.471568
0 0.904688 0.483796 0.0104167 0.0527778 0.476953
2 0.465104 0.407407 0.0354167 0.0611111 0.478858
2 0.463802 0.353704 0.0359375 0.0740741 0.510731
7 0.409635 0.378241 0.0442708 0.147222 0.631833
2 0.226823 0.883333 0.0932292 0.192593 0.655633
2 0.501042 0.471296 0.0708333 0.105556 0.801265
2 0.433333 0.476389 0.0520833 0.087963 0.838339
2 0.438021 0.601852 0.0729167 0.125926 0.861947
2 0.54349 0.439815 0.0671875 0.0814815 0.875238
2 0.491667 0.553704 0.0802083 0.111111 0.88272
2 0.384375 0.505556 0.0510417 0.101852 0.883907
