0 0.448438 0.655556 0.0333333 0.0851852 0.25234
2 0.450781 0.259259 0.0442708 0.0462963 0.272007
2 0.58151 0.171759 0.0307292 0.0342593 0.281676
0 0.0867188 0.512037 0.0234375 0.062963 0.292146
9 0.974479 0.738889 0.0125 0.0537037 0.307311
7 0.664062 0.252778 0.0572917 0.0814815 0.31144
2 0.840104 0.109722 0.0145833 0.0268519 0.318651
0 0.922135 0.725926 0.0203125 0.0740741 0.332751
2 0.490625 0.23287 0.0489583 0.0638889 0.341019
5 0.432813 0.216204 0.1 0.0916667 0.367926
0 0.881771 0.745833 0.0177083 0.0712963 0.485829
7 0.873177 0.911111 0.140104 0.17037 0.538102
0 0.936198 0.795833 0.0234375 0.075 0.545855
0 0.9 0.55463 0.0135417 0.0611111 0.556585
2 0.395573 0.296296 0.0494792 0.0555556 0.742925
2 0.46224 0.547222 0.0786458 0.109259 0.769595
2 0.391146 0.406944 0.0364583 0.0787037 0.784581
2 0.584635 0.564352 0.0765625 0.115741 0.824809
2 0.576563 0.683796 0.101042 0.139815 0.870574
