2 0.101562 0.615278 0.0552083 0.075 0.250905
0 0.446875 0.659259 0.03125 0.0907407 0.253852
5 0.646875 0.771759 0.11875 0.237963 0.315403
2 0.113021 0.59213 0.065625 0.0953704 0.322456
0 0.863281 0.893519 0.0244792 0.0777778 0.454243
2 0.523958 0.808333 0.110417 0.17963 0.472785
5 0.465885 0.208333 0.0536458 0.0740741 0.476057
2 0.254687 0.31713 0.0208333 0.0305556 0.522054
7 0.523698 0.80787 0.109896 0.178704 0.524571
2 0.164844 0.512037 0.0567708 0.0777778 0.634995
2 0.123177 0.569444 0.0505208 0.0777778 0.641429
5 0.409635 0.233796 0.0901042 0.110185 0.655626
2 0.221615 0.47037 0.0619792 0.0907407 0.659991
7 0.646615 0.769907 0.118229 0.239815 0.726294
2 0.372656 0.3125 0.0484375 0.0527778 0.732809
2 0.790885 0.298148 0.0296875 0.05 0.763003
2 0.348958 0.725 0.0854167 0.162963 0.829322
