58 0.0289063 0.784722 0.0557292 0.14537 0.252181
2 0.594271 0.148148 0.01875 0.0296296 0.265623
0 0.93776 0.794907 0.0203125 0.0712963 0.313352
2 0.511198 0.256019 0.0411458 0.0416667 0.314384
0 0.973958 0.7375 0.0114583 0.0527778 0.328272
7 0.241667 0.802315 0.183333 0.387963 0.348702
9 0.974219 0.7375 0.0119792 0.0527778 0.370096
2 0.824479 0.176389 0.015625 0.0287037 0.372383
5 0.476562 0.208333 0.05625 0.0907407 0.387325
7 0.6625 0.251389 0.0552083 0.0768519 0.398656
2 0.210417 0.284259 0.0385417 0.0722222 0.404947
2 0.401563 0.39537 0.0375 0.0703704 0.482853
0 0.929688 0.742593 0.0145833 0.0666667 0.501313
5 0.435937 0.218981 0.10625 0.0990741 0.513877
2 0.547656 0.221296 0.0328125 0.0388889 0.528565
2 0.398177 0.293519 0.0463542 0.0592593 0.586658
2 0.513542 0.4625 0.0583333 0.0898148 0.591718
0 0.88151 0.746296 0.0192708 0.0759259 0.64602
2 0.904948 0.869907 0.102604 0.165741 0.657102
2 0.435156 0.470833 0.0546875 0.115741 0.716109
2 0.44974 0.306481 0.0442708 0.0537037 0.756178
7 0.302083 0.65 0.078125 0.183333 0.786068
5 0.240625 0.802315 0.182292 0.387963 0.799826
2 0.666927 0.618056 0.107813 0.141667 0.898773
7 0.516927 0.583333 0.139062 0.248148 0.904852
2 0.668229 0.727315 0.110417 0.149074 0.911354
2 0.656771 0.865741 0.133333 0.192593 0.918928
2 0.795573 0.87963 0.130729 0.192593 0.919258
