9 0.973698 0.7375 0.0130208 0.0546296 0.274351
0 0.922135 0.735185 0.0234375 0.0648148 0.279613
0 0.0869792 0.510185 0.025 0.0611111 0.299705
7 0.278385 0.875926 0.207813 0.246296 0.400523
5 0.278385 0.877315 0.204688 0.24537 0.460759
2 0.543229 0.224537 0.0375 0.0398148 0.471596
2 0.209896 0.284259 0.0375 0.0722222 0.484725
2 0.825521 0.163426 0.015625 0.0268519 0.562302
2 0.504167 0.261574 0.0427083 0.0472222 0.58054
0 0.882031 0.745833 0.0182292 0.075 0.609089
5 0.442187 0.216667 0.125 0.109259 0.638434
2 0.403125 0.414352 0.0354167 0.0731481 0.681663
2 0.438802 0.482407 0.0515625 0.116667 0.684625
2 0.396094 0.29537 0.0515625 0.0555556 0.702585
2 0.975521 0.9375 0.0489583 0.121296 0.714954
2 0.532552 0.486574 0.0661458 0.102778 0.724125
7 0.345573 0.758796 0.108854 0.221296 0.831246
2 0.429688 0.325926 0.0479167 0.0574074 0.832714
7 0.517448 0.582407 0.138021 0.25 0.891401
2 0.667708 0.725926 0.109375 0.148148 0.912542
2 0.74401 0.693519 0.115104 0.166667 0.915056
2 0.661458 0.869444 0.13125 0.190741 0.916195
2 0.797917 0.880093 0.129167 0.191667 0.918451
