0 0.926823 0.733333 0.0182292 0.0722222 0.265909
0 0.929167 0.514352 0.0125 0.0527778 0.384147
2 0.554427 0.173148 0.0276042 0.0314815 0.398724
7 0.442708 0.488889 0.0520833 0.12037 0.426299
2 0.40599 0.434722 0.0338542 0.0694444 0.430714
0 0.910937 0.520833 0.0135417 0.062037 0.446777
2 0.210417 0.284259 0.0385417 0.0722222 0.473145
2 0.83125 0.147685 0.0177083 0.0287037 0.480871
2 0.443229 0.490278 0.0520833 0.121296 0.510764
9 0.973958 0.736111 0.0114583 0.0518519 0.522587
5 0.44401 0.216204 0.121354 0.106481 0.576768
0 0.881771 0.745833 0.0177083 0.0731481 0.613918
2 0.395833 0.29537 0.0489583 0.0574074 0.63837
2 0.391927 0.375926 0.0411458 0.0703704 0.717457
2 0.525 0.240278 0.0322917 0.0398148 0.726827
2 0.474479 0.285648 0.0458333 0.0490741 0.756894
2 0.880208 0.936574 0.133333 0.125 0.788238
2 0.954427 0.910648 0.0911458 0.175 0.815964
2 0.601302 0.563426 0.0953125 0.119444 0.852176
7 0.520052 0.586574 0.139062 0.25463 0.881979
2 0.701823 0.906018 0.142188 0.186111 0.894456
2 0.694792 0.75463 0.113542 0.153704 0.911491
