0 0.947396 0.56713 0.0135417 0.062037 0.267482
0 0.927344 0.757407 0.0151042 0.0574074 0.27201
0 0.911719 0.794907 0.0140625 0.0583333 0.296514
2 0.402865 0.303241 0.0411458 0.0546296 0.303873
0 0.448177 0.661111 0.0317708 0.0925926 0.345367
0 0.936458 0.797685 0.0177083 0.0694444 0.390272
0 0.896875 0.798148 0.015625 0.0611111 0.409126
9 0.974479 0.737037 0.0125 0.05 0.417132
0 0.84974 0.823611 0.0140625 0.062037 0.43271
2 0.839063 0.109722 0.0166667 0.0268519 0.502837
2 0.384375 0.326389 0.0333333 0.0583333 0.520304
2 0.480208 0.228241 0.0364583 0.0416667 0.552093
5 0.432552 0.224537 0.0963542 0.0972222 0.579317
0 0.88724 0.591667 0.0119792 0.0574074 0.633967
2 0.269531 0.345833 0.0307292 0.0453704 0.673124
2 0.445573 0.27963 0.0473958 0.0648148 0.774851
5 0.205208 0.415741 0.0958333 0.166667 0.850974
2 0.330729 0.684259 0.075 0.15 0.902855
