0 0.913021 0.7375 0.0145833 0.062037 0.252476
2 0.419792 0.427778 0.0614583 0.168519 0.258814
2 0.560677 0.20787 0.0296875 0.0361111 0.273062
9 0.351042 0.351852 0.0125 0.0425926 0.277232
7 0.663281 0.251389 0.0557292 0.0787037 0.287501
0 0.928385 0.74213 0.0130208 0.0638889 0.304453
7 0.232031 0.330093 0.0515625 0.10463 0.323407
0 0.895833 0.441667 0.009375 0.0518519 0.330351
0 0.936198 0.796759 0.0182292 0.0657407 0.348287
2 0.261458 0.311574 0.034375 0.0601852 0.351194
0 0.883854 0.666667 0.0125 0.0648148 0.356958
2 0.839583 0.0976852 0.01875 0.0324074 0.37126
2 0.420573 0.340741 0.0411458 0.0555556 0.379085
0 0.973698 0.738426 0.0119792 0.0527778 0.466909
2 0.459115 0.299074 0.0442708 0.0481481 0.515705
2 0.489844 0.269907 0.0380208 0.0435185 0.518794
2 0.53099 0.238426 0.0390625 0.0398148 0.536532
5 0.232292 0.329167 0.0520833 0.10463 0.57105
7 0.419271 0.427778 0.0614583 0.168519 0.595945
2 0.254948 0.401852 0.0338542 0.062963 0.627872
2 0.77474 0.350463 0.0369792 0.0583333 0.729402
2 0.523698 0.494907 0.0651042 0.087963 0.730955
2 0.48125 0.352778 0.034375 0.0666667 0.755537
5 0.207552 0.549074 0.0734375 0.251852 0.819916
5 0.494792 0.188889 0.10625 0.101852 0.834539
2 0.643229 0.616204 0.109375 0.149074 0.860096
2 0.514323 0.570833 0.0786458 0.115741 0.86683
2 0.478385 0.426852 0.0515625 0.0925926 0.885606
2 0.53776 0.735648 0.101562 0.162037 0.907908
2 0.719792 0.791667 0.123958 0.174074 0.91364
