0 0.88776 0.582407 0.0119792 0.0574074 0.257297
2 0.267448 0.324074 0.0244792 0.0407407 0.267007
7 0.708594 0.88287 0.129688 0.19537 0.27689
7 0.534375 0.1625 0.065625 0.0731481 0.276916
2 0.53099 0.238426 0.0401042 0.0398148 0.320596
0 0.89974 0.481481 0.0119792 0.0518519 0.329006
9 0.974219 0.738426 0.0109375 0.0509259 0.416729
2 0.495573 0.311574 0.0380208 0.0583333 0.479068
9 0.409896 0.390741 0.0427083 0.157407 0.496841
0 0.914323 0.733333 0.0182292 0.0833333 0.509649
2 0.708073 0.883796 0.129688 0.184259 0.545152
5 0.236979 0.3875 0.0447917 0.137963 0.552743
0 0.9375 0.792593 0.0208333 0.0703704 0.564898
2 0.4625 0.38287 0.0322917 0.0824074 0.614149
7 0.409896 0.390741 0.04375 0.157407 0.62336
5 0.2125 0.281481 0.05625 0.0962963 0.640141
5 0.533073 0.163426 0.0640625 0.0731481 0.655638
0 0.928385 0.742593 0.0140625 0.0722222 0.655899
2 0.671615 0.45463 0.0848958 0.0722222 0.825658
2 0.429948 0.586111 0.0723958 0.122222 0.837839
2 0.483854 0.445833 0.0510417 0.0805556 0.841929
2 0.554427 0.519907 0.0880208 0.119444 0.863192
2 0.455469 0.501852 0.0630208 0.1 0.87861
2 0.579948 0.643056 0.0984375 0.137963 0.884351
