2 0.584896 0.201852 0.0291667 0.0388889 0.275195
0 0.886198 0.458333 0.0119792 0.0537037 0.28486
0 0.658594 0.312963 0.0130208 0.0759259 0.29403
9 0.973958 0.743981 0.0114583 0.0472222 0.302222
3 0.565625 0.560648 0.03125 0.0657407 0.329924
0 0.93776 0.793519 0.0213542 0.0722222 0.340119
0 0.928906 0.738426 0.0161458 0.075 0.404006
7 0.663281 0.258333 0.0609375 0.0925926 0.406809
0 0.915104 0.737037 0.0197917 0.0814815 0.413323
2 0.464844 0.403704 0.0359375 0.0666667 0.429035
2 0.490104 0.271296 0.0395833 0.0462963 0.444341
0 0.904167 0.483796 0.0104167 0.0527778 0.446392
2 0.464583 0.350463 0.0364583 0.0675926 0.479102
5 0.218229 0.297222 0.0645833 0.12037 0.482704
2 0.53125 0.236111 0.0375 0.0407407 0.509657
7 0.409635 0.380556 0.0442708 0.148148 0.63274
2 0.228385 0.881944 0.0880208 0.189815 0.688927
7 0.215625 0.438889 0.08125 0.127778 0.743067
2 0.494792 0.463889 0.065625 0.0962963 0.769144
2 0.433333 0.476389 0.0520833 0.0898148 0.835684
2 0.438021 0.602315 0.0729167 0.125 0.84178
2 0.491406 0.553241 0.0786458 0.110185 0.86457
2 0.384375 0.505556 0.05 0.101852 0.870054
2 0.542448 0.440278 0.0692708 0.0805556 0.880475
