2 0.266667 0.32963 0.0260417 0.0425926 0.325305
2 0.53099 0.237037 0.0390625 0.0388889 0.342803
5 0.23099 0.406481 0.0505208 0.15 0.377989
2 0.559896 0.206944 0.0302083 0.0361111 0.388915
9 0.974219 0.737963 0.0109375 0.0518519 0.422055
5 0.53125 0.163889 0.078125 0.0796296 0.423307
0 0.898438 0.477315 0.0104167 0.0527778 0.44809
0 0.914323 0.733796 0.0171875 0.0824074 0.510696
0 0.885677 0.597222 0.0119792 0.0574074 0.526396
2 0.464583 0.389815 0.034375 0.0833333 0.532952
7 0.23125 0.404167 0.0510417 0.152778 0.55607
0 0.9375 0.792593 0.021875 0.0703704 0.56718
5 0.214323 0.285185 0.0588542 0.105556 0.624812
0 0.928385 0.74213 0.0140625 0.0731481 0.635557
7 0.411458 0.413426 0.04375 0.121296 0.646435
7 0.755208 0.913889 0.135417 0.166667 0.723909
2 0.491667 0.317593 0.0375 0.0592593 0.735334
2 0.488021 0.453241 0.0541667 0.0824074 0.791079
2 0.566146 0.537037 0.0895833 0.124074 0.825561
2 0.702604 0.445833 0.0802083 0.0731481 0.852879
2 0.44349 0.605093 0.0765625 0.126852 0.867513
2 0.46224 0.512963 0.0671875 0.0962963 0.876576
2 0.603125 0.669444 0.104167 0.142593 0.897611
