0 0.922656 0.721759 0.0140625 0.062037 0.254497
9 0.351823 0.352778 0.0130208 0.0444444 0.267628
9 0.973698 0.7375 0.0130208 0.0546296 0.27955
0 0.932813 0.74537 0.0197917 0.0648148 0.288149
0 0.0875 0.511574 0.025 0.0638889 0.309161
2 0.214323 0.296296 0.0359375 0.0555556 0.312013
0 0.0604167 0.678241 0.0125 0.0527778 0.320828
0 0.892187 0.425 0.009375 0.0518519 0.325686
2 0.839583 0.108796 0.0166667 0.0268519 0.39635
0 0.88151 0.745833 0.0171875 0.0712963 0.408026
0 0.936198 0.798148 0.0223958 0.0703704 0.512447
5 0.442187 0.217593 0.122917 0.109259 0.557231
0 0.904688 0.56713 0.0145833 0.0657407 0.637433
2 0.564844 0.181944 0.0255208 0.0324074 0.686595
7 0.915104 0.931019 0.130208 0.134259 0.696427
2 0.395573 0.295833 0.0505208 0.0583333 0.715805
2 0.39349 0.428704 0.0369792 0.0796296 0.836468
2 0.485938 0.578241 0.0770833 0.117593 0.878017
2 0.63125 0.61713 0.0875 0.125 0.903772
2 0.619271 0.725463 0.110417 0.152778 0.909426
