2 0.839844 0.114815 0.0130208 0.0314815 0.263551
2 0.496094 0.218981 0.0380208 0.037963 0.27184
0 0.935938 0.797685 0.0208333 0.0657407 0.325564
2 0.210156 0.28287 0.0369792 0.075 0.354727
9 0.973698 0.738889 0.0119792 0.0537037 0.395986
2 0.450521 0.258796 0.0385417 0.0435185 0.439073
2 0.595573 0.650463 0.111979 0.173148 0.475849
0 0.882292 0.745833 0.0177083 0.0731481 0.516086
7 0.596094 0.650926 0.110937 0.172222 0.564725
5 0.440104 0.22037 0.121875 0.109259 0.581453
2 0.396354 0.296296 0.05 0.0574074 0.638818
2 0.472135 0.31713 0.0276042 0.0564815 0.718488
2 0.389323 0.398611 0.0328125 0.0712963 0.73709
5 0.819271 0.863426 0.207292 0.271296 0.801653
2 0.420052 0.472685 0.0494792 0.0842593 0.808758
2 0.420833 0.338426 0.0489583 0.0583333 0.808892
