2 0.447396 0.256481 0.0395833 0.0462963 0.255289
2 0.221615 0.305556 0.0442708 0.0833333 0.267247
0 0.0536458 0.719444 0.0114583 0.0444444 0.269831
9 0.973958 0.7375 0.0125 0.0527778 0.282171
7 0.665104 0.255556 0.0614583 0.087037 0.293055
0 0.973698 0.7375 0.0119792 0.0527778 0.294687
2 0.840104 0.108796 0.015625 0.0268519 0.327284
0 0.0877604 0.510648 0.0255208 0.062037 0.329977
0 0.891146 0.46713 0.0104167 0.0509259 0.430284
0 0.935417 0.658333 0.0145833 0.0611111 0.462565
0 0.875521 0.756019 0.0135417 0.0675926 0.487597
7 0.95 0.916204 0.0989583 0.160185 0.530092
5 0.219271 0.305556 0.0479167 0.0833333 0.544828
2 0.94974 0.915741 0.0994792 0.161111 0.575191
5 0.442187 0.218056 0.123958 0.110185 0.634639
2 0.483333 0.240278 0.040625 0.0638889 0.643409
2 0.396875 0.316204 0.0583333 0.0824074 0.691067
2 0.272917 0.338889 0.025 0.0407407 0.715108
2 0.494271 0.589815 0.0895833 0.125926 0.873763
2 0.705729 0.814352 0.123958 0.173148 0.908437
