2 0.26875 0.335185 0.028125 0.0481481 0.320764
9 0.411198 0.397222 0.0484375 0.164815 0.323017
0 0.0877604 0.509722 0.0244792 0.0638889 0.387697
0 0.898438 0.472685 0.0104167 0.0546296 0.418026
2 0.530208 0.238426 0.0395833 0.037963 0.420248
2 0.560156 0.207407 0.0296875 0.0351852 0.457629
0 0.93724 0.793981 0.0213542 0.0712963 0.469687
0 0.914062 0.733796 0.0177083 0.0842593 0.471824
9 0.974219 0.737963 0.0109375 0.0518519 0.477281
5 0.527083 0.169444 0.09375 0.0907407 0.530805
5 0.220573 0.301852 0.0453125 0.0833333 0.54014
0 0.929167 0.741204 0.015625 0.075 0.55885
0 0.885938 0.611111 0.0145833 0.0648148 0.560773
7 0.790885 0.926852 0.133854 0.142593 0.592093
7 0.411979 0.400463 0.0489583 0.158333 0.61937
2 0.466146 0.397222 0.0364583 0.0833333 0.693544
2 0.489583 0.32037 0.0364583 0.0611111 0.76218
5 0.228906 0.416667 0.0598958 0.172222 0.764711
2 0.492448 0.459722 0.0546875 0.0842593 0.778003
2 0.578125 0.551389 0.09375 0.134259 0.832695
2 0.721615 0.428704 0.0703125 0.0759259 0.835899
2 0.45625 0.621759 0.08125 0.130556 0.874736
2 0.468229 0.521296 0.0666667 0.0981481 0.885091
2 0.623958 0.689815 0.10625 0.148148 0.894004
