2 0.508333 0.212037 0.0333333 0.0444444 0.260059
5 0.473177 0.205093 0.0619792 0.0805556 0.261581
0 0.913281 0.735648 0.0140625 0.0601852 0.277763
9 0.351042 0.350926 0.0135417 0.0425926 0.306783
5 0.209375 0.283796 0.0375 0.0712963 0.341268
2 0.275521 0.500463 0.0489583 0.128704 0.342599
2 0.422917 0.446296 0.0458333 0.111111 0.362678
2 0.557292 0.211574 0.0291667 0.0398148 0.37297
0 0.928646 0.740278 0.0166667 0.0731481 0.379104
2 0.209375 0.283333 0.0375 0.0703704 0.381691
2 0.841667 0.100463 0.0145833 0.0287037 0.39601
9 0.973958 0.737963 0.0114583 0.0537037 0.424109
7 0.663542 0.251852 0.0572917 0.0814815 0.449078
7 0.423177 0.44537 0.0463542 0.109259 0.504664
5 0.446354 0.210648 0.115625 0.0972222 0.542918
0 0.88125 0.745833 0.0197917 0.075 0.576626
0 0.935938 0.795833 0.021875 0.0731481 0.590638
7 0.274219 0.498611 0.0484375 0.126852 0.61285
2 0.817969 0.193056 0.0182292 0.0287037 0.636481
2 0.416667 0.278704 0.0447917 0.05 0.676242
2 0.522396 0.24537 0.0364583 0.0425926 0.699841
2 0.476823 0.281481 0.0421875 0.0481481 0.774318
2 0.491667 0.427315 0.0489583 0.0842593 0.779645
2 0.416146 0.355556 0.0427083 0.0611111 0.788184
2 0.563802 0.52037 0.100521 0.15 0.790793
5 0.177865 0.605556 0.0817708 0.298148 0.830365
2 0.74401 0.7 0.0973958 0.140741 0.860777
7 0.494271 0.556944 0.130208 0.234259 0.880832
2 0.66849 0.726852 0.109896 0.15 0.896635
2 0.795313 0.878241 0.130208 0.191667 0.912173
2 0.642448 0.851852 0.131771 0.188889 0.921488
