0 0.888542 0.42963 0.0104167 0.0518519 0.252263
0 0.936719 0.796759 0.0244792 0.0712963 0.28407
1 0.936979 0.796759 0.0239583 0.0694444 0.343919
0 0.92526 0.728704 0.0213542 0.0851852 0.353332
2 0.448958 0.256019 0.0416667 0.0490741 0.383949
0 0.0625 0.599537 0.0135417 0.0509259 0.413296
9 0.973698 0.738426 0.0109375 0.0527778 0.432006
0 0.904427 0.469444 0.0130208 0.0666667 0.440574
2 0.495833 0.541204 0.0885417 0.136111 0.521795
2 0.511719 0.20787 0.0317708 0.0416667 0.528932
2 0.209896 0.284259 0.0364583 0.0759259 0.56365
0 0.882031 0.746296 0.0171875 0.0740741 0.625452
5 0.663281 0.746759 0.196354 0.328704 0.649875
5 0.442708 0.217593 0.122917 0.109259 0.654286
2 0.395052 0.29537 0.0515625 0.0574074 0.749858
2 0.486458 0.275 0.0375 0.0481481 0.770797
2 0.389844 0.390278 0.0348958 0.0731481 0.805039
2 0.408854 0.441667 0.0375 0.0703704 0.811432
2 0.427083 0.331481 0.0479167 0.0592593 0.831295
7 0.663542 0.747685 0.195833 0.328704 0.854044
2 0.81849 0.778704 0.116146 0.172222 0.899264
