2 0.839844 0.100463 0.0182292 0.0268519 0.263349
7 0.257552 0.303241 0.0317708 0.0546296 0.26572
7 0.6625 0.253241 0.05625 0.0824074 0.306724
0 0.913802 0.738889 0.0151042 0.0611111 0.311976
0 0.936458 0.797222 0.0177083 0.062963 0.320925
2 0.490365 0.270833 0.0380208 0.0416667 0.338685
2 0.426562 0.336111 0.0375 0.0611111 0.343657
0 0.885938 0.648611 0.0135417 0.0694444 0.345125
2 0.53099 0.237037 0.0390625 0.0388889 0.362931
2 0.459375 0.3 0.0416667 0.0462963 0.368267
9 0.973958 0.737963 0.0125 0.0537037 0.374183
7 0.863281 0.961574 0.0932292 0.075 0.388466
0 0.895833 0.454167 0.0104167 0.0546296 0.421135
2 0.266146 0.375 0.0291667 0.0537037 0.429695
0 0.929167 0.738426 0.0145833 0.0694444 0.438014
5 0.226823 0.321296 0.0536458 0.0981481 0.51736
7 0.415885 0.417593 0.0557292 0.166667 0.626003
5 0.504687 0.180093 0.0958333 0.0953704 0.666422
2 0.510156 0.486111 0.0651042 0.0796296 0.678544
2 0.761198 0.381944 0.0442708 0.0657407 0.697747
2 0.483073 0.34213 0.0348958 0.0638889 0.736338
5 0.21224 0.492593 0.0713542 0.227778 0.792213
2 0.474219 0.417593 0.0463542 0.0907407 0.801614
2 0.621354 0.593982 0.107292 0.141667 0.806093
2 0.507292 0.693519 0.0958333 0.15 0.849775
2 0.496354 0.549537 0.075 0.106481 0.888296
2 0.686458 0.754167 0.119792 0.165741 0.903309
