9 0.973958 0.7375 0.0125 0.0527778 0.265694
0 0.973698 0.7375 0.0119792 0.0527778 0.291096
2 0.840104 0.108333 0.015625 0.0277778 0.296251
7 0.666146 0.256019 0.0635417 0.0898148 0.316784
0 0.891146 0.464352 0.0104167 0.0490741 0.353572
2 0.450781 0.256481 0.0442708 0.0462963 0.387045
0 0.0880208 0.510185 0.0260417 0.062963 0.393639
0 0.934115 0.653241 0.0151042 0.0638889 0.521746
0 0.876042 0.752778 0.0135417 0.0685185 0.527827
2 0.869271 0.943981 0.110417 0.108333 0.593294
2 0.485417 0.238889 0.0427083 0.0611111 0.611863
5 0.21875 0.303704 0.0479167 0.0833333 0.617859
5 0.442448 0.218519 0.123438 0.107407 0.622268
2 0.397396 0.316667 0.0572917 0.0796296 0.64157
2 0.271615 0.335648 0.0255208 0.0416667 0.71489
2 0.93724 0.904167 0.107813 0.171296 0.772901
2 0.48151 0.576389 0.0869792 0.123148 0.851279
2 0.690625 0.799537 0.120833 0.171296 0.911983
