2 0.841927 0.101852 0.0140625 0.0277778 0.273461
5 0.209896 0.284259 0.0375 0.0722222 0.34062
2 0.55625 0.210648 0.0302083 0.0416667 0.342592
9 0.351302 0.351389 0.0130208 0.0416667 0.34591
0 0.928646 0.743056 0.0145833 0.0638889 0.356554
2 0.209635 0.283796 0.0369792 0.0712963 0.401967
7 0.666146 0.254167 0.0635417 0.0861111 0.433582
9 0.974479 0.738426 0.0114583 0.0527778 0.44608
2 0.275781 0.504167 0.0494792 0.134259 0.472153
0 0.934896 0.798148 0.0208333 0.0685185 0.510283
7 0.276042 0.503241 0.0489583 0.130556 0.515157
2 0.415885 0.281944 0.0442708 0.0490741 0.525564
2 0.81849 0.19213 0.0192708 0.0305556 0.548707
0 0.88151 0.746296 0.0203125 0.0759259 0.580268
2 0.423177 0.44537 0.0473958 0.109259 0.588648
5 0.444271 0.215278 0.11875 0.102778 0.609521
2 0.476562 0.28287 0.04375 0.0490741 0.668766
2 0.522396 0.244907 0.0364583 0.0453704 0.70902
2 0.492969 0.428704 0.0484375 0.0833333 0.727393
2 0.414062 0.35787 0.0427083 0.0601852 0.779495
2 0.574479 0.535185 0.0854167 0.122222 0.845478
7 0.495313 0.560185 0.130208 0.235185 0.856886
5 0.180729 0.615278 0.0802083 0.313889 0.862103
2 0.751042 0.707407 0.0989583 0.135185 0.887488
2 0.66875 0.727778 0.109375 0.151852 0.898424
2 0.795052 0.879167 0.129688 0.191667 0.917336
2 0.642969 0.852315 0.131771 0.189815 0.919069
