0 0.084375 0.968518 0.03125 0.0611111 0.34208
2 0.478646 0.23287 0.0364583 0.037963 0.360275
0 0.909635 0.442593 0.0119792 0.0611111 0.383803
5 0.427344 0.27037 0.0578125 0.087037 0.399838
9 0.973958 0.737963 0.0125 0.0518519 0.402594
0 0.902083 0.781482 0.0208333 0.0888889 0.42336
2 0.35 0.352778 0.0625 0.0759259 0.428144
2 0.841927 0.101852 0.0161458 0.0296296 0.487509
5 0.477083 0.192593 0.05625 0.0592593 0.499876
0 0.884375 0.772685 0.015625 0.0694444 0.566385
5 0.421615 0.2375 0.0786458 0.0990741 0.680586
2 0.0585938 0.643519 0.0588542 0.0888889 0.757905
2 0.428385 0.290278 0.0432292 0.0564815 0.766786
2 0.35 0.725926 0.0864583 0.162963 0.860786
