2 0.401823 0.287963 0.0432292 0.0444444 0.255069
2 0.397396 0.316667 0.0520833 0.0740741 0.286295
0 0.913281 0.763426 0.0130208 0.0509259 0.313026
9 0.871875 0.448148 0.0125 0.0462963 0.323746
2 0.871354 0.563426 0.0208333 0.0268519 0.347061
2 0.839063 0.112037 0.0177083 0.0240741 0.367736
0 0.93724 0.801389 0.0182292 0.0657407 0.374475
0 0.658854 0.3125 0.0135417 0.0768519 0.379317
0 0.910417 0.827778 0.01875 0.0777778 0.394849
0 0.888542 0.6125 0.0135417 0.0583333 0.401273
0 0.934635 0.5375 0.0119792 0.0638889 0.41895
0 0.892448 0.828704 0.0161458 0.0648148 0.419097
2 0.25 0.306481 0.0208333 0.0296296 0.423961
9 0.974219 0.736111 0.0119792 0.05 0.456757
5 0.440365 0.218519 0.115104 0.0944444 0.466896
2 0.386198 0.328241 0.0338542 0.0546296 0.497331
0 0.848177 0.838426 0.0171875 0.0712963 0.544694
2 0.48099 0.22963 0.0369792 0.0444444 0.574007
2 0.269531 0.363889 0.0265625 0.0555556 0.726596
2 0.444792 0.281019 0.0458333 0.0564815 0.76921
5 0.173438 0.455556 0.133333 0.2 0.831644
2 0.342969 0.709722 0.0817708 0.158333 0.892536
