7 0.668229 0.259722 0.06875 0.0972222 0.270773
3 0.644792 0.644907 0.0322917 0.0675926 0.275716
0 0.973698 0.739352 0.0109375 0.0527778 0.277052
9 0.973437 0.739815 0.0114583 0.0537037 0.294123
2 0.586979 0.186574 0.0239583 0.0361111 0.338182
0 0.642969 0.630556 0.0307292 0.0722222 0.362214
0 0.938021 0.793056 0.0208333 0.0694444 0.395559
0 0.913542 0.739352 0.0177083 0.0805556 0.410586
2 0.490365 0.269907 0.0369792 0.0435185 0.421663
0 0.928906 0.743519 0.0151042 0.0666667 0.423726
2 0.527604 0.237963 0.0322917 0.037037 0.439418
0 0.883854 0.477778 0.0104167 0.0592593 0.468085
0 0.904167 0.484259 0.0104167 0.0537037 0.500136
5 0.22474 0.313426 0.0526042 0.0972222 0.554956
2 0.464323 0.352778 0.0359375 0.0703704 0.556074
2 0.464844 0.40787 0.0348958 0.0601852 0.557159
2 0.554427 0.237037 0.0317708 0.0425926 0.574601
7 0.409896 0.378241 0.04375 0.147222 0.636485
2 0.227604 0.883333 0.0895833 0.192593 0.698699
2 0.5 0.471759 0.0697917 0.0972222 0.774247
2 0.433073 0.476389 0.0526042 0.087963 0.847509
2 0.438021 0.602315 0.0729167 0.125 0.868902
2 0.491667 0.553241 0.0791667 0.112037 0.880427
2 0.384375 0.506019 0.05 0.100926 0.883892
2 0.543229 0.439352 0.0677083 0.0805556 0.888837
