0 0.852083 0.815741 0.01875 0.0777778 0.257847
0 0.936719 0.800926 0.0161458 0.062963 0.288984
0 0.994531 0.63287 0.00989583 0.0675926 0.31065
2 0.480729 0.228704 0.0354167 0.0407407 0.339117
0 0.928385 0.747685 0.0151042 0.0638889 0.408465
0 0.890365 0.539815 0.0109375 0.0592593 0.413489
2 0.839583 0.108796 0.0145833 0.0268519 0.433956
7 0.241667 0.348611 0.04375 0.112037 0.465857
5 0.43125 0.224074 0.103125 0.1 0.489898
0 0.447656 0.6625 0.0317708 0.0972222 0.49624
0 0.973177 0.738426 0.0109375 0.0546296 0.499067
0 0.948958 0.749537 0.0125 0.0527778 0.542478
0 0.911458 0.750463 0.01875 0.0842593 0.55079
2 0.447917 0.273611 0.0427083 0.062037 0.691496
2 0.395573 0.319444 0.0557292 0.0703704 0.719235
2 0.280729 0.524537 0.0427083 0.102778 0.809212
2 0.78724 0.897685 0.143229 0.193519 0.917012
