5 0.445312 0.249074 0.0916667 0.1 0.260052
0 0.936198 0.800463 0.0161458 0.062037 0.296578
2 0.839583 0.110185 0.0145833 0.0259259 0.302673
0 0.902344 0.774074 0.0192708 0.0777778 0.33589
0 0.945312 0.749074 0.0125 0.0444444 0.337089
0 0.447135 0.659722 0.0307292 0.0935185 0.360187
9 0.973437 0.737963 0.0135417 0.0518519 0.383774
0 0.85 0.824537 0.0135417 0.0601852 0.416429
0 0.8875 0.568519 0.0125 0.0666667 0.425405
2 0.48151 0.228241 0.0348958 0.037963 0.481955
2 0.263802 0.324537 0.0244792 0.037963 0.609926
2 0.889844 0.956019 0.115104 0.087963 0.61268
5 0.442187 0.22037 0.122917 0.112963 0.620907
2 0.394792 0.323611 0.053125 0.0638889 0.681944
2 0.445573 0.276389 0.0484375 0.0638889 0.719546
5 0.23125 0.377315 0.053125 0.134259 0.743696
2 0.30625 0.622222 0.0604167 0.135185 0.872436
