0 0.447656 0.656944 0.0317708 0.087963 0.255805
9 0.0606771 0.641204 0.0151042 0.0546296 0.270442
0 0.929688 0.733333 0.0229167 0.062963 0.270945
9 0.351302 0.353704 0.0130208 0.0407407 0.309754
2 0.483594 0.230093 0.0317708 0.0324074 0.33411
2 0.839063 0.111574 0.015625 0.0268519 0.37039
7 0.210156 0.28287 0.0380208 0.075 0.383082
0 0.973437 0.738889 0.0125 0.0537037 0.394079
0 0.922917 0.723611 0.0166667 0.0712963 0.401899
0 0.0617188 0.64213 0.0140625 0.0527778 0.410036
2 0.45026 0.258796 0.0411458 0.0435185 0.441977
7 0.710417 0.776389 0.132292 0.212037 0.542895
0 0.881771 0.746296 0.0177083 0.0722222 0.56549
2 0.711198 0.775926 0.133854 0.212963 0.568918
5 0.436979 0.220833 0.107292 0.0972222 0.571799
0 0.89401 0.5 0.0119792 0.0611111 0.584413
2 0.395573 0.296759 0.0494792 0.0564815 0.757899
2 0.411719 0.349537 0.0484375 0.0675926 0.831425
2 0.477083 0.398148 0.0364583 0.0740741 0.848189
2 0.398438 0.44213 0.04375 0.0842593 0.854111
2 0.458073 0.533796 0.0661458 0.108333 0.866063
