0 0.93099 0.741667 0.0213542 0.0666667 0.257649
2 0.221354 0.305556 0.0479167 0.0833333 0.275868
9 0.973958 0.737037 0.0125 0.0537037 0.292045
0 0.973698 0.7375 0.0119792 0.0527778 0.309916
7 0.665104 0.255093 0.0614583 0.087963 0.320623
2 0.839844 0.108796 0.0151042 0.0268519 0.333145
0 0.890885 0.468056 0.00989583 0.0472222 0.333175
0 0.93724 0.799074 0.0213542 0.0648148 0.335435
0 0.0880208 0.510185 0.0260417 0.062963 0.353995
0 0.936458 0.663889 0.0145833 0.0592593 0.466079
2 0.958594 0.923611 0.0817708 0.149074 0.472159
0 0.876042 0.757407 0.0145833 0.0703704 0.521199
5 0.442448 0.218519 0.123438 0.109259 0.534068
2 0.479167 0.242593 0.04375 0.0666667 0.621576
5 0.220052 0.305093 0.0494792 0.0842593 0.622112
7 0.958594 0.923148 0.0817708 0.148148 0.647187
2 0.272917 0.340741 0.0260417 0.05 0.677415
2 0.396615 0.318056 0.0578125 0.0768519 0.707937
2 0.505469 0.6 0.0890625 0.12963 0.875112
2 0.720312 0.829167 0.127083 0.176852 0.913333
