0 0.974219 0.738426 0.0130208 0.0546296 0.250642
0 0.8625 0.894907 0.0229167 0.075 0.401616
2 0.254687 0.31713 0.0208333 0.0305556 0.417492
2 0.126563 0.568519 0.05 0.0851852 0.637885
5 0.465365 0.207407 0.0567708 0.0722222 0.644494
2 0.223438 0.468056 0.0645833 0.0916667 0.681577
2 0.372917 0.312037 0.0479167 0.0518519 0.688016
7 0.51849 0.824074 0.110937 0.187037 0.688319
2 0.16901 0.508333 0.0557292 0.0777778 0.694052
2 0.790104 0.300926 0.0302083 0.0518519 0.734499
5 0.408854 0.240278 0.0875 0.100926 0.781093
7 0.642187 0.778241 0.119792 0.239815 0.808439
2 0.349219 0.724537 0.0859375 0.163889 0.819097
