7 0.210156 0.283796 0.0401042 0.0768519 0.260219
0 0.926823 0.733796 0.0171875 0.075 0.29247
0 0.925 0.498148 0.0135417 0.0481481 0.308136
2 0.924479 0.965741 0.1 0.0666667 0.435154
2 0.210156 0.284259 0.0380208 0.0740741 0.440753
9 0.973958 0.736574 0.0114583 0.0527778 0.462973
0 0.904948 0.501389 0.0119792 0.0601852 0.498153
2 0.832552 0.142593 0.0192708 0.0277778 0.499562
0 0.882031 0.74537 0.0192708 0.0740741 0.508605
0 0.936458 0.796296 0.0229167 0.0685185 0.520717
5 0.442969 0.216667 0.122396 0.109259 0.526092
2 0.541667 0.18287 0.0260417 0.0305556 0.528313
2 0.516667 0.248148 0.0333333 0.0425926 0.573158
2 0.395833 0.295833 0.0489583 0.0583333 0.634516
2 0.45026 0.488889 0.0651042 0.118519 0.719525
2 0.460156 0.296759 0.0463542 0.0527778 0.729322
2 0.390885 0.384259 0.0421875 0.0722222 0.764021
2 0.40651 0.439815 0.0338542 0.0685185 0.813477
2 0.641406 0.6 0.0942708 0.135185 0.824084
2 0.765104 0.813426 0.120833 0.15463 0.856899
2 0.7375 0.922222 0.136458 0.151852 0.868379
7 0.533073 0.603241 0.146354 0.256481 0.896325
