0 0.917708 0.739815 0.0229167 0.0740741 0.276664
0 0.885417 0.47037 0.0104167 0.05 0.289406
7 0.666146 0.257407 0.0645833 0.0925926 0.308493
0 0.603646 0.593518 0.0322917 0.0703704 0.327833
2 0.59401 0.182407 0.0223958 0.0333333 0.329625
9 0.973698 0.738889 0.0109375 0.0537037 0.336669
0 0.928906 0.740278 0.0161458 0.0712963 0.370496
0 0.93776 0.792593 0.0213542 0.0703704 0.390146
2 0.4875 0.270833 0.0447917 0.0453704 0.43376
5 0.222396 0.307407 0.0583333 0.105556 0.440433
2 0.464583 0.402315 0.0364583 0.0712963 0.443532
0 0.904167 0.483796 0.0104167 0.0527778 0.494468
3 0.604427 0.600926 0.0348958 0.0759259 0.495043
2 0.464063 0.352315 0.0364583 0.0694444 0.51307
2 0.567448 0.222222 0.0328125 0.0425926 0.547288
2 0.530729 0.236111 0.0385417 0.0388889 0.562294
2 0.227865 0.883333 0.0890625 0.192593 0.635467
7 0.409896 0.378704 0.04375 0.146296 0.674363
7 0.0908854 0.559259 0.0848958 0.148148 0.730017
2 0.498958 0.471296 0.06875 0.0944444 0.752076
2 0.433333 0.477315 0.0520833 0.087963 0.822798
2 0.491927 0.553704 0.0786458 0.111111 0.860939
2 0.438021 0.602315 0.0729167 0.125 0.863571
2 0.543229 0.439815 0.06875 0.0814815 0.877209
2 0.384375 0.506019 0.05 0.100926 0.881163
