0 0.873177 0.44537 0.00989583 0.05 0.256527
7 0.210417 0.501852 0.0739583 0.222222 0.2666
2 0.866927 0.961574 0.0932292 0.075 0.28451
0 0.913802 0.739352 0.0151042 0.0601852 0.312244
0 0.936458 0.797222 0.0177083 0.062963 0.320509
7 0.6625 0.252778 0.05625 0.0833333 0.326362
2 0.459115 0.300463 0.0401042 0.0453704 0.332299
2 0.490365 0.27037 0.0380208 0.0407407 0.335038
7 0.866406 0.961111 0.0932292 0.0759259 0.335922
9 0.973958 0.737963 0.0125 0.0537037 0.351979
2 0.53099 0.236574 0.0390625 0.037963 0.359807
2 0.265104 0.375463 0.0270833 0.0564815 0.366439
0 0.895573 0.452778 0.00989583 0.0555556 0.43883
0 0.929167 0.738426 0.0145833 0.0694444 0.441859
5 0.227083 0.323148 0.0541667 0.103704 0.510404
0 0.886198 0.649074 0.0130208 0.0685185 0.540077
7 0.415885 0.416667 0.0546875 0.168519 0.606605
2 0.761719 0.380093 0.0432292 0.0638889 0.680691
2 0.510938 0.485185 0.0635417 0.0814815 0.68097
5 0.503906 0.180093 0.0963542 0.0953704 0.707217
2 0.482552 0.343056 0.0348958 0.062037 0.725362
5 0.210938 0.500926 0.0729167 0.22037 0.784565
2 0.473698 0.418981 0.0463542 0.0916667 0.787015
2 0.622656 0.594907 0.104687 0.143519 0.813597
2 0.509375 0.695833 0.0958333 0.150926 0.856596
2 0.497396 0.550463 0.0760417 0.108333 0.883074
2 0.688281 0.756019 0.120312 0.165741 0.894654
