7 0.668229 0.260185 0.06875 0.0981481 0.286252
3 0.626042 0.625 0.0322917 0.0685185 0.336566
0 0.913281 0.739815 0.0171875 0.0777778 0.345109
9 0.973698 0.738889 0.0109375 0.0518519 0.346054
0 0.620573 0.609722 0.0244792 0.0638889 0.358012
0 0.938021 0.793056 0.0208333 0.0694444 0.363504
0 0.929167 0.740741 0.015625 0.0703704 0.38731
2 0.591146 0.184259 0.0208333 0.0351852 0.387483
0 0.884115 0.476852 0.0119792 0.0611111 0.389348
2 0.4875 0.270833 0.0447917 0.0453704 0.472455
5 0.221354 0.305093 0.0604167 0.113889 0.482864
2 0.465104 0.404167 0.0364583 0.0675926 0.50835
2 0.557813 0.231019 0.028125 0.0453704 0.523775
0 0.903906 0.483796 0.0109375 0.0546296 0.524345
2 0.528906 0.237037 0.0338542 0.037037 0.525514
7 0.0466146 0.599074 0.0838542 0.138889 0.550733
2 0.464063 0.352778 0.0364583 0.0703704 0.576357
2 0.227344 0.88287 0.0901042 0.191667 0.648285
7 0.409896 0.378704 0.04375 0.146296 0.70117
2 0.49974 0.472222 0.0692708 0.1 0.766862
2 0.433073 0.476852 0.0526042 0.0888889 0.834496
2 0.438021 0.602315 0.0729167 0.125 0.864524
2 0.491667 0.554167 0.0791667 0.112037 0.865549
2 0.542969 0.439815 0.0682292 0.0814815 0.882642
2 0.384375 0.506019 0.05 0.100926 0.884411
