2 0.561719 0.207407 0.0307292 0.037037 0.274003
7 0.241406 0.380093 0.0453125 0.10463 0.283521
5 0.410156 0.384259 0.0421875 0.148148 0.302777
5 0.241406 0.381019 0.0442708 0.100926 0.307494
0 0.903906 0.480556 0.00989583 0.0555556 0.323119
0 0.928906 0.742593 0.0130208 0.0685185 0.368992
0 0.973958 0.738889 0.0114583 0.0518519 0.382927
9 0.973958 0.738426 0.0114583 0.0527778 0.3866
0 0.886458 0.568981 0.0125 0.0657407 0.399348
0 0.936979 0.793519 0.0197917 0.0685185 0.421933
7 0.670313 0.263889 0.06875 0.103704 0.45226
2 0.530729 0.2375 0.0375 0.0398148 0.457603
2 0.500781 0.303704 0.0401042 0.0574074 0.547421
5 0.210417 0.279167 0.0541667 0.0953704 0.550289
2 0.461979 0.371296 0.0333333 0.0759259 0.583553
7 0.63724 0.818981 0.121354 0.171296 0.612786
7 0.410156 0.383333 0.0432292 0.148148 0.693654
2 0.477083 0.434259 0.046875 0.0777778 0.762275
2 0.53724 0.505093 0.0838542 0.125 0.824121
2 0.447656 0.496296 0.0598958 0.0962963 0.834827
2 0.413281 0.559722 0.0651042 0.113889 0.859935
2 0.620313 0.461111 0.0864583 0.0759259 0.890214
2 0.552344 0.615741 0.0942708 0.12963 0.912833
