0 0.959635 0.816204 0.0213542 0.0638889 0.272448
0 0.91276 0.739815 0.0161458 0.0703704 0.310306
0 0.886979 0.549074 0.0125 0.0592593 0.318913
9 0.410417 0.381019 0.0427083 0.14537 0.33489
5 0.208073 0.272222 0.0505208 0.0833333 0.35149
7 0.278125 0.95 0.0947917 0.0981481 0.373305
5 0.238021 0.348148 0.053125 0.12037 0.383587
2 0.278125 0.948611 0.0958333 0.0972222 0.417749
0 0.903385 0.481944 0.00989583 0.0564815 0.423869
0 0.928906 0.742593 0.0140625 0.0703704 0.43888
0 0.93776 0.793519 0.0203125 0.0685185 0.442334
9 0.973698 0.738426 0.0119792 0.0509259 0.453951
2 0.56224 0.205093 0.0296875 0.0342593 0.45879
2 0.530729 0.237037 0.0364583 0.0388889 0.489615
2 0.506771 0.297685 0.0427083 0.0527778 0.510038
2 0.4625 0.361111 0.0354167 0.0703704 0.531741
7 0.410156 0.381019 0.0442708 0.147222 0.637492
2 0.566146 0.755093 0.10625 0.158333 0.663624
2 0.470052 0.421759 0.0432292 0.0768519 0.757241
2 0.527604 0.589352 0.090625 0.121296 0.820157
2 0.4 0.535185 0.0583333 0.112963 0.830987
2 0.52474 0.494444 0.0786458 0.114815 0.849397
2 0.442187 0.49213 0.0583333 0.0972222 0.869467
2 0.580729 0.456019 0.078125 0.0824074 0.878385
