9 0.351823 0.352315 0.0140625 0.0435185 0.298366
0 0.905469 0.379167 0.00885417 0.0453704 0.324671
2 0.255469 0.317593 0.0223958 0.0314815 0.328031
2 0.196615 0.475463 0.0598958 0.0805556 0.349505
9 0.974219 0.737037 0.0119792 0.0518519 0.426815
0 0.859896 0.910648 0.0208333 0.0546296 0.517283
2 0.389062 0.299537 0.0447917 0.0509259 0.53471
7 0.472135 0.906482 0.126563 0.181481 0.602015
5 0.434896 0.225926 0.128125 0.122222 0.658314
2 0.139062 0.55787 0.0677083 0.113889 0.738259
2 0.78099 0.325926 0.0348958 0.0555556 0.762782
7 0.610156 0.863889 0.136979 0.266667 0.810899
2 0.349219 0.725463 0.0859375 0.162037 0.84261
2 0.244531 0.451852 0.0630208 0.0925926 0.882034
