0 0.973698 0.739815 0.0119792 0.0574074 0.263201
0 0.449219 0.661111 0.0338542 0.0944444 0.317786
2 0.842969 0.0990741 0.0140625 0.0259259 0.323064
0 0.907552 0.412963 0.0119792 0.0518519 0.370138
0 0.883594 0.858796 0.0182292 0.062037 0.454794
2 0.277604 0.416667 0.0666667 0.0925926 0.583131
2 0.461198 0.244444 0.0369792 0.0444444 0.687819
5 0.44349 0.222685 0.118229 0.115741 0.744972
2 0.348958 0.723611 0.0854167 0.165741 0.793743
2 0.21901 0.442593 0.0598958 0.0833333 0.81867
2 0.370313 0.338889 0.0479167 0.0703704 0.827194
2 0.647396 0.754167 0.0927083 0.163889 0.860274
