7 0.950521 0.298148 0.0989583 0.596296 0.300775
0 0.905729 0.397222 0.009375 0.0481481 0.356456
2 0.18776 0.514815 0.0369792 0.0592593 0.370859
0 0.896875 0.949537 0.0260417 0.0768519 0.390065
0 0.851823 0.981481 0.0286458 0.0351852 0.420741
0 0.0861979 0.509722 0.0223958 0.0583333 0.49207
0 0.878646 0.936111 0.0166667 0.0574074 0.495923
2 0.430729 0.267593 0.0416667 0.0537037 0.511903
2 0.258073 0.31713 0.0276042 0.0361111 0.511926
2 0.215625 0.478704 0.0572917 0.0888889 0.623223
2 0.300521 0.395833 0.0677083 0.0842593 0.725943
2 0.75026 0.448611 0.0494792 0.0842593 0.780855
2 0.349219 0.724074 0.0848958 0.166667 0.789352
5 0.441406 0.22037 0.121354 0.116667 0.799489
2 0.0835937 0.571296 0.0640625 0.0907407 0.8606
