9 0.974219 0.738426 0.0119792 0.0546296 0.270134
0 0.906771 0.368981 0.0104167 0.0546296 0.390067
7 0.572917 0.706944 0.0916667 0.149074 0.463189
2 0.572656 0.706481 0.0911458 0.15 0.478237
2 0.351823 0.330556 0.0473958 0.062963 0.530947
0 0.865885 0.880556 0.0223958 0.0814815 0.584367
2 0.795573 0.271759 0.0276042 0.0490741 0.594162
2 0.12526 0.550463 0.0473958 0.0731481 0.696535
2 0.0776042 0.621759 0.0770833 0.117593 0.7602
5 0.422656 0.236574 0.125521 0.121296 0.78165
7 0.678646 0.677778 0.103125 0.209259 0.806779
2 0.349219 0.725 0.0859375 0.162963 0.829744
2 0.195573 0.494444 0.0651042 0.0944444 0.84318
