2 0.842969 0.105093 0.0182292 0.0361111 0.255126
0 0.840104 0.893519 0.0177083 0.0611111 0.25884
3 0.395833 0.319907 0.053125 0.0712963 0.266991
0 0.909635 0.65 0.0140625 0.0611111 0.316323
0 0.93724 0.799074 0.0182292 0.0666667 0.337753
2 0.480729 0.228241 0.0375 0.0416667 0.338846
9 0.973958 0.737963 0.0114583 0.0537037 0.425152
5 0.441146 0.222222 0.119792 0.107407 0.487346
2 0.396875 0.318981 0.0541667 0.0731481 0.561829
0 0.891146 0.653704 0.0125 0.0685185 0.561917
0 0.904167 0.824074 0.0239583 0.0796296 0.568834
0 0.923958 0.505093 0.0125 0.0601852 0.582068
2 0.445312 0.280093 0.046875 0.0583333 0.707843
2 0.252083 0.418056 0.0427083 0.0657407 0.782076
2 0.347917 0.722685 0.0854167 0.160185 0.868243
5 0.113802 0.520833 0.165104 0.228704 0.913811
