0 0.923698 0.919444 0.0203125 0.0833333 0.295703
2 0.841146 0.103704 0.0166667 0.0277778 0.338813
0 0.910677 0.696759 0.0119792 0.0342593 0.361737
7 0.94974 0.298148 0.100521 0.596296 0.385282
7 0.0424479 0.594907 0.0848958 0.134259 0.435284
9 0.974479 0.738426 0.0125 0.0527778 0.461547
2 0.48099 0.229167 0.0369792 0.0435185 0.492974
0 0.890885 0.710185 0.0151042 0.0722222 0.579133
5 0.0429688 0.594907 0.0859375 0.136111 0.695252
5 0.442448 0.219907 0.122396 0.112037 0.695891
2 0.382552 0.327778 0.0557292 0.0759259 0.758892
2 0.446615 0.27963 0.0463542 0.0574074 0.815572
2 0.349479 0.725 0.0864583 0.166667 0.829597
2 0.16224 0.533796 0.0630208 0.0898148 0.850918
