9 0.974219 0.738426 0.0119792 0.0527778 0.36524
0 0.926562 0.949074 0.0208333 0.0796296 0.39615
7 0.949479 0.297685 0.101042 0.59537 0.406126
0 0.890885 0.720833 0.0140625 0.0638889 0.414422
0 0.908594 0.708333 0.0140625 0.0425926 0.419539
2 0.841146 0.103241 0.0166667 0.0287037 0.449108
2 0.482031 0.229167 0.0359375 0.0453704 0.461468
5 0.441146 0.225926 0.121875 0.111111 0.554178
7 0.0304688 0.612037 0.0609375 0.12037 0.569155
2 0.138802 0.556481 0.0630208 0.0888889 0.799596
2 0.445833 0.27963 0.0458333 0.0555556 0.813717
2 0.34974 0.725 0.0859375 0.166667 0.826691
2 0.377083 0.330093 0.0583333 0.0861111 0.830242
