2 0.833854 0.137963 0.0145833 0.0259259 0.342069
9 0.973698 0.737963 0.0119792 0.0537037 0.352447
0 0.921094 0.478704 0.0119792 0.0555556 0.359938
7 0.811198 0.961111 0.111979 0.0759259 0.376157
2 0.210156 0.285648 0.0380208 0.0731481 0.430865
2 0.464063 0.506944 0.075 0.126852 0.519008
2 0.525521 0.194907 0.028125 0.0324074 0.532732
2 0.949479 0.925463 0.101042 0.141667 0.537545
0 0.903906 0.476852 0.0119792 0.0555556 0.553785
2 0.451562 0.256944 0.0416667 0.0472222 0.570628
0 0.936719 0.796296 0.0223958 0.0722222 0.574386
0 0.882292 0.745833 0.0177083 0.0731481 0.583182
2 0.396354 0.294907 0.0520833 0.0564815 0.66614
7 0.464323 0.506481 0.0755208 0.125926 0.672448
2 0.49974 0.264815 0.0348958 0.0462963 0.731753
2 0.390625 0.388889 0.0385417 0.0722222 0.732672
5 0.44375 0.21713 0.123958 0.108333 0.750423
2 0.43724 0.321296 0.0505208 0.0574074 0.785088
2 0.408333 0.440741 0.0385417 0.0703704 0.790905
2 0.720833 0.675463 0.108333 0.14537 0.84119
7 0.588281 0.669444 0.170312 0.290741 0.906526
