0 0.0867188 0.511111 0.0244792 0.0611111 0.260538
5 0.478125 0.193056 0.0510417 0.0564815 0.307423
0 0.909896 0.446759 0.0125 0.0564815 0.336097
0 0.904688 0.749074 0.0177083 0.0648148 0.344617
2 0.479688 0.22963 0.0322917 0.037037 0.380561
0 0.88724 0.748148 0.0161458 0.0722222 0.458367
9 0.974219 0.7375 0.0130208 0.0509259 0.546822
5 0.426042 0.230556 0.084375 0.0981481 0.587974
2 0.359635 0.34213 0.0598958 0.0824074 0.655366
2 0.0869792 0.612963 0.0666667 0.0925926 0.762271
2 0.436458 0.283333 0.046875 0.0574074 0.782295
2 0.35 0.726389 0.0854167 0.163889 0.847844
