2 0.841146 0.100463 0.015625 0.0268519 0.250264
0 0.896094 0.422222 0.00989583 0.0481481 0.267793
9 0.973698 0.737963 0.0130208 0.0555556 0.294198
0 0.9125 0.738426 0.015625 0.062037 0.321588
7 0.664323 0.256944 0.0588542 0.0898148 0.334867
2 0.528906 0.238889 0.0359375 0.0388889 0.356386
2 0.488542 0.271296 0.0416667 0.0444444 0.407219
2 0.458854 0.299074 0.040625 0.0425926 0.419797
2 0.790365 0.293981 0.0265625 0.0435185 0.516441
0 0.928385 0.740278 0.0140625 0.0712963 0.530649
2 0.272917 0.330093 0.034375 0.0638889 0.556935
0 0.880208 0.711574 0.015625 0.075 0.562864
2 0.196875 0.491204 0.0541667 0.0842593 0.65484
2 0.479948 0.373148 0.0338542 0.0777778 0.682857
2 0.707292 0.672222 0.123958 0.168519 0.819441
7 0.428906 0.456019 0.0755208 0.182407 0.824209
5 0.470052 0.204167 0.109896 0.106481 0.825483
2 0.555469 0.526852 0.0723958 0.0962963 0.843184
2 0.495833 0.45 0.059375 0.1 0.871075
5 0.230469 0.69213 0.104687 0.363889 0.880628
2 0.60026 0.807407 0.118229 0.177778 0.890953
2 0.555469 0.616667 0.0880208 0.124074 0.904991
2 0.76901 0.849537 0.127604 0.187963 0.911562
