2 0.840104 0.108333 0.015625 0.0277778 0.258635
7 0.866927 0.944444 0.114063 0.111111 0.268916
9 0.973958 0.737037 0.0125 0.0537037 0.280728
0 0.973698 0.737963 0.0119792 0.0537037 0.280782
7 0.665625 0.256481 0.0625 0.0888889 0.287519
2 0.222135 0.305093 0.0411458 0.0768519 0.309919
2 0.866406 0.943056 0.113021 0.110185 0.346626
0 0.890885 0.462963 0.00989583 0.0462963 0.374688
0 0.933333 0.65463 0.0145833 0.0648148 0.414439
2 0.451042 0.256944 0.0447917 0.0472222 0.422488
0 0.0877604 0.510185 0.0255208 0.062963 0.441983
5 0.219531 0.303704 0.0453125 0.0796296 0.461491
0 0.875781 0.750926 0.0130208 0.0666667 0.506373
2 0.486198 0.238889 0.0432292 0.0592593 0.603058
2 0.398177 0.313889 0.0567708 0.0814815 0.60773
5 0.442448 0.217593 0.123438 0.107407 0.675762
2 0.271354 0.334722 0.0270833 0.0435185 0.699245
2 0.932031 0.897222 0.110937 0.164815 0.74832
2 0.479688 0.573611 0.0895833 0.125 0.853352
2 0.68724 0.796759 0.123438 0.169444 0.910753
