58 0.0289063 0.785185 0.0557292 0.146296 0.251233
2 0.593229 0.146296 0.0208333 0.0277778 0.26009
7 0.210938 0.285648 0.0395833 0.0712963 0.262323
0 0.917969 0.71713 0.0151042 0.0694444 0.265868
7 0.248698 0.817593 0.192188 0.364815 0.310965
0 0.9375 0.793981 0.0208333 0.0694444 0.380337
2 0.210417 0.284259 0.0385417 0.0722222 0.389936
0 0.0109375 0.984259 0.0197917 0.0296296 0.392135
5 0.476823 0.209259 0.0557292 0.0925926 0.396598
9 0.974219 0.7375 0.0119792 0.0527778 0.396741
7 0.6625 0.251852 0.0552083 0.0777778 0.415952
2 0.510677 0.25463 0.0421875 0.0444444 0.425081
7 0.515625 0.462037 0.0572917 0.087037 0.437552
2 0.515365 0.462037 0.0578125 0.0851852 0.43996
2 0.258594 0.8875 0.166146 0.225 0.440009
2 0.397396 0.293981 0.046875 0.0601852 0.446838
5 0.436198 0.219444 0.106771 0.1 0.456253
2 0.547917 0.221296 0.0333333 0.0407407 0.472881
5 0.246094 0.812037 0.193229 0.372222 0.479064
0 0.929167 0.743056 0.015625 0.0657407 0.491263
2 0.82474 0.175 0.0182292 0.0314815 0.544794
2 0.401563 0.398611 0.0375 0.0694444 0.637574
0 0.88151 0.745833 0.0203125 0.0768519 0.652914
2 0.918229 0.87963 0.102083 0.161111 0.702543
2 0.447135 0.309259 0.0432292 0.0537037 0.708945
7 0.307552 0.664815 0.0838542 0.188889 0.760363
2 0.435417 0.472685 0.0541667 0.113889 0.763678
2 0.677604 0.627778 0.110417 0.148148 0.887186
7 0.517448 0.582407 0.139062 0.248148 0.902107
2 0.668229 0.726852 0.110417 0.15 0.911332
2 0.795833 0.87963 0.130208 0.192593 0.918727
2 0.658073 0.866204 0.132812 0.189815 0.921476
