0 0.955729 0.573611 0.0104167 0.0583333 0.26071
2 0.403125 0.302315 0.0416667 0.0546296 0.307182
0 0.903646 0.590741 0.015625 0.062963 0.336908
9 0.974219 0.7375 0.0130208 0.0527778 0.337703
0 0.448177 0.660648 0.0317708 0.0935185 0.344815
2 0.240365 0.284259 0.0182292 0.0333333 0.384881
0 0.935417 0.798148 0.01875 0.0703704 0.409284
0 0.916667 0.778241 0.015625 0.0583333 0.42827
0 0.849479 0.823611 0.0135417 0.0601852 0.471104
2 0.839583 0.109722 0.0166667 0.0268519 0.490145
2 0.480729 0.228241 0.0354167 0.0416667 0.496865
2 0.384375 0.325 0.0333333 0.0574074 0.526487
2 0.26849 0.3375 0.0265625 0.0416667 0.545074
5 0.430469 0.225 0.0921875 0.0944444 0.584338
0 0.898958 0.782407 0.015625 0.0722222 0.597541
0 0.888021 0.584722 0.0125 0.0638889 0.605224
5 0.216667 0.400926 0.0770833 0.161111 0.733566
2 0.445312 0.279167 0.046875 0.0638889 0.762464
2 0.322917 0.665741 0.071875 0.148148 0.887446
