9 0.973958 0.738889 0.0125 0.0537037 0.26339
0 0.886458 0.454167 0.0114583 0.0527778 0.275295
0 0.973437 0.739352 0.0125 0.0527778 0.306019
2 0.839583 0.114352 0.0145833 0.0398148 0.356973
7 0.666927 0.256019 0.0651042 0.087963 0.390346
0 0.922656 0.727315 0.0203125 0.0768519 0.404732
0 0.930208 0.737037 0.0197917 0.0648148 0.417397
2 0.45026 0.259259 0.0401042 0.0444444 0.443298
2 0.501042 0.213426 0.0333333 0.037963 0.477126
2 0.209635 0.281019 0.0369792 0.0787037 0.531415
0 0.882031 0.746296 0.0182292 0.0759259 0.537705
5 0.441406 0.218981 0.122396 0.110185 0.648937
2 0.947135 0.906482 0.102604 0.177778 0.66335
2 0.553385 0.60463 0.100521 0.161111 0.70506
2 0.413542 0.453704 0.0447917 0.0722222 0.720668
2 0.395573 0.295833 0.0494792 0.0564815 0.744189
2 0.477604 0.296296 0.03125 0.0518519 0.74648
2 0.389323 0.393519 0.0338542 0.0685185 0.78618
7 0.759115 0.82963 0.213021 0.333333 0.852105
2 0.422917 0.335648 0.05 0.0601852 0.868183
