0 0.0585938 0.62037 0.0130208 0.0462963 0.281188
0 0.935938 0.797222 0.021875 0.0685185 0.32698
2 0.448958 0.25787 0.0416667 0.0472222 0.333496
7 0.66276 0.252778 0.0567708 0.0814815 0.343662
9 0.974219 0.737037 0.0119792 0.0537037 0.396121
2 0.209635 0.283796 0.0369792 0.075 0.401547
0 0.889063 0.450926 0.015625 0.103704 0.416522
0 0.882031 0.746296 0.0182292 0.0740741 0.502481
7 0.620052 0.675926 0.120312 0.181481 0.517109
2 0.396094 0.296296 0.0494792 0.0592593 0.557491
5 0.441406 0.219444 0.125521 0.109259 0.623742
2 0.390885 0.400926 0.0338542 0.0796296 0.783341
2 0.470833 0.32963 0.0270833 0.0574074 0.809593
2 0.419271 0.338426 0.0510417 0.062037 0.815347
2 0.427604 0.483796 0.046875 0.0787037 0.817737
5 0.852604 0.877778 0.208333 0.240741 0.880822
