7 0.663021 0.253241 0.0583333 0.0824074 0.278182
0 0.93724 0.79537 0.0182292 0.0592593 0.298358
2 0.831771 0.144444 0.015625 0.0277778 0.403605
0 0.90625 0.506481 0.0125 0.062963 0.446434
2 0.544531 0.181019 0.0255208 0.0305556 0.46373
2 0.210417 0.284259 0.0385417 0.0722222 0.482826
2 0.905469 0.955556 0.111979 0.0888889 0.49038
5 0.44349 0.216667 0.121354 0.111111 0.54501
9 0.973958 0.736111 0.0114583 0.05 0.551571
0 0.88151 0.745833 0.0182292 0.0731481 0.572877
2 0.395833 0.29537 0.0489583 0.0574074 0.663937
2 0.465885 0.293519 0.0473958 0.0537037 0.691356
2 0.445833 0.489352 0.05625 0.119444 0.696847
2 0.520573 0.24537 0.0359375 0.0444444 0.699902
2 0.406771 0.438889 0.034375 0.0722222 0.717679
2 0.629427 0.5875 0.0942708 0.134259 0.725253
2 0.391667 0.379167 0.0416667 0.0712963 0.725781
2 0.735677 0.789352 0.118229 0.160185 0.870945
7 0.527083 0.597222 0.14375 0.253704 0.895439
2 0.72526 0.917593 0.135937 0.162963 0.908347
