2 0.795052 0.30787 0.0380208 0.0805556 0.304158
9 0.350521 0.353704 0.0145833 0.0444444 0.318157
0 0.934115 0.669907 0.0182292 0.0731481 0.355282
9 0.973177 0.737037 0.0140625 0.0537037 0.41927
7 0.794531 0.30787 0.0369792 0.0805556 0.423845
0 0.0864583 0.511111 0.021875 0.0611111 0.47123
2 0.758073 0.275 0.0296875 0.0481481 0.549855
2 0.510677 0.21713 0.0338542 0.0398148 0.559909
5 0.391146 0.25787 0.0708333 0.0861111 0.604198
2 0.567969 0.205093 0.0286458 0.037963 0.626526
2 0.828125 0.154167 0.0166667 0.025 0.647507
0 0.885156 0.721759 0.0223958 0.0861111 0.677654
2 0.496094 0.260185 0.0369792 0.0518519 0.718061
5 0.317969 0.313426 0.100521 0.139815 0.728417
2 0.826042 0.912037 0.1 0.174074 0.799971
2 0.34974 0.725463 0.0859375 0.163889 0.837961
2 0.0794271 0.573611 0.0598958 0.0805556 0.859778
2 0.474479 0.925926 0.1125 0.146296 0.878593
