0 0.959635 0.813426 0.0213542 0.062037 0.262435
9 0.351302 0.350463 0.0130208 0.0435185 0.26585
0 0.913021 0.739352 0.015625 0.0694444 0.304266
7 0.239583 0.377315 0.04375 0.139815 0.336878
9 0.973958 0.738426 0.0114583 0.0546296 0.346736
0 0.973958 0.738889 0.0114583 0.0537037 0.354935
5 0.409896 0.389815 0.04375 0.153704 0.403746
2 0.529688 0.237963 0.0385417 0.0388889 0.419695
0 0.936979 0.793056 0.0197917 0.0694444 0.478251
2 0.498177 0.30787 0.0390625 0.0546296 0.481948
5 0.211979 0.278704 0.05625 0.0944444 0.487889
0 0.903646 0.481019 0.0104167 0.0564815 0.490098
7 0.671354 0.265278 0.0729167 0.106481 0.525813
0 0.928385 0.742593 0.0140625 0.0685185 0.570208
2 0.67474 0.853704 0.126563 0.17963 0.588103
0 0.886719 0.576389 0.0119792 0.0675926 0.615793
7 0.409896 0.3875 0.0447917 0.15463 0.645363
2 0.461458 0.377315 0.0322917 0.0787037 0.668711
2 0.648177 0.460185 0.0859375 0.0722222 0.773516
2 0.451562 0.498611 0.0625 0.0990741 0.813594
2 0.480469 0.442593 0.0463542 0.0796296 0.822656
2 0.546354 0.513889 0.084375 0.12037 0.828529
2 0.421875 0.572222 0.0677083 0.118519 0.87218
2 0.565104 0.630093 0.0989583 0.134259 0.893505
