2 0.561458 0.20787 0.03125 0.037963 0.263777
5 0.410156 0.387037 0.0421875 0.155556 0.273842
0 0.903906 0.480556 0.00989583 0.0555556 0.31904
0 0.928906 0.74213 0.0130208 0.0694444 0.345317
7 0.241406 0.372685 0.0463542 0.126852 0.368572
7 0.649219 0.832407 0.123438 0.177778 0.370258
9 0.973958 0.738426 0.0114583 0.0527778 0.382486
0 0.973958 0.738889 0.0114583 0.0518519 0.386044
0 0.936979 0.793519 0.0197917 0.0685185 0.42966
2 0.530729 0.237037 0.0375 0.0388889 0.449693
7 0.670313 0.263889 0.06875 0.103704 0.459152
0 0.885938 0.57037 0.0125 0.0666667 0.48455
5 0.210417 0.278704 0.053125 0.0962963 0.526221
2 0.649479 0.833333 0.123958 0.177778 0.551861
2 0.50026 0.304167 0.0401042 0.0564815 0.552558
2 0.461719 0.372222 0.0328125 0.0759259 0.651231
7 0.410417 0.385185 0.04375 0.155556 0.736257
2 0.477604 0.438426 0.0479167 0.0805556 0.764411
2 0.449219 0.495833 0.0598958 0.0972222 0.797873
2 0.540365 0.503704 0.0848958 0.125926 0.824266
2 0.630208 0.461574 0.0875 0.0768519 0.866136
2 0.415885 0.5625 0.0661458 0.115741 0.880857
2 0.557031 0.618981 0.0953125 0.128704 0.900533
