0 0.91224 0.864815 0.0171875 0.0518519 0.281187
2 0.841667 0.105556 0.0166667 0.0333333 0.326707
0 0.910417 0.624537 0.0114583 0.0398148 0.332498
2 0.48099 0.228241 0.0369792 0.0416667 0.348998
0 0.84375 0.860185 0.0177083 0.0481481 0.369852
2 0.254167 0.314815 0.021875 0.0314815 0.409598
9 0.973958 0.738889 0.0114583 0.0537037 0.415705
0 0.891406 0.633333 0.0130208 0.0518519 0.508947
5 0.441406 0.222222 0.120312 0.107407 0.514384
0 0.927604 0.515278 0.0135417 0.062037 0.53606
2 0.396094 0.318519 0.0536458 0.0722222 0.579917
0 0.904688 0.796759 0.0208333 0.0712963 0.618223
2 0.261458 0.394444 0.03125 0.0611111 0.714907
2 0.445312 0.280093 0.046875 0.062037 0.719396
2 0.346094 0.716667 0.0838542 0.157407 0.893347
5 0.1375 0.496759 0.15625 0.210185 0.913142
