5 0.209896 0.284259 0.0375 0.0722222 0.256263
7 0.952865 0.300463 0.0932292 0.599074 0.296998
2 0.842448 0.101389 0.0140625 0.0287037 0.303559
0 0.910937 0.746759 0.0125 0.0546296 0.33558
9 0.351562 0.351852 0.0135417 0.0425926 0.362495
2 0.209896 0.283796 0.0375 0.0712963 0.374994
7 0.190625 0.672685 0.0885417 0.350926 0.38463
0 0.928646 0.739815 0.015625 0.0703704 0.394667
7 0.664062 0.253241 0.0604167 0.0842593 0.409065
0 0.935156 0.798148 0.0203125 0.0703704 0.44364
2 0.555469 0.2125 0.0296875 0.0416667 0.44616
9 0.974479 0.738426 0.0114583 0.0527778 0.464433
2 0.819792 0.185648 0.0177083 0.0287037 0.498359
2 0.408333 0.287037 0.046875 0.0574074 0.526868
2 0.470313 0.287963 0.04375 0.05 0.546838
7 0.425781 0.452778 0.0505208 0.112963 0.547371
2 0.498958 0.436574 0.053125 0.0898148 0.556475
2 0.519531 0.246759 0.0380208 0.0435185 0.558015
0 0.88099 0.745833 0.0203125 0.075 0.600923
2 0.409115 0.368519 0.0432292 0.0703704 0.634133
7 0.277865 0.540741 0.0546875 0.138889 0.657387
5 0.44375 0.215741 0.11875 0.103704 0.670061
5 0.190365 0.671296 0.0890625 0.353704 0.773502
2 0.592969 0.552778 0.0911458 0.12963 0.853022
2 0.792969 0.753704 0.101562 0.146296 0.877388
7 0.506771 0.573611 0.134375 0.249074 0.889422
2 0.669271 0.728241 0.110417 0.152778 0.895912
2 0.646094 0.857407 0.139062 0.188889 0.911093
2 0.796094 0.878704 0.130729 0.190741 0.914711
