9 0.351823 0.353241 0.0130208 0.0416667 0.268663
0 0.352344 0.353704 0.0119792 0.0407407 0.270126
7 0.232812 0.336574 0.0572917 0.106481 0.275158
0 0.872917 0.442593 0.0104167 0.0537037 0.293304
2 0.840625 0.0981481 0.0166667 0.0296296 0.298656
5 0.233854 0.3375 0.0572917 0.106481 0.355642
0 0.913542 0.733796 0.0166667 0.0712963 0.381175
9 0.973698 0.738889 0.0119792 0.0518519 0.405754
0 0.895312 0.434722 0.009375 0.0472222 0.41104
2 0.266146 0.315278 0.0354167 0.0601852 0.422846
7 0.665104 0.256944 0.0604167 0.0916667 0.436512
0 0.928646 0.741667 0.0145833 0.0703704 0.454032
2 0.48776 0.27037 0.0421875 0.0444444 0.465069
2 0.459896 0.298611 0.04375 0.0435185 0.474562
0 0.936979 0.794444 0.0208333 0.0703704 0.530147
2 0.53125 0.236111 0.0395833 0.0425926 0.572803
0 0.881771 0.681481 0.0135417 0.0685185 0.628999
2 0.782031 0.330556 0.0369792 0.0518519 0.639885
2 0.480208 0.361574 0.034375 0.0712963 0.728143
2 0.241146 0.427778 0.0375 0.0685185 0.739246
5 0.211458 0.588889 0.0770833 0.290741 0.806426
7 0.422917 0.440741 0.0666667 0.177778 0.826839
2 0.535156 0.509722 0.0692708 0.0898148 0.838015
2 0.484896 0.436111 0.0520833 0.0944444 0.845623
5 0.482812 0.195833 0.108333 0.110185 0.85403
2 0.529688 0.584259 0.0822917 0.118519 0.885458
2 0.663281 0.634722 0.114063 0.152778 0.903063
2 0.565365 0.765741 0.110937 0.17037 0.912913
2 0.740365 0.815278 0.124479 0.178704 0.92101
