5 0.408594 0.248611 0.0619792 0.0842593 0.266772
0 0.977083 0.683333 0.0114583 0.0425926 0.292181
2 0.254948 0.316204 0.0223958 0.0324074 0.335582
9 0.351302 0.353704 0.0140625 0.0425926 0.434296
7 0.739844 0.318519 0.0359375 0.0592593 0.451202
2 0.596094 0.184722 0.0255208 0.0324074 0.539673
2 0.542188 0.194444 0.0302083 0.0333333 0.557233
7 0.783073 0.349537 0.0453125 0.0935185 0.581258
2 0.823958 0.167593 0.0166667 0.0296296 0.583437
2 0.739323 0.318519 0.0359375 0.0592593 0.621429
0 0.883333 0.743981 0.0208333 0.0824074 0.689102
2 0.528646 0.233333 0.034375 0.0444444 0.749575
5 0.363021 0.280556 0.153125 0.151852 0.800672
2 0.349479 0.725463 0.0854167 0.163889 0.840759
2 0.810938 0.931481 0.0989583 0.135185 0.85819
2 0.145313 0.506481 0.059375 0.0759259 0.86002
