0 0.926823 0.73287 0.0182292 0.0731481 0.263937
0 0.910677 0.517593 0.0140625 0.0611111 0.316424
2 0.554427 0.173611 0.0317708 0.0324074 0.355465
7 0.442448 0.489352 0.0515625 0.119444 0.395971
0 0.929427 0.51713 0.0130208 0.0564815 0.41378
2 0.831771 0.147685 0.01875 0.0287037 0.448597
2 0.210417 0.284259 0.0385417 0.0722222 0.472995
9 0.973958 0.736111 0.0114583 0.0518519 0.508189
2 0.442969 0.490278 0.0515625 0.121296 0.521856
5 0.44401 0.216204 0.120312 0.106481 0.613392
0 0.881771 0.745833 0.0177083 0.0731481 0.61665
2 0.40599 0.435648 0.0338542 0.0675926 0.619576
2 0.395833 0.29537 0.0489583 0.0574074 0.624085
2 0.95651 0.911574 0.0869792 0.173148 0.67247
2 0.880208 0.938426 0.126042 0.121296 0.680549
2 0.52526 0.240741 0.0328125 0.0425926 0.716137
2 0.391667 0.375926 0.040625 0.0703704 0.750615
2 0.47474 0.286574 0.0463542 0.0527778 0.752889
2 0.601823 0.564815 0.0963542 0.124074 0.767113
7 0.519792 0.587963 0.140625 0.255556 0.87322
2 0.696875 0.756019 0.111458 0.15463 0.891562
2 0.703125 0.907407 0.141667 0.183333 0.913918
