0 0.929948 0.740741 0.0213542 0.0666667 0.26744
0 0.959896 0.814352 0.021875 0.062037 0.284471
0 0.921875 0.725463 0.0166667 0.0675926 0.289985
0 0.94349 0.677778 0.0140625 0.0574074 0.373036
0 0.973698 0.739352 0.0119792 0.0527778 0.389537
0 0.938281 0.798148 0.0244792 0.0703704 0.418832
2 0.839844 0.109722 0.0161458 0.0268519 0.428093
2 0.22526 0.310648 0.0505208 0.0898148 0.470567
5 0.441927 0.218056 0.125521 0.10463 0.480049
2 0.276823 0.361111 0.0244792 0.05 0.487173
2 0.960156 0.981481 0.0744792 0.0351852 0.498008
7 0.22474 0.309722 0.0505208 0.0898148 0.508861
0 0.873177 0.766667 0.0171875 0.0703704 0.607059
2 0.98776 0.950463 0.0244792 0.0898148 0.622821
2 0.467448 0.259722 0.0411458 0.0546296 0.649265
2 0.396354 0.318519 0.0541667 0.0740741 0.689764
2 0.544531 0.64537 0.106771 0.140741 0.876328
2 0.775521 0.884259 0.128125 0.181481 0.916883
