9 0.351302 0.352315 0.0140625 0.0416667 0.253264
0 0.913542 0.736111 0.0166667 0.0592593 0.255816
7 0.668229 0.25787 0.0666667 0.0916667 0.266434
0 0.921875 0.736111 0.0260417 0.0740741 0.27573
2 0.842188 0.102778 0.0135417 0.0259259 0.368057
2 0.209896 0.284259 0.0364583 0.0703704 0.371799
0 0.938281 0.795833 0.0244792 0.0731481 0.385146
9 0.973958 0.737963 0.0125 0.0537037 0.389653
2 0.427604 0.273148 0.0416667 0.0462963 0.398722
5 0.476042 0.20463 0.0583333 0.0833333 0.438758
2 0.560156 0.209259 0.0286458 0.037037 0.483553
0 0.88125 0.744907 0.01875 0.0731481 0.500951
7 0.272656 0.4625 0.0421875 0.117593 0.52354
0 0.929427 0.741667 0.0171875 0.0740741 0.535575
2 0.527604 0.239815 0.0416667 0.0444444 0.556966
5 0.448177 0.209722 0.115104 0.0972222 0.573063
7 0.41901 0.435648 0.0421875 0.106481 0.618002
2 0.816406 0.202315 0.0182292 0.0342593 0.623006
2 0.482292 0.277315 0.040625 0.0453704 0.685363
2 0.424479 0.341667 0.0427083 0.0592593 0.731102
5 0.183594 0.543981 0.0838542 0.265741 0.758315
2 0.488281 0.418519 0.0442708 0.0833333 0.777588
2 0.695052 0.655556 0.0953125 0.12963 0.837381
7 0.483854 0.544444 0.119792 0.237037 0.871896
2 0.555469 0.514352 0.0828125 0.125 0.888435
2 0.660937 0.723148 0.107292 0.146296 0.895492
2 0.792708 0.877778 0.129167 0.190741 0.910838
2 0.635417 0.846296 0.128125 0.190741 0.917512
