7 0.234896 0.3375 0.0541667 0.102778 0.262736
2 0.840365 0.0990741 0.0161458 0.0296296 0.277299
9 0.351823 0.353241 0.0130208 0.0416667 0.296197
0 0.913021 0.736111 0.0145833 0.062963 0.299909
0 0.872917 0.442593 0.0104167 0.0537037 0.327796
0 0.928125 0.74213 0.0135417 0.0675926 0.338432
2 0.265625 0.318056 0.0354167 0.062037 0.36278
9 0.973437 0.739352 0.0114583 0.0509259 0.386306
2 0.489323 0.269444 0.0390625 0.0444444 0.394064
2 0.459896 0.299537 0.04375 0.0416667 0.401491
0 0.895312 0.435185 0.009375 0.0481481 0.448233
0 0.93724 0.794907 0.0203125 0.0694444 0.481686
2 0.53125 0.2375 0.0395833 0.0416667 0.487876
7 0.665885 0.257407 0.0630208 0.0925926 0.49639
2 0.782031 0.329167 0.0380208 0.0509259 0.498409
5 0.234375 0.337037 0.0541667 0.101852 0.51202
0 0.88151 0.681481 0.0140625 0.0666667 0.620171
2 0.480208 0.362037 0.0333333 0.0703704 0.702155
2 0.240625 0.430093 0.0375 0.0657407 0.76469
2 0.485156 0.436111 0.0515625 0.0962963 0.829531
7 0.422917 0.441667 0.0666667 0.17963 0.832905
5 0.211458 0.59537 0.0770833 0.292593 0.838196
2 0.535937 0.509259 0.0708333 0.0888889 0.83866
5 0.483333 0.195833 0.108333 0.112037 0.852036
2 0.53125 0.586574 0.0833333 0.119444 0.881477
2 0.665885 0.636111 0.116146 0.153704 0.888903
2 0.566667 0.76713 0.111458 0.169444 0.905287
2 0.742708 0.817593 0.126042 0.181481 0.905756
