0 0.899219 0.395833 0.0119792 0.0490741 0.251248
2 0.0158854 0.706481 0.0317708 0.0925926 0.269782
5 0.210938 0.284259 0.0385417 0.0740741 0.287802
9 0.974219 0.7375 0.0119792 0.0527778 0.298045
2 0.448698 0.252778 0.0442708 0.05 0.302913
5 0.479688 0.199074 0.05625 0.0777778 0.31042
7 0.273958 0.411574 0.0364583 0.102778 0.39486
2 0.528125 0.241204 0.0375 0.0398148 0.40522
2 0.560677 0.207407 0.0296875 0.0388889 0.419283
0 0.881771 0.74537 0.01875 0.0703704 0.451156
2 0.94974 0.905556 0.100521 0.174074 0.509338
0 0.929427 0.743519 0.0171875 0.0685185 0.518416
5 0.441667 0.223148 0.110417 0.111111 0.527616
2 0.810677 0.216204 0.0203125 0.0342593 0.572513
2 0.4375 0.325 0.0427083 0.0555556 0.578988
7 0.415104 0.426389 0.0354167 0.106481 0.61438
2 0.485156 0.403241 0.0369792 0.0768519 0.667123
2 0.488802 0.272222 0.0421875 0.0462963 0.667257
5 0.198958 0.48287 0.08125 0.20463 0.72026
2 0.534375 0.493981 0.078125 0.110185 0.828949
7 0.466406 0.517593 0.108854 0.216667 0.858312
2 0.635417 0.602315 0.0875 0.110185 0.874757
2 0.638021 0.7 0.104167 0.140741 0.884226
2 0.78776 0.868519 0.130729 0.192593 0.906852
2 0.627083 0.834722 0.126042 0.186111 0.920245
