2 0.254427 0.300926 0.0286458 0.0407407 0.250049
5 0.476042 0.192593 0.0552083 0.0555556 0.27162
2 0.429167 0.287037 0.0572917 0.0759259 0.291901
0 0.930729 0.736111 0.0208333 0.0611111 0.323145
7 0.213281 0.291667 0.0411458 0.0814815 0.353327
0 0.921615 0.725463 0.0192708 0.0694444 0.357825
0 0.973698 0.738889 0.0119792 0.0537037 0.361521
9 0.351562 0.352778 0.0125 0.0425926 0.368346
2 0.394271 0.29537 0.046875 0.0555556 0.390004
0 0.93724 0.797685 0.0234375 0.0694444 0.407052
0 0.89401 0.44213 0.00989583 0.0472222 0.414848
2 0.839844 0.107407 0.0161458 0.0296296 0.419441
7 0.667969 0.260185 0.0661458 0.0981481 0.44294
5 0.426302 0.227778 0.0859375 0.0962963 0.475518
0 0.882031 0.746759 0.0182292 0.0731481 0.502464
5 0.213542 0.291204 0.040625 0.0805556 0.54313
2 0.482552 0.227778 0.0338542 0.037037 0.559811
0 0.917969 0.610648 0.0171875 0.0694444 0.591647
2 0.528906 0.212037 0.0338542 0.0425926 0.670642
2 0.41901 0.490278 0.0578125 0.0953704 0.857153
2 0.773177 0.751852 0.109896 0.15 0.896515
2 0.572656 0.680093 0.100521 0.143519 0.902131
2 0.735417 0.843518 0.133333 0.175926 0.910225
