2 0.569271 0.180093 0.0239583 0.0287037 0.253901
5 0.427344 0.234259 0.0557292 0.0796296 0.276438
7 0.795052 0.955093 0.0901042 0.087963 0.285415
7 0.672135 0.263426 0.0734375 0.108333 0.358162
7 0.947396 0.297685 0.105208 0.59537 0.411868
0 0.973958 0.738426 0.0125 0.0564815 0.422684
2 0.254948 0.317593 0.0223958 0.0351852 0.453865
2 0.795313 0.955556 0.0895833 0.087037 0.512081
7 0.0572917 0.638889 0.0604167 0.105556 0.565411
5 0.384375 0.261574 0.142708 0.137963 0.650605
2 0.557552 0.209722 0.0296875 0.0453704 0.674719
2 0.81849 0.187963 0.0171875 0.0351852 0.695889
2 0.713281 0.385648 0.0442708 0.0731481 0.701138
7 0.765625 0.403241 0.0520833 0.110185 0.75954
0 0.878906 0.77963 0.0223958 0.0925926 0.781594
2 0.349479 0.725 0.0864583 0.166667 0.824792
2 0.208333 0.446296 0.0583333 0.0740741 0.852863
