5 0.207813 0.272222 0.05 0.0814815 0.257078
2 0.491667 0.272222 0.0375 0.0425926 0.280003
0 0.886719 0.541204 0.0119792 0.0509259 0.30849
5 0.553385 0.151389 0.0442708 0.0583333 0.324208
0 0.903646 0.481944 0.0104167 0.0564815 0.386778
9 0.974219 0.737963 0.0119792 0.0518519 0.465076
2 0.529948 0.237037 0.0359375 0.0388889 0.467694
2 0.507812 0.296296 0.040625 0.0537037 0.490265
0 0.93776 0.793519 0.0203125 0.0685185 0.497904
2 0.27474 0.942593 0.0994792 0.111111 0.50309
5 0.410417 0.380093 0.04375 0.147222 0.521454
2 0.563021 0.206019 0.0302083 0.0324074 0.532286
0 0.914062 0.733796 0.01875 0.0824074 0.540829
2 0.46224 0.35787 0.0348958 0.0731481 0.566616
0 0.929167 0.743981 0.0145833 0.0694444 0.567886
7 0.410417 0.380093 0.04375 0.147222 0.583954
2 0.555469 0.741204 0.103646 0.152778 0.645495
2 0.397656 0.531482 0.0578125 0.111111 0.813915
2 0.469531 0.419444 0.0432292 0.0740741 0.81498
2 0.576563 0.454167 0.0760417 0.0842593 0.850085
2 0.523438 0.494444 0.078125 0.12037 0.862094
2 0.441146 0.491204 0.0583333 0.0953704 0.862453
2 0.523177 0.585648 0.0890625 0.121296 0.890552
