9 0.973698 0.738426 0.0119792 0.0527778 0.282194
7 0.950781 0.296296 0.0984375 0.592593 0.407678
7 0.65026 0.537037 0.0661458 0.109259 0.505691
2 0.600521 0.175 0.028125 0.0333333 0.521479
2 0.807552 0.226852 0.0213542 0.0425926 0.613146
2 0.294531 0.373611 0.0505208 0.0638889 0.648353
2 0.65026 0.5375 0.0661458 0.110185 0.728211
0 0.872396 0.839815 0.021875 0.1 0.757874
2 0.136458 0.55787 0.065625 0.106481 0.784259
7 0.728125 0.527778 0.0739583 0.15 0.81983
2 0.35 0.725463 0.0854167 0.165741 0.828071
5 0.411719 0.246759 0.133854 0.134259 0.900056
