0 0.913802 0.7375 0.0140625 0.0435185 0.265932
0 0.899479 0.399537 0.0125 0.0435185 0.274466
2 0.0604167 0.649074 0.065625 0.0925926 0.299988
5 0.210417 0.284259 0.0385417 0.0740741 0.304671
7 0.413542 0.402778 0.0322917 0.0777778 0.32803
9 0.973958 0.7375 0.0114583 0.0527778 0.32931
2 0.841406 0.101389 0.0151042 0.0268519 0.333032
2 0.528906 0.238889 0.0369792 0.0388889 0.334183
5 0.479948 0.191204 0.0536458 0.0638889 0.349174
2 0.558854 0.208333 0.0322917 0.0407407 0.349924
2 0.367188 0.957407 0.128125 0.0814815 0.362396
7 0.278385 0.385185 0.0359375 0.0925926 0.385871
5 0.317187 0.8625 0.230208 0.271296 0.439772
0 0.881771 0.734722 0.0177083 0.0564815 0.478778
2 0.447917 0.312037 0.04375 0.0555556 0.48045
0 0.929427 0.743056 0.0171875 0.0694444 0.527392
2 0.80651 0.231481 0.0213542 0.037037 0.549798
2 0.490365 0.272685 0.0401042 0.0435185 0.572308
5 0.439844 0.219907 0.0994792 0.10463 0.617046
2 0.482031 0.394444 0.0359375 0.0759259 0.617562
5 0.211198 0.437037 0.0703125 0.183333 0.715283
7 0.892708 0.849537 0.132292 0.19537 0.770634
7 0.454427 0.502778 0.103646 0.214815 0.851381
2 0.777083 0.855093 0.128125 0.189815 0.889029
2 0.623438 0.682407 0.103125 0.140741 0.895141
2 0.52474 0.483333 0.0723958 0.101852 0.897647
2 0.604688 0.572685 0.08125 0.10463 0.903152
2 0.622917 0.830093 0.125 0.184259 0.914431
