0 0.907292 0.406481 0.0114583 0.0462963 0.250625
0 0.44974 0.659722 0.0348958 0.0972222 0.28393
0 0.901823 0.886111 0.0151042 0.0759259 0.294234
2 0.84375 0.0990741 0.0125 0.0240741 0.307103
9 0.973958 0.737963 0.0114583 0.0537037 0.466666
0 0.882552 0.883333 0.0182292 0.0685185 0.479717
2 0.351562 0.352778 0.0541667 0.0722222 0.63335
2 0.453906 0.250926 0.0432292 0.0481481 0.673577
2 0.349219 0.723611 0.0848958 0.163889 0.796081
5 0.44349 0.221296 0.118229 0.114815 0.817621
2 0.258073 0.438889 0.0671875 0.0981481 0.830057
2 0.688542 0.635648 0.0739583 0.134259 0.84612
2 0.181771 0.477778 0.0625 0.0814815 0.853782
