0 0.927083 0.734722 0.0177083 0.0694444 0.251953
2 0.841667 0.102778 0.0135417 0.0259259 0.284022
0 0.923437 0.500926 0.0145833 0.0537037 0.301034
2 0.832031 0.143519 0.0171875 0.0259259 0.335153
0 0.0635417 0.581019 0.0135417 0.0527778 0.347684
9 0.973698 0.738426 0.0119792 0.0546296 0.372192
0 0.936458 0.796759 0.0229167 0.0694444 0.388332
2 0.209635 0.283796 0.0390625 0.0768519 0.438632
2 0.942187 0.973611 0.0833333 0.0490741 0.486534
0 0.905208 0.49537 0.0135417 0.0518519 0.487286
2 0.538281 0.183333 0.0276042 0.0314815 0.562634
0 0.88151 0.746296 0.0192708 0.0759259 0.574809
2 0.396094 0.295833 0.0484375 0.0583333 0.618316
2 0.513802 0.250926 0.0348958 0.0425926 0.687618
5 0.44375 0.218056 0.122917 0.112037 0.709246
2 0.447917 0.490741 0.0604167 0.12037 0.736597
2 0.455469 0.300926 0.0442708 0.0537037 0.74869
2 0.407552 0.441204 0.0338542 0.0694444 0.785066
2 0.389583 0.385185 0.0385417 0.0685185 0.812799
2 0.652083 0.612037 0.0989583 0.133333 0.852981
7 0.538542 0.612037 0.147917 0.262963 0.855144
2 0.75026 0.92963 0.139062 0.138889 0.86091
2 0.790365 0.831481 0.121354 0.155556 0.88909
