9 0.351302 0.352315 0.0130208 0.0416667 0.254291
0 0.0632813 0.583333 0.0151042 0.0518519 0.255983
0 0.927083 0.734259 0.01875 0.0722222 0.257485
2 0.841667 0.102315 0.0135417 0.025 0.27237
2 0.957031 0.983333 0.0651042 0.0314815 0.354509
2 0.832812 0.142593 0.0166667 0.0240741 0.366625
0 0.936458 0.796759 0.0229167 0.0694444 0.376503
9 0.973698 0.738426 0.0119792 0.0546296 0.378562
0 0.90599 0.493056 0.0130208 0.0546296 0.420507
2 0.209635 0.284722 0.0390625 0.075 0.496309
2 0.536458 0.185185 0.028125 0.0351852 0.570149
0 0.88151 0.746296 0.0192708 0.0759259 0.573304
2 0.396094 0.295833 0.0484375 0.0583333 0.645711
5 0.44349 0.218056 0.123438 0.112037 0.677644
2 0.450521 0.493056 0.0645833 0.121296 0.679713
2 0.753385 0.933333 0.124479 0.131481 0.737401
2 0.511979 0.250463 0.0375 0.0472222 0.761139
2 0.452865 0.30463 0.0494792 0.0555556 0.768286
2 0.407552 0.440741 0.0338542 0.0685185 0.781617
2 0.389583 0.386111 0.0385417 0.0685185 0.816069
2 0.814844 0.850926 0.122396 0.17037 0.832991
7 0.54401 0.617593 0.152604 0.262963 0.865484
2 0.660937 0.617593 0.101042 0.135185 0.878075
