0 0.927083 0.712037 0.0177083 0.0537037 0.258609
2 0.834635 0.141667 0.0151042 0.0240741 0.262975
7 0.66276 0.251852 0.0557292 0.0777778 0.265658
5 0.479167 0.197685 0.053125 0.0694444 0.268133
0 0.936719 0.796296 0.0223958 0.0703704 0.293144
2 0.842188 0.102778 0.0135417 0.0259259 0.30375
2 0.40026 0.409259 0.0421875 0.0759259 0.326591
2 0.208073 0.280093 0.0432292 0.0824074 0.340126
9 0.973958 0.7375 0.0114583 0.0527778 0.39925
7 0.785937 0.950463 0.127083 0.0972222 0.411749
0 0.0638021 0.583796 0.0151042 0.0564815 0.417511
2 0.784635 0.95 0.127604 0.0962963 0.422577
2 0.449479 0.258796 0.0395833 0.0472222 0.424016
7 0.458333 0.499537 0.071875 0.123148 0.474248
0 0.903646 0.479167 0.0125 0.0583333 0.502359
0 0.882031 0.746759 0.0192708 0.075 0.529123
2 0.458854 0.5 0.0708333 0.124074 0.557169
2 0.504687 0.259259 0.0354167 0.0407407 0.612481
2 0.396615 0.29537 0.0494792 0.0592593 0.629978
5 0.444271 0.218519 0.121875 0.112963 0.637578
2 0.529167 0.193519 0.0291667 0.0351852 0.64253
2 0.390104 0.390278 0.0385417 0.0731481 0.71871
2 0.408333 0.440741 0.0364583 0.0685185 0.786939
2 0.442708 0.314352 0.0479167 0.0564815 0.806787
2 0.901302 0.894907 0.123438 0.150926 0.820532
2 0.695833 0.654167 0.105208 0.149074 0.862014
7 0.567448 0.649074 0.165104 0.281481 0.914316
