0 0.93151 0.735185 0.0203125 0.0611111 0.265776
0 0.921354 0.728241 0.0177083 0.0731481 0.265827
9 0.599479 0.156481 0.0135417 0.0351852 0.291199
0 0.0588542 0.622685 0.0125 0.0472222 0.332449
2 0.491406 0.222222 0.0348958 0.037037 0.351383
2 0.448958 0.257407 0.0416667 0.0462963 0.360632
7 0.663021 0.252778 0.0572917 0.0814815 0.361575
9 0.974219 0.737037 0.0119792 0.0537037 0.384014
0 0.935938 0.797222 0.021875 0.0703704 0.384646
0 0.890625 0.45787 0.0145833 0.0972222 0.393273
2 0.209896 0.283796 0.0375 0.0768519 0.456832
7 0.864583 0.875926 0.207292 0.235185 0.461965
0 0.881771 0.746296 0.0177083 0.0740741 0.52975
2 0.396094 0.296296 0.0494792 0.0592593 0.620571
5 0.441146 0.218981 0.125 0.106481 0.653162
2 0.627604 0.684722 0.119792 0.182407 0.74579
2 0.391146 0.403241 0.034375 0.0787037 0.781919
2 0.469531 0.334722 0.0286458 0.0601852 0.811133
5 0.864844 0.877315 0.205729 0.239815 0.812122
2 0.41849 0.338426 0.0505208 0.0638889 0.812805
2 0.427344 0.480093 0.0526042 0.0916667 0.845928
