7 0.667708 0.259259 0.0645833 0.0925926 0.293852
2 0.509375 0.209722 0.0364583 0.0416667 0.296445
0 0.939583 0.791667 0.0239583 0.0722222 0.298604
2 0.840104 0.100926 0.0166667 0.0259259 0.31199
0 0.914323 0.734259 0.0182292 0.0666667 0.318997
9 0.973958 0.737037 0.0125 0.0518519 0.355021
2 0.276042 0.343981 0.034375 0.0768519 0.367308
2 0.489844 0.269907 0.0401042 0.0435185 0.377286
0 0.882031 0.720833 0.0182292 0.0657407 0.380072
0 0.929427 0.739815 0.0151042 0.0685185 0.386554
2 0.794792 0.27037 0.025 0.0444444 0.392761
5 0.233594 0.376389 0.0473958 0.14537 0.400512
0 0.896615 0.418519 0.0109375 0.0537037 0.411246
2 0.458333 0.3 0.0416667 0.0462963 0.429213
2 0.529167 0.238426 0.0375 0.0398148 0.442045
7 0.233073 0.376852 0.0473958 0.146296 0.572686
2 0.154427 0.545833 0.0619792 0.0990741 0.675259
5 0.459115 0.210648 0.111979 0.10463 0.691898
2 0.479948 0.381944 0.0338542 0.0787037 0.726097
5 0.252344 0.771759 0.146354 0.430556 0.817587
2 0.504948 0.4625 0.0640625 0.100926 0.822509
2 0.775521 0.856944 0.128125 0.191667 0.822704
2 0.568229 0.538426 0.075 0.0972222 0.854898
2 0.752083 0.710185 0.128125 0.172222 0.856406
2 0.577083 0.635648 0.0927083 0.130556 0.856412
7 0.434896 0.470833 0.084375 0.193519 0.885574
2 0.613802 0.817593 0.125521 0.181481 0.909537
