7 0.949219 0.297222 0.101562 0.592593 0.261101
0 0.939844 0.791667 0.0234375 0.0703704 0.264838
2 0.560677 0.208796 0.0286458 0.037963 0.2718
2 0.840365 0.100926 0.0161458 0.0259259 0.301187
0 0.914062 0.734259 0.0166667 0.0648148 0.310583
0 0.880208 0.716667 0.015625 0.0648148 0.324477
7 0.667188 0.258796 0.0645833 0.0935185 0.336852
7 0.236979 0.36713 0.0479167 0.130556 0.350583
9 0.973958 0.737037 0.0125 0.0518519 0.36033
5 0.23724 0.36713 0.0473958 0.132407 0.378601
0 0.929427 0.739815 0.0151042 0.0666667 0.387073
2 0.459635 0.298611 0.0411458 0.0453704 0.387634
2 0.490365 0.269444 0.0390625 0.0425926 0.410918
2 0.529167 0.238426 0.0364583 0.0416667 0.440046
0 0.896354 0.419907 0.0104167 0.0509259 0.441882
2 0.275521 0.338889 0.0333333 0.0740741 0.444747
2 0.79349 0.27963 0.0244792 0.05 0.521416
2 0.170312 0.525463 0.0572917 0.0898148 0.720092
2 0.479688 0.379167 0.034375 0.075 0.728393
2 0.502083 0.458796 0.0614583 0.0990741 0.819022
2 0.56224 0.52963 0.0734375 0.103704 0.825676
5 0.466146 0.208333 0.1125 0.109259 0.857285
2 0.773438 0.853241 0.128125 0.186111 0.857856
7 0.433073 0.465278 0.0796875 0.189815 0.87253
2 0.733333 0.694444 0.128125 0.166667 0.880082
5 0.242969 0.739352 0.130729 0.40463 0.882067
2 0.56901 0.629167 0.0901042 0.132407 0.888326
2 0.611198 0.816204 0.127604 0.180556 0.905609
