9 0.351823 0.352778 0.0140625 0.0425926 0.25856
0 0.917708 0.488889 0.0114583 0.0592593 0.259634
2 0.48125 0.228704 0.0395833 0.0444444 0.262568
0 0.905469 0.935648 0.0234375 0.0564815 0.265323
3 0.384375 0.328704 0.0333333 0.0518519 0.312115
2 0.402083 0.304167 0.0447917 0.0546296 0.325553
0 0.91224 0.664815 0.0119792 0.0481481 0.330291
0 0.447656 0.658333 0.0296875 0.0907407 0.371464
2 0.254167 0.317593 0.0208333 0.0314815 0.422833
2 0.384375 0.325926 0.034375 0.0537037 0.434168
0 0.835417 0.940278 0.0177083 0.0768519 0.448968
2 0.840365 0.106944 0.0171875 0.0305556 0.451208
0 0.890104 0.673611 0.0145833 0.0638889 0.460368
9 0.973958 0.7375 0.0125 0.0527778 0.562272
5 0.44349 0.217593 0.119271 0.101852 0.562322
0 0.910156 0.854167 0.0192708 0.0731481 0.610917
2 0.445833 0.280556 0.046875 0.0592593 0.714906
2 0.227083 0.458796 0.0489583 0.075 0.845262
2 0.349219 0.725 0.0859375 0.162963 0.855976
5 0.0789063 0.551852 0.157813 0.212963 0.87987
