0 0.567448 0.562963 0.0307292 0.062963 0.252406
2 0.583594 0.202778 0.0296875 0.0351852 0.270277
0 0.658594 0.313426 0.0130208 0.075 0.281179
0 0.885938 0.45787 0.0114583 0.0546296 0.294957
9 0.973958 0.743981 0.0114583 0.0472222 0.300074
0 0.93776 0.793981 0.0213542 0.0712963 0.329014
3 0.567969 0.565278 0.0307292 0.0638889 0.35321
0 0.928906 0.738889 0.0161458 0.0740741 0.397653
7 0.66276 0.257407 0.0598958 0.0907407 0.402666
0 0.914844 0.737037 0.0203125 0.0814815 0.434072
2 0.464844 0.403241 0.0359375 0.0675926 0.435366
2 0.490104 0.270833 0.0395833 0.0453704 0.458609
0 0.904167 0.483796 0.0104167 0.0527778 0.464999
5 0.217708 0.296296 0.065625 0.124074 0.470101
2 0.464583 0.35 0.0364583 0.0666667 0.486329
2 0.53151 0.236111 0.0380208 0.0407407 0.567399
7 0.409635 0.380556 0.0442708 0.148148 0.639664
2 0.228385 0.881944 0.0880208 0.189815 0.687607
2 0.494792 0.464815 0.065625 0.0981481 0.76472
7 0.208854 0.443056 0.084375 0.125 0.782628
2 0.433333 0.476389 0.0520833 0.0898148 0.837488
2 0.438021 0.602315 0.0729167 0.125 0.841168
2 0.491406 0.553241 0.0786458 0.110185 0.866616
2 0.384375 0.505556 0.05 0.101852 0.870992
2 0.542448 0.440278 0.0692708 0.0805556 0.880463
