0 0.916667 0.741667 0.0208333 0.0666667 0.250543
2 0.29401 0.36713 0.0557292 0.0972222 0.270405
0 0.546094 0.5375 0.0286458 0.0694444 0.278312
2 0.838542 0.118981 0.015625 0.0305556 0.31756
7 0.665625 0.260185 0.0614583 0.0962963 0.317766
7 0.295833 0.365741 0.0583333 0.1 0.326941
0 0.938542 0.791667 0.0229167 0.0740741 0.361527
2 0.601042 0.187963 0.025 0.0351852 0.36838
3 0.546094 0.538889 0.0296875 0.0685185 0.388774
9 0.973958 0.738426 0.0114583 0.0527778 0.400008
2 0.464844 0.403241 0.0359375 0.0694444 0.413071
2 0.464323 0.349537 0.0359375 0.0638889 0.432024
2 0.490104 0.270833 0.0395833 0.0472222 0.434621
2 0.533333 0.236111 0.0385417 0.0407407 0.461466
0 0.903906 0.48287 0.00989583 0.0527778 0.474557
7 0.409375 0.380556 0.04375 0.146296 0.669849
2 0.228906 0.880556 0.0880208 0.188889 0.72714
2 0.495052 0.46713 0.0640625 0.0787037 0.747038
2 0.433594 0.476389 0.0515625 0.0898148 0.831198
2 0.438021 0.602315 0.0739583 0.125 0.845968
2 0.384635 0.505556 0.0494792 0.101852 0.866883
2 0.492188 0.553241 0.0822917 0.110185 0.87491
2 0.542448 0.439815 0.0692708 0.0814815 0.876698
