2 0.329948 0.362963 0.0588542 0.0759259 0.268733
7 0.950521 0.297685 0.0989583 0.59537 0.294175
9 0.973958 0.737963 0.0125 0.0518519 0.472447
0 0.901042 0.906944 0.0197917 0.0787037 0.488455
2 0.445833 0.254167 0.0395833 0.0472222 0.517125
0 0.881771 0.900926 0.0177083 0.0592593 0.614195
5 0.443229 0.220833 0.119792 0.115741 0.754198
2 0.713021 0.561574 0.0635417 0.112037 0.772415
2 0.349479 0.724537 0.0854167 0.165741 0.804794
2 0.151823 0.505556 0.0661458 0.0851852 0.830653
2 0.24375 0.456019 0.06875 0.0990741 0.841185
