0 0.0872396 0.514352 0.0255208 0.0694444 0.28302
7 0.801302 0.283333 0.0369792 0.0740741 0.283698
7 0.949479 0.296759 0.101042 0.589815 0.28478
2 0.870833 0.563426 0.0208333 0.0287037 0.314533
0 0.907031 0.655556 0.0182292 0.0740741 0.334905
9 0.973698 0.736574 0.0119792 0.0527778 0.345525
2 0.838802 0.889352 0.0942708 0.175 0.464648
7 0.839063 0.889352 0.09375 0.175 0.475563
2 0.541667 0.981944 0.0729167 0.0324074 0.478515
2 0.0322917 0.618981 0.0583333 0.0731481 0.495048
2 0.801302 0.283333 0.0369792 0.0740741 0.496225
2 0.485417 0.243056 0.0364583 0.037963 0.518022
0 0.888021 0.703704 0.0208333 0.0833333 0.536211
2 0.83151 0.144907 0.0203125 0.0268519 0.580395
2 0.474219 0.27963 0.0442708 0.0611111 0.686363
2 0.76901 0.250463 0.0265625 0.0453704 0.70995
2 0.551823 0.218981 0.0380208 0.0416667 0.733378
2 0.349479 0.725463 0.0854167 0.163889 0.824918
5 0.329427 0.304167 0.165104 0.178704 0.869822
2 0.533594 0.82037 0.0963542 0.153704 0.892168
