0 0.905469 0.379167 0.00885417 0.0435185 0.263789
2 0.178906 0.497222 0.0557292 0.0777778 0.269825
9 0.974219 0.7375 0.0119792 0.0546296 0.28364
0 0.86276 0.901852 0.0234375 0.0537037 0.317467
2 0.254687 0.316667 0.0208333 0.0333333 0.513818
2 0.12474 0.570833 0.0682292 0.115741 0.534786
7 0.501042 0.856481 0.116667 0.192593 0.572756
2 0.788281 0.309259 0.0296875 0.0555556 0.646534
2 0.232031 0.462963 0.0619792 0.0944444 0.659921
5 0.466927 0.203704 0.0557292 0.0685185 0.666362
7 0.63099 0.809722 0.125521 0.247222 0.666461
2 0.378646 0.30787 0.0489583 0.0546296 0.692288
5 0.409635 0.237963 0.0901042 0.0944444 0.806131
2 0.34974 0.725 0.0848958 0.164815 0.832106
