7 0.25599 0.301389 0.0307292 0.0527778 0.255754
0 0.913542 0.737963 0.015625 0.0574074 0.265656
2 0.839323 0.100463 0.0192708 0.0287037 0.268123
0 0.886198 0.629167 0.0130208 0.0546296 0.278161
7 0.833594 0.953241 0.101562 0.0898148 0.28367
2 0.458594 0.300926 0.0421875 0.0444444 0.290854
0 0.959635 0.815741 0.0223958 0.0648148 0.319704
7 0.66276 0.251852 0.0557292 0.0814815 0.323458
2 0.490104 0.269907 0.0385417 0.0435185 0.323992
9 0.973437 0.739352 0.0114583 0.0527778 0.339633
0 0.897656 0.457407 0.00989583 0.05 0.369555
0 0.936979 0.794907 0.01875 0.0675926 0.437968
2 0.530208 0.2375 0.0375 0.037963 0.470711
2 0.833594 0.953241 0.101562 0.0898148 0.492093
0 0.928646 0.743519 0.0135417 0.0685185 0.537482
7 0.414062 0.408333 0.0510417 0.164815 0.627243
5 0.219531 0.309259 0.0640625 0.135185 0.750163
2 0.502344 0.473148 0.0598958 0.0888889 0.755225
2 0.485417 0.334722 0.0364583 0.0638889 0.767133
2 0.470313 0.409722 0.040625 0.0861111 0.770749
2 0.74974 0.400463 0.0515625 0.0675926 0.809028
5 0.515885 0.177778 0.102604 0.0944444 0.816677
5 0.217448 0.465741 0.0671875 0.196296 0.838746
2 0.604948 0.578241 0.0984375 0.137963 0.866962
2 0.483854 0.5375 0.0760417 0.10463 0.879246
2 0.485417 0.666667 0.090625 0.142593 0.896674
2 0.664062 0.732407 0.115625 0.161111 0.902983
