5 0.477083 0.199537 0.05625 0.0712963 0.262481
7 0.663542 0.253241 0.0572917 0.0824074 0.31692
2 0.448958 0.257407 0.0416667 0.0462963 0.318909
0 0.923698 0.721296 0.0161458 0.0666667 0.322024
0 0.0604167 0.63287 0.0125 0.0583333 0.365205
7 0.654948 0.715741 0.125521 0.196296 0.379661
9 0.974219 0.737963 0.0119792 0.0537037 0.415298
0 0.935938 0.796759 0.021875 0.0694444 0.425737
2 0.209635 0.283796 0.0369792 0.0768519 0.42649
2 0.654688 0.716204 0.123958 0.193519 0.484352
5 0.441927 0.22037 0.122396 0.103704 0.572597
0 0.891406 0.484722 0.0119792 0.0564815 0.584483
0 0.882031 0.745833 0.0171875 0.0731481 0.594788
2 0.396094 0.295833 0.0494792 0.0583333 0.75972
2 0.392448 0.419444 0.0359375 0.0722222 0.778983
2 0.46875 0.353704 0.0291667 0.062963 0.825968
2 0.435156 0.493981 0.0557292 0.0990741 0.847308
2 0.41901 0.340278 0.0505208 0.0638889 0.849981
