0 0.872656 0.443056 0.0109375 0.0509259 0.254578
2 0.840104 0.0986111 0.0177083 0.0287037 0.266563
7 0.270312 0.321759 0.034375 0.0601852 0.270938
0 0.896094 0.431481 0.00989583 0.0518519 0.286202
0 0.913542 0.736111 0.0145833 0.0574074 0.304991
9 0.351823 0.353241 0.0130208 0.0416667 0.348904
2 0.488542 0.27037 0.0427083 0.0462963 0.369275
9 0.973698 0.739815 0.0119792 0.0518519 0.370215
2 0.459635 0.299537 0.0432292 0.0416667 0.370951
0 0.938542 0.79213 0.0239583 0.0731481 0.395751
2 0.270312 0.322685 0.0354167 0.0601852 0.435465
2 0.529167 0.236574 0.0375 0.0435185 0.454206
0 0.928646 0.741204 0.0135417 0.0694444 0.457448
2 0.225 0.44537 0.040625 0.0537037 0.458615
2 0.785417 0.312037 0.034375 0.05 0.478292
7 0.663281 0.252778 0.0578125 0.0833333 0.493283
0 0.880729 0.700463 0.0145833 0.075 0.573061
2 0.479948 0.36713 0.0338542 0.0712963 0.73797
7 0.42526 0.446759 0.0692708 0.176852 0.804202
2 0.545313 0.514815 0.0708333 0.1 0.809855
2 0.488802 0.44213 0.0567708 0.0953704 0.82396
5 0.476562 0.197222 0.109375 0.109259 0.835673
5 0.220313 0.6375 0.084375 0.313889 0.837106
2 0.752083 0.833333 0.136458 0.181481 0.861064
2 0.682292 0.652315 0.117708 0.158333 0.86954
2 0.586458 0.789815 0.116667 0.175926 0.883894
2 0.541927 0.598611 0.0838542 0.119444 0.901645
