7 0.955208 0.358333 0.0895833 0.466667 0.268386
0 0.93776 0.798148 0.0182292 0.0648148 0.275075
0 0.909896 0.631019 0.0104167 0.0342593 0.27757
2 0.841667 0.106481 0.0166667 0.0333333 0.289068
2 0.480729 0.228241 0.0375 0.0416667 0.344216
0 0.92526 0.509259 0.0119792 0.0592593 0.351027
9 0.974219 0.737963 0.0119792 0.0537037 0.440619
0 0.904427 0.811574 0.0203125 0.0712963 0.465056
0 0.909896 0.877315 0.0197917 0.075 0.493719
0 0.888802 0.890278 0.0161458 0.0731481 0.510214
5 0.441667 0.218981 0.123958 0.110185 0.511229
0 0.891146 0.64537 0.0125 0.0611111 0.532081
2 0.396094 0.318056 0.0536458 0.0731481 0.588086
0 0.841146 0.888426 0.0197917 0.0861111 0.638763
2 0.445312 0.27963 0.046875 0.0611111 0.713313
2 0.259115 0.408333 0.0401042 0.0611111 0.776088
2 0.347396 0.721296 0.084375 0.159259 0.886549
5 0.122135 0.508796 0.156771 0.221296 0.907571
