2 0.623177 0.159722 0.0203125 0.0268519 0.296174
9 0.973698 0.738426 0.0119792 0.0527778 0.309505
2 0.786979 0.975463 0.0729167 0.0453704 0.430178
7 0.949479 0.296296 0.101042 0.592593 0.43126
0 0.876042 0.808796 0.0239583 0.087963 0.615302
2 0.813021 0.20463 0.0197917 0.0388889 0.620185
2 0.0981771 0.598611 0.0682292 0.113889 0.626188
2 0.683854 0.455093 0.0552083 0.0898148 0.678094
7 0.747917 0.459259 0.0635417 0.131481 0.766027
5 0.399479 0.255556 0.135417 0.135185 0.825933
2 0.35 0.725463 0.0854167 0.165741 0.828184
2 0.25651 0.405093 0.0557292 0.0694444 0.833915
