0 0.972135 0.739815 0.0171875 0.0574074 0.289967
0 0.978906 0.687037 0.0130208 0.0481481 0.359111
2 0.254687 0.31713 0.0208333 0.0324074 0.378429
7 0.738021 0.323148 0.0364583 0.0592593 0.417238
9 0.351302 0.354167 0.0140625 0.0416667 0.44471
2 0.542969 0.194907 0.0317708 0.0361111 0.475028
2 0.738021 0.322685 0.0364583 0.0601852 0.535409
2 0.597135 0.181481 0.0255208 0.0333333 0.56153
7 0.782552 0.354167 0.0463542 0.0990741 0.64234
2 0.529688 0.23287 0.034375 0.0416667 0.644358
2 0.823698 0.169444 0.0171875 0.0296296 0.661462
0 0.883333 0.744907 0.0208333 0.0824074 0.716122
2 0.148698 0.504167 0.0598958 0.0787037 0.808728
2 0.34974 0.725463 0.0859375 0.163889 0.83952
2 0.810417 0.933333 0.1 0.131481 0.856866
5 0.363281 0.277778 0.151562 0.15 0.859418
