7 0.947917 0.296759 0.104167 0.591667 0.260418
2 0.431771 0.288426 0.05 0.0657407 0.269671
7 0.477865 0.19537 0.0557292 0.0648148 0.282031
7 0.669792 0.262037 0.0697917 0.1 0.291191
0 0.93125 0.737963 0.0208333 0.0611111 0.292222
0 0.0570313 0.689815 0.0130208 0.0388889 0.304741
9 0.973958 0.7375 0.0125 0.0509259 0.307754
2 0.252865 0.302315 0.0265625 0.0416667 0.317874
0 0.973698 0.737963 0.0119792 0.0518519 0.341031
0 0.921615 0.725 0.0182292 0.0666667 0.346124
2 0.213281 0.289352 0.0411458 0.0805556 0.357196
5 0.213281 0.289352 0.0411458 0.0805556 0.363961
2 0.48151 0.229167 0.0348958 0.037963 0.410586
0 0.895052 0.439815 0.00989583 0.0444444 0.417432
9 0.351823 0.352315 0.0130208 0.0435185 0.424919
0 0.936979 0.797222 0.0239583 0.0685185 0.442832
5 0.478125 0.195833 0.0552083 0.0638889 0.453416
0 0.917708 0.606481 0.0166667 0.0703704 0.47112
2 0.840104 0.106481 0.015625 0.0296296 0.478248
2 0.394271 0.29537 0.0479167 0.0574074 0.497847
0 0.882031 0.74537 0.0171875 0.0722222 0.510659
2 0.53125 0.210185 0.0322917 0.0425926 0.568528
5 0.42474 0.226389 0.0828125 0.0916667 0.569047
2 0.416406 0.4875 0.0567708 0.0916667 0.866375
2 0.757552 0.743519 0.119271 0.15 0.89091
2 0.565885 0.674537 0.102604 0.137963 0.891179
2 0.728906 0.835185 0.129688 0.174074 0.915245
