2 0.210417 0.275463 0.0354167 0.0546296 0.2645
5 0.479688 0.199074 0.0479167 0.0703704 0.28679
7 0.6625 0.252315 0.05625 0.0805556 0.303902
2 0.558333 0.169444 0.0270833 0.0314815 0.309501
2 0.499479 0.931481 0.155208 0.131481 0.318343
7 0.441406 0.487963 0.0536458 0.12037 0.330857
0 0.923958 0.733333 0.021875 0.0722222 0.333325
0 0.915104 0.524537 0.0125 0.0601852 0.410507
9 0.974479 0.737037 0.0114583 0.0555556 0.453234
7 0.498958 0.932407 0.15625 0.131481 0.482242
0 0.93125 0.529167 0.015625 0.0712963 0.485171
5 0.446615 0.210648 0.115104 0.0972222 0.527726
2 0.441667 0.488426 0.0520833 0.117593 0.551048
2 0.83151 0.147685 0.0192708 0.0305556 0.55229
0 0.882031 0.746759 0.0192708 0.0787037 0.618495
2 0.588802 0.543519 0.0807292 0.111111 0.633751
2 0.528385 0.236574 0.0307292 0.0398148 0.636423
2 0.396094 0.296296 0.0494792 0.0574074 0.670735
2 0.407552 0.437037 0.0348958 0.0648148 0.675842
2 0.481771 0.279167 0.0427083 0.0472222 0.691778
2 0.395573 0.37037 0.0421875 0.0648148 0.738802
2 0.91901 0.873148 0.126563 0.198148 0.848807
2 0.689062 0.897222 0.134375 0.196296 0.852804
2 0.860417 0.925 0.130208 0.15 0.889145
7 0.517448 0.58287 0.138021 0.249074 0.891591
2 0.677865 0.738889 0.110937 0.151852 0.895654
