2 0.838802 0.123148 0.0161458 0.0333333 0.278459
0 0.905729 0.464352 0.0135417 0.0675926 0.290583
0 0.0619792 0.601852 0.0125 0.0444444 0.320165
0 0.926302 0.717593 0.0213542 0.0648148 0.326474
2 0.45026 0.256944 0.0432292 0.0490741 0.383597
0 0.936719 0.797685 0.0234375 0.0694444 0.386268
9 0.973698 0.738426 0.0109375 0.0527778 0.429287
7 0.507031 0.553241 0.0880208 0.143519 0.541145
2 0.507031 0.553241 0.0890625 0.14537 0.547593
2 0.209896 0.284259 0.0364583 0.0759259 0.555677
5 0.442448 0.218519 0.121354 0.109259 0.596465
2 0.509115 0.209259 0.0328125 0.0425926 0.620421
0 0.882292 0.746296 0.0177083 0.0759259 0.654333
2 0.395052 0.295833 0.0515625 0.0564815 0.712299
2 0.483854 0.27963 0.0354167 0.05 0.771783
2 0.389583 0.390741 0.0354167 0.0740741 0.777406
2 0.409115 0.444907 0.0390625 0.0712963 0.787842
2 0.426042 0.331944 0.0489583 0.0583333 0.84177
2 0.848698 0.806944 0.117188 0.167593 0.850742
7 0.683854 0.775 0.198958 0.351852 0.909369
