0 0.913021 0.7375 0.0145833 0.062037 0.258055
2 0.560938 0.207407 0.0291667 0.037037 0.261898
2 0.20599 0.261574 0.0317708 0.0361111 0.26266
7 0.663281 0.251389 0.0557292 0.0787037 0.277689
0 0.884375 0.664352 0.0135417 0.0657407 0.281625
9 0.351042 0.351852 0.0125 0.0425926 0.300084
0 0.928385 0.74213 0.0130208 0.0638889 0.307382
2 0.261458 0.311111 0.034375 0.0592593 0.318202
2 0.231771 0.329167 0.0541667 0.10463 0.323453
7 0.231771 0.330556 0.0541667 0.103704 0.340189
0 0.895833 0.44213 0.009375 0.0509259 0.341574
0 0.936198 0.796759 0.0182292 0.0657407 0.35013
2 0.839583 0.0976852 0.01875 0.0324074 0.380963
0 0.973698 0.738426 0.0119792 0.0527778 0.471033
5 0.232292 0.330093 0.0541667 0.10463 0.512843
2 0.489844 0.269907 0.0380208 0.0435185 0.533938
7 0.420573 0.428704 0.0609375 0.175926 0.536808
2 0.458854 0.298611 0.04375 0.0490741 0.547479
2 0.53099 0.238426 0.0390625 0.0398148 0.552636
2 0.523177 0.498148 0.0651042 0.0814815 0.6664
2 0.77526 0.348148 0.0359375 0.0574074 0.725174
2 0.253906 0.404167 0.0348958 0.062037 0.727239
2 0.480208 0.35463 0.034375 0.0703704 0.749587
5 0.49401 0.189815 0.105729 0.105556 0.859276
5 0.208333 0.55 0.071875 0.259259 0.864429
2 0.479167 0.427778 0.053125 0.0888889 0.881408
2 0.515104 0.574074 0.0791667 0.116667 0.895177
2 0.539583 0.737037 0.103125 0.162963 0.898473
2 0.644792 0.618519 0.109375 0.15 0.899931
2 0.721354 0.793056 0.121875 0.173148 0.907674
