7 0.665625 0.259722 0.0614583 0.0972222 0.25757
0 0.905469 0.381481 0.00989583 0.0481481 0.31977
2 0.254948 0.317593 0.0213542 0.0333333 0.321409
9 0.351562 0.353241 0.0145833 0.0435185 0.346675
0 0.856771 0.932407 0.025 0.0796296 0.423177
7 0.948958 0.296296 0.102083 0.592593 0.469443
7 0.592708 0.884259 0.145833 0.225926 0.496732
9 0.974219 0.737037 0.0119792 0.0518519 0.517047
7 0.446615 0.930556 0.134896 0.135185 0.524162
5 0.591406 0.885185 0.146354 0.225926 0.612858
5 0.435937 0.221759 0.132292 0.115741 0.632093
2 0.395833 0.29537 0.0458333 0.0518519 0.644884
2 0.147135 0.548148 0.0723958 0.114815 0.692453
2 0.780208 0.340278 0.0364583 0.062037 0.745096
2 0.208333 0.4625 0.0520833 0.0768519 0.801327
2 0.252604 0.443056 0.0604167 0.0898148 0.817831
2 0.34974 0.725 0.0859375 0.162963 0.839401
