3 0.819531 0.821759 0.0234375 0.0583333 0.299555
2 0.489844 0.27037 0.0401042 0.0425926 0.307439
0 0.904167 0.48287 0.0104167 0.0509259 0.308463
0 0.884635 0.506019 0.00989583 0.0527778 0.313023
9 0.973958 0.7375 0.0114583 0.0527778 0.318999
2 0.464323 0.350926 0.0359375 0.0685185 0.390314
0 0.929427 0.737963 0.0130208 0.0648148 0.40483
0 0.936979 0.795833 0.0177083 0.062037 0.42242
2 0.464583 0.401852 0.0364583 0.0759259 0.42429
7 0.667708 0.260648 0.0666667 0.0990741 0.437614
0 0.913021 0.7375 0.0145833 0.0824074 0.445353
2 0.522135 0.275463 0.0328125 0.0453704 0.472144
2 0.56875 0.201389 0.0229167 0.0342593 0.483843
7 0.409896 0.378704 0.0447917 0.15 0.662783
2 0.230729 0.887037 0.0895833 0.185185 0.738826
2 0.435156 0.480556 0.0526042 0.0888889 0.799801
2 0.457552 0.623611 0.0807292 0.128704 0.822534
2 0.507812 0.475463 0.071875 0.10463 0.86479
2 0.385156 0.506019 0.0494792 0.100926 0.866752
2 0.496354 0.556019 0.0802083 0.113889 0.881011
2 0.545573 0.441204 0.0671875 0.0805556 0.886671
