2 0.490365 0.27037 0.0390625 0.0425926 0.288726
5 0.234375 0.331944 0.0541667 0.100926 0.309529
0 0.903646 0.484722 0.0104167 0.0509259 0.340855
2 0.564583 0.203704 0.028125 0.0351852 0.372001
9 0.973958 0.737037 0.0114583 0.0518519 0.37554
0 0.9375 0.794907 0.01875 0.0657407 0.376037
2 0.464063 0.353704 0.0364583 0.0703704 0.443576
0 0.884896 0.523611 0.0114583 0.0601852 0.450464
7 0.66875 0.262037 0.0677083 0.101852 0.463888
2 0.53099 0.2375 0.0359375 0.037963 0.470061
0 0.929167 0.738889 0.0145833 0.0666667 0.483425
0 0.9125 0.738426 0.015625 0.0787037 0.569026
2 0.515365 0.283333 0.0369792 0.0537037 0.585527
2 0.466406 0.412963 0.0380208 0.062963 0.666934
7 0.410156 0.379167 0.0442708 0.149074 0.723717
2 0.482812 0.661574 0.0864583 0.139815 0.79629
2 0.43724 0.48287 0.0546875 0.0916667 0.811593
2 0.513021 0.481944 0.0729167 0.108333 0.824233
2 0.388281 0.513426 0.0536458 0.10463 0.824847
2 0.243229 0.90463 0.09375 0.187037 0.862395
2 0.552344 0.443981 0.0713542 0.0805556 0.868059
2 0.502083 0.564352 0.0833333 0.115741 0.870039
