0 0.959635 0.813426 0.0213542 0.062037 0.265585
9 0.351302 0.350463 0.0130208 0.0435185 0.279801
2 0.558854 0.206944 0.034375 0.0361111 0.282025
7 0.238802 0.374074 0.0453125 0.142593 0.283357
0 0.913021 0.739815 0.015625 0.0685185 0.304472
9 0.973958 0.738426 0.0114583 0.0546296 0.346732
0 0.973958 0.738889 0.0114583 0.0537037 0.356665
5 0.239063 0.372685 0.0447917 0.143519 0.381699
5 0.410156 0.388889 0.0442708 0.153704 0.413077
2 0.529948 0.238426 0.0390625 0.037963 0.426354
0 0.936979 0.793056 0.0197917 0.0694444 0.478483
2 0.497917 0.306019 0.0395833 0.0564815 0.490663
0 0.903646 0.481019 0.0104167 0.0564815 0.502646
7 0.671354 0.264815 0.0729167 0.105556 0.532571
0 0.886979 0.577778 0.0125 0.0648148 0.538984
5 0.2125 0.279167 0.05625 0.0935185 0.553558
0 0.928646 0.741667 0.015625 0.0722222 0.570474
7 0.410156 0.386574 0.0453125 0.156481 0.638156
2 0.461458 0.379167 0.0322917 0.0787037 0.640555
2 0.679688 0.85787 0.126042 0.182407 0.775206
2 0.651302 0.460185 0.0859375 0.0722222 0.79127
2 0.48151 0.442593 0.0473958 0.0777778 0.82983
2 0.546875 0.511111 0.0833333 0.122222 0.830603
2 0.452083 0.498148 0.0625 0.1 0.849024
2 0.422656 0.574537 0.0682292 0.117593 0.876268
2 0.566406 0.631944 0.100521 0.132407 0.895604
