9 0.973958 0.7375 0.0125 0.0527778 0.262427
2 0.840104 0.108333 0.015625 0.0277778 0.290957
0 0.973698 0.7375 0.0119792 0.0527778 0.304926
7 0.665885 0.256019 0.0630208 0.087963 0.307388
2 0.45 0.256481 0.0427083 0.0462963 0.318494
0 0.0541667 0.722222 0.0135417 0.0574074 0.326553
2 0.859635 0.965741 0.0828125 0.0666667 0.354012
0 0.0877604 0.510648 0.0255208 0.062037 0.370902
0 0.891146 0.465741 0.0104167 0.05 0.398669
0 0.876042 0.753241 0.0135417 0.0657407 0.537601
0 0.934375 0.65787 0.015625 0.0694444 0.588999
2 0.485156 0.238889 0.0411458 0.0611111 0.60651
5 0.21849 0.303704 0.0473958 0.0833333 0.610732
2 0.397656 0.316204 0.0567708 0.0824074 0.638279
5 0.442187 0.218056 0.123958 0.108333 0.651423
2 0.941406 0.906482 0.106771 0.166667 0.729373
2 0.271875 0.336111 0.025 0.0407407 0.732037
2 0.485938 0.578241 0.0864583 0.123148 0.845232
2 0.694271 0.802778 0.122917 0.174074 0.9093
