0 0.926562 0.733333 0.01875 0.0740741 0.260653
0 0.911198 0.517593 0.0151042 0.062963 0.275336
0 0.93724 0.794444 0.0192708 0.0611111 0.335687
0 0.928646 0.514352 0.0125 0.0546296 0.468442
2 0.210417 0.284259 0.0385417 0.0722222 0.502905
9 0.973958 0.736111 0.0114583 0.0518519 0.52519
2 0.831771 0.145833 0.0166667 0.0287037 0.52749
0 0.882031 0.74537 0.0192708 0.0759259 0.593338
5 0.443229 0.216667 0.121875 0.111111 0.6031
2 0.96224 0.918519 0.0744792 0.157407 0.613619
2 0.44349 0.490278 0.0526042 0.119444 0.644213
2 0.395833 0.295833 0.0489583 0.0583333 0.656324
2 0.40651 0.434722 0.0338542 0.0694444 0.667944
2 0.523698 0.241204 0.0317708 0.0398148 0.696541
2 0.392188 0.375926 0.0427083 0.0685185 0.765208
2 0.890104 0.94213 0.133333 0.115741 0.77063
2 0.607031 0.57037 0.0973958 0.124074 0.771568
2 0.472917 0.286574 0.046875 0.0527778 0.784613
7 0.521094 0.588889 0.140104 0.253704 0.878255
2 0.702604 0.760648 0.115625 0.150926 0.891376
2 0.707552 0.908333 0.139062 0.17963 0.91678
