0 0.829687 0.983796 0.0166667 0.0324074 0.257702
5 0.446354 0.253704 0.0885417 0.0925926 0.287959
7 0.949479 0.298148 0.101042 0.596296 0.304593
2 0.840365 0.106019 0.0161458 0.0268519 0.360924
0 0.910937 0.690741 0.0114583 0.0351852 0.364509
9 0.973958 0.738426 0.0125 0.0546296 0.374002
2 0.48099 0.228241 0.0369792 0.0435185 0.494971
0 0.922135 0.9125 0.0192708 0.0787037 0.507757
0 0.889844 0.706944 0.0171875 0.0731481 0.547295
2 0.385417 0.321296 0.0552083 0.0740741 0.674786
5 0.442187 0.218981 0.122917 0.110185 0.67984
5 0.0486979 0.588426 0.0963542 0.150926 0.724216
2 0.446354 0.279167 0.0458333 0.0564815 0.816249
2 0.349479 0.725 0.0864583 0.166667 0.83019
2 0.171354 0.525 0.0614583 0.087037 0.868598
