2 0.480729 0.228704 0.0395833 0.0425926 0.253279
0 0.909375 0.965741 0.0208333 0.0592593 0.259809
0 0.915885 0.480093 0.0151042 0.062037 0.267382
0 0.447917 0.659722 0.0302083 0.0898148 0.269394
1 0.915885 0.482407 0.0151042 0.0592593 0.304663
2 0.840365 0.106944 0.0151042 0.0305556 0.381447
0 0.911458 0.677778 0.0114583 0.0388889 0.404472
0 0.891667 0.966667 0.0270833 0.062963 0.405444
2 0.383333 0.324074 0.0354167 0.0555556 0.421489
2 0.254167 0.320833 0.0270833 0.0398148 0.438743
9 0.973958 0.738889 0.0125 0.0518519 0.501415
5 0.442448 0.216667 0.117188 0.0981481 0.53902
0 0.890885 0.689815 0.0140625 0.062963 0.588435
0 0.917448 0.885648 0.0244792 0.0805556 0.617205
2 0.445312 0.279167 0.046875 0.0564815 0.64842
5 0.0674479 0.574074 0.133854 0.192593 0.770421
2 0.198437 0.493519 0.0604167 0.0851852 0.817018
2 0.349219 0.725926 0.0859375 0.164815 0.870529
