0 0.0296875 0.988426 0.0125 0.0231481 0.251309
5 0.209896 0.284259 0.0375 0.0722222 0.272322
2 0.842448 0.101852 0.0140625 0.0277778 0.301122
9 0.351823 0.351389 0.0130208 0.0416667 0.34594
2 0.209896 0.283333 0.0375 0.0722222 0.377293
2 0.278646 0.543519 0.0552083 0.142593 0.383405
0 0.928646 0.743056 0.0145833 0.0657407 0.399232
2 0.820312 0.185648 0.0166667 0.0287037 0.41536
7 0.664583 0.253241 0.0614583 0.0842593 0.426257
2 0.426302 0.452778 0.0505208 0.112963 0.430064
0 0.934896 0.798148 0.0197917 0.0703704 0.437984
2 0.554688 0.212037 0.0302083 0.0407407 0.454232
9 0.974479 0.738426 0.0114583 0.0527778 0.462853
7 0.426562 0.452315 0.0510417 0.112037 0.483371
2 0.408073 0.285648 0.0494792 0.0564815 0.485221
2 0.469271 0.288426 0.0427083 0.0509259 0.567397
5 0.442969 0.215741 0.118229 0.105556 0.585486
2 0.51875 0.247685 0.0385417 0.0435185 0.599653
0 0.88099 0.745833 0.0203125 0.075 0.603336
2 0.408073 0.366204 0.0421875 0.0731481 0.625279
7 0.278385 0.542593 0.0546875 0.140741 0.665749
5 0.191927 0.680556 0.0901042 0.35 0.715308
2 0.499219 0.439352 0.0536458 0.0861111 0.725029
2 0.594271 0.556481 0.0916667 0.133333 0.858434
7 0.50651 0.575463 0.135937 0.239815 0.873707
2 0.796875 0.75787 0.1 0.143519 0.894115
2 0.669271 0.728241 0.110417 0.152778 0.899213
2 0.646094 0.85787 0.140104 0.189815 0.912496
2 0.795833 0.878241 0.130208 0.191667 0.914836
