2 0.464323 0.402315 0.0359375 0.075 0.289439
0 0.884115 0.49537 0.00989583 0.0537037 0.297377
0 0.352865 0.353704 0.0119792 0.0407407 0.305602
7 0.227344 0.315278 0.0526042 0.0990741 0.319231
9 0.973958 0.739352 0.0114583 0.0527778 0.332733
0 0.695052 0.675926 0.0276042 0.0555556 0.336656
3 0.70625 0.710648 0.0375 0.0638889 0.344357
2 0.464063 0.352778 0.0364583 0.0740741 0.380053
7 0.66276 0.251852 0.0588542 0.0796296 0.404375
2 0.535156 0.248148 0.0463542 0.0537037 0.409285
0 0.9375 0.793519 0.0208333 0.0703704 0.410948
2 0.488021 0.27037 0.0427083 0.0444444 0.413081
5 0.227344 0.314815 0.0515625 0.1 0.433384
2 0.576823 0.195833 0.0276042 0.0361111 0.436004
0 0.929167 0.74213 0.0145833 0.0657407 0.454677
0 0.91224 0.743519 0.0151042 0.0703704 0.465446
0 0.904167 0.481944 0.0104167 0.0546296 0.482817
2 0.229167 0.882407 0.0895833 0.190741 0.701679
7 0.409635 0.37963 0.0442708 0.148148 0.711057
2 0.434115 0.476852 0.0536458 0.087037 0.824653
2 0.440104 0.604167 0.0729167 0.121296 0.85575
2 0.503125 0.475 0.0697917 0.103704 0.86339
2 0.492188 0.55463 0.0791667 0.111111 0.877537
2 0.543229 0.440741 0.06875 0.0814815 0.884067
2 0.384375 0.506481 0.05 0.101852 0.889051
