0 0.449219 0.662037 0.0296875 0.0962963 0.253623
7 0.663021 0.254167 0.0572917 0.0824074 0.262914
0 0.872396 0.444444 0.0114583 0.0537037 0.262957
0 0.960156 0.814352 0.0244792 0.0712963 0.265151
0 0.973698 0.737037 0.0130208 0.0537037 0.28813
0 0.883073 0.725463 0.0182292 0.0638889 0.288848
2 0.457292 0.301852 0.0416667 0.0462963 0.298984
0 0.939844 0.793056 0.0244792 0.0731481 0.343868
2 0.528906 0.238426 0.0390625 0.0416667 0.413502
5 0.491667 0.19537 0.0541667 0.0796296 0.424
0 0.896875 0.41713 0.0114583 0.0583333 0.428693
0 0.914323 0.7375 0.0192708 0.0694444 0.44662
2 0.796615 0.265278 0.0286458 0.0453704 0.470274
2 0.490365 0.269444 0.0411458 0.0444444 0.48169
7 0.277083 0.346759 0.034375 0.0768519 0.509922
0 0.929688 0.741667 0.0166667 0.0685185 0.558132
7 0.229427 0.384259 0.0494792 0.146296 0.685532
2 0.479948 0.38287 0.0338542 0.0787037 0.688547
2 0.133594 0.563426 0.0598958 0.0916667 0.720751
5 0.440625 0.22037 0.0802083 0.0962963 0.736329
2 0.508854 0.465741 0.065625 0.101852 0.825894
5 0.263802 0.788426 0.169271 0.421296 0.829755
2 0.770833 0.735648 0.135417 0.180556 0.851967
2 0.776563 0.856019 0.129167 0.187963 0.875108
2 0.571615 0.543981 0.0776042 0.100926 0.880817
7 0.438542 0.475463 0.0875 0.200926 0.88154
2 0.584115 0.643981 0.0942708 0.126852 0.890171
2 0.615104 0.820833 0.122917 0.180556 0.912984
