0 0.917448 0.718518 0.0171875 0.0611111 0.26118
0 0.913542 0.736574 0.0177083 0.0638889 0.27519
2 0.420052 0.436574 0.0421875 0.10463 0.278012
7 0.668229 0.257407 0.0666667 0.0907407 0.305067
2 0.842188 0.102778 0.0135417 0.0259259 0.353366
2 0.209896 0.284722 0.0364583 0.0712963 0.371172
9 0.973958 0.737963 0.0125 0.0537037 0.386785
2 0.426823 0.269444 0.0453125 0.0592593 0.397991
2 0.559635 0.209259 0.0286458 0.037037 0.454603
0 0.929427 0.74213 0.0171875 0.0731481 0.494279
0 0.88125 0.744907 0.01875 0.0731481 0.497548
7 0.272917 0.468056 0.04375 0.121296 0.534734
7 0.419531 0.436111 0.0421875 0.103704 0.550781
2 0.816667 0.199074 0.0177083 0.037037 0.556979
2 0.525781 0.240741 0.0380208 0.0425926 0.562451
2 0.481771 0.278241 0.040625 0.0453704 0.580418
5 0.447917 0.206019 0.115625 0.087963 0.626713
2 0.423438 0.343519 0.0395833 0.0592593 0.723259
2 0.488802 0.418056 0.0453125 0.0861111 0.782514
2 0.702344 0.658333 0.0932292 0.142593 0.842587
5 0.183333 0.558333 0.0833333 0.259259 0.859064
7 0.484896 0.547222 0.120833 0.238889 0.863131
2 0.556771 0.516204 0.084375 0.123148 0.881311
2 0.663021 0.723148 0.107292 0.148148 0.899781
2 0.79349 0.877778 0.129688 0.190741 0.911198
2 0.63724 0.846759 0.127604 0.189815 0.92149
