2 0.0216146 0.686574 0.0432292 0.0898148 0.252973
9 0.973698 0.738426 0.0119792 0.0527778 0.315557
2 0.594531 0.175926 0.0255208 0.0407407 0.359943
7 0.95 0.296296 0.1 0.592593 0.427241
2 0.809635 0.221296 0.0203125 0.0407407 0.629862
0 0.873177 0.833333 0.0213542 0.1 0.719401
2 0.28724 0.381019 0.0546875 0.0583333 0.755376
2 0.128385 0.563426 0.0640625 0.106481 0.772471
7 0.733854 0.513426 0.0729167 0.147222 0.783181
2 0.658594 0.516204 0.0630208 0.10463 0.814351
2 0.35 0.725463 0.0854167 0.165741 0.825852
5 0.410156 0.248611 0.138021 0.136111 0.864512
