0 0.973698 0.737963 0.0119792 0.0518519 0.263921
0 0.917188 0.474074 0.015625 0.0648148 0.295259
9 0.973958 0.737963 0.0114583 0.0537037 0.345321
0 0.0617188 0.59213 0.0140625 0.0435185 0.360044
2 0.835156 0.135648 0.0140625 0.025 0.363183
0 0.903906 0.46713 0.0119792 0.0527778 0.365551
7 0.48125 0.527315 0.0802083 0.130556 0.391762
2 0.516667 0.201389 0.0302083 0.0324074 0.458097
2 0.48125 0.526852 0.0802083 0.12963 0.46423
2 0.210156 0.284722 0.0380208 0.075 0.481935
2 0.450781 0.25787 0.0411458 0.0453704 0.512745
0 0.936719 0.795833 0.0234375 0.0712963 0.590651
0 0.882292 0.745833 0.0177083 0.0731481 0.641581
2 0.395573 0.294907 0.0505208 0.0583333 0.717866
2 0.389062 0.391204 0.0364583 0.0712963 0.738073
2 0.490885 0.270833 0.0348958 0.0453704 0.761514
2 0.777344 0.735185 0.118229 0.168519 0.775579
5 0.442969 0.21713 0.121354 0.108333 0.785882
2 0.408594 0.440278 0.0369792 0.0712963 0.793108
2 0.430469 0.328704 0.0494792 0.0574074 0.848736
7 0.635156 0.718518 0.184896 0.314815 0.894614
