0 0.93724 0.798148 0.0182292 0.0648148 0.254118
0 0.901302 0.552315 0.0119792 0.0675926 0.265364
0 0.888021 0.548611 0.0114583 0.062037 0.26669
9 0.973437 0.7375 0.0114583 0.0527778 0.300818
0 0.973437 0.738426 0.0114583 0.0527778 0.316192
0 0.924219 0.755556 0.0171875 0.0592593 0.325696
7 0.241406 0.360185 0.0432292 0.124074 0.369732
5 0.241667 0.361111 0.0427083 0.125926 0.373331
0 0.908854 0.752315 0.015625 0.0731481 0.377854
2 0.480469 0.22963 0.0348958 0.0425926 0.439274
0 0.85026 0.824537 0.0140625 0.062037 0.444748
0 0.947396 0.751389 0.0145833 0.0527778 0.448109
5 0.4375 0.223148 0.114583 0.103704 0.487077
0 0.447656 0.6625 0.0317708 0.0972222 0.487082
2 0.840104 0.108796 0.0145833 0.0268519 0.489078
0 0.984896 0.615278 0.0135417 0.062037 0.584725
2 0.395573 0.319444 0.0557292 0.0703704 0.723819
2 0.447396 0.274074 0.0447917 0.062963 0.744816
2 0.289583 0.562037 0.05 0.111111 0.844149
2 0.829687 0.921759 0.147917 0.15463 0.914761
