5 0.429948 0.275926 0.0567708 0.0814815 0.269657
2 0.842188 0.102778 0.0166667 0.0296296 0.330004
0 0.909375 0.444444 0.0125 0.062963 0.364587
5 0.477083 0.193519 0.05625 0.0611111 0.364723
0 0.904688 0.759722 0.0166667 0.0564815 0.369881
9 0.973958 0.737963 0.0114583 0.0518519 0.447089
0 0.0828125 0.966667 0.0291667 0.062963 0.450322
0 0.884635 0.770833 0.0151042 0.0694444 0.528432
5 0.421354 0.236111 0.078125 0.0962963 0.5331
2 0.340365 0.350463 0.0776042 0.0787037 0.605311
2 0.429427 0.29213 0.0432292 0.0546296 0.78029
2 0.0632813 0.636111 0.0692708 0.0962963 0.797459
2 0.35 0.725926 0.0864583 0.162963 0.861664
