0 0.448177 0.658333 0.0286458 0.0888889 0.266884
7 0.669792 0.261574 0.0697917 0.100926 0.278145
0 0.930729 0.737037 0.021875 0.0611111 0.292011
9 0.973958 0.7375 0.0125 0.0509259 0.305892
2 0.48151 0.229167 0.0348958 0.037963 0.339275
0 0.973698 0.737963 0.0119792 0.0518519 0.33935
0 0.921875 0.725 0.0177083 0.0666667 0.34761
2 0.251042 0.296759 0.0260417 0.0416667 0.363861
2 0.438542 0.281944 0.0520833 0.0601852 0.376899
7 0.21276 0.289352 0.0411458 0.0768519 0.383676
9 0.351823 0.352315 0.0130208 0.0435185 0.408987
0 0.895052 0.438889 0.00989583 0.0462963 0.423233
2 0.839844 0.106481 0.0161458 0.0296296 0.448746
5 0.477865 0.196759 0.0546875 0.0694444 0.456917
2 0.536719 0.205093 0.0317708 0.0398148 0.48509
0 0.936979 0.797685 0.0239583 0.0675926 0.489945
5 0.213021 0.289352 0.0416667 0.0768519 0.492169
0 0.882292 0.74537 0.0177083 0.0722222 0.542026
0 0.915885 0.597685 0.0140625 0.0675926 0.580161
5 0.424219 0.226852 0.0828125 0.0888889 0.651691
2 0.39401 0.29537 0.0473958 0.0555556 0.686714
2 0.410937 0.477315 0.0552083 0.0935185 0.861765
2 0.552865 0.658333 0.0953125 0.137037 0.886391
2 0.741927 0.719907 0.104687 0.149074 0.901251
2 0.710156 0.816204 0.124479 0.171296 0.914486
