0 0.90599 0.781482 0.0130208 0.0314815 0.26919
7 0.951563 0.297685 0.096875 0.59537 0.326243
5 0.416406 0.244444 0.0651042 0.107407 0.328888
2 0.323177 0.37963 0.0609375 0.0759259 0.354207
9 0.974219 0.7375 0.0119792 0.0509259 0.368293
2 0.842708 0.1 0.0177083 0.0314815 0.370113
2 0.25625 0.318519 0.0270833 0.0333333 0.411405
5 0.440885 0.222222 0.124479 0.118519 0.555114
0 0.884115 0.794907 0.0161458 0.0583333 0.584282
2 0.475781 0.233333 0.0369792 0.0407407 0.619951
2 0.413802 0.301389 0.0494792 0.062037 0.737137
2 0.295312 0.376389 0.053125 0.0694444 0.775049
2 0.349479 0.725463 0.0854167 0.163889 0.848745
