7 0.665365 0.259259 0.0609375 0.0944444 0.26119
2 0.254427 0.31713 0.0203125 0.0324074 0.306379
9 0.351823 0.353704 0.0140625 0.0444444 0.325479
2 0.407031 0.978241 0.0859375 0.0416667 0.359627
9 0.974219 0.737037 0.0119792 0.0518519 0.468323
2 0.228646 0.444444 0.0510417 0.0722222 0.485858
2 0.564583 0.915278 0.160417 0.162037 0.55914
7 0.94974 0.297222 0.100521 0.590741 0.590038
2 0.405469 0.2875 0.0442708 0.0509259 0.636992
2 0.43776 0.966204 0.0776042 0.0638889 0.650436
2 0.775 0.360185 0.0364583 0.0703704 0.662796
2 0.165104 0.531018 0.071875 0.113889 0.676697
5 0.438802 0.218056 0.125521 0.106481 0.747376
2 0.264583 0.431944 0.0604167 0.0898148 0.763557
2 0.34974 0.725 0.0859375 0.162963 0.839835
