5 0.210417 0.286111 0.0364583 0.0703704 0.274493
0 0.447396 0.656944 0.0302083 0.087963 0.301964
2 0.839844 0.108796 0.0161458 0.0268519 0.319681
0 0.994271 0.625 0.0114583 0.0685185 0.338021
0 0.922396 0.722222 0.0166667 0.0703704 0.346824
0 0.0877604 0.5125 0.0244792 0.0638889 0.356723
0 0.0611979 0.668056 0.0130208 0.0527778 0.359845
5 0.840885 0.893519 0.144271 0.205556 0.374225
7 0.841667 0.894444 0.145833 0.205556 0.392519
0 0.791927 0.97963 0.0171875 0.037037 0.403365
9 0.973958 0.7375 0.0114583 0.0509259 0.418111
2 0.590104 0.162963 0.0197917 0.0296296 0.448033
2 0.840885 0.894444 0.144271 0.203704 0.449355
2 0.482812 0.227315 0.0364583 0.0398148 0.472873
2 0.210156 0.285648 0.0359375 0.0712963 0.478411
0 0.898438 0.536111 0.0125 0.062963 0.497325
5 0.426042 0.224074 0.0854167 0.0944444 0.497861
2 0.516406 0.219907 0.0421875 0.0564815 0.507134
2 0.450781 0.25787 0.0421875 0.0453704 0.510958
0 0.882031 0.74537 0.0171875 0.0722222 0.538801
2 0.395052 0.295833 0.0505208 0.0564815 0.745191
2 0.392969 0.391667 0.0411458 0.0740741 0.802879
2 0.54974 0.522685 0.0671875 0.10463 0.86221
2 0.544531 0.646296 0.0921875 0.131481 0.867368
2 0.441667 0.521296 0.065625 0.0981481 0.872582
