5 0.43151 0.259722 0.0515625 0.0583333 0.261822
7 0.95 0.298148 0.1 0.596296 0.271819
0 0.90625 0.399537 0.009375 0.0509259 0.291896
0 0.898438 0.941204 0.0208333 0.0731481 0.39861
2 0.257292 0.31713 0.025 0.0342593 0.475708
0 0.854167 0.981481 0.028125 0.0333333 0.490358
0 0.0861979 0.512037 0.0223958 0.0648148 0.501584
0 0.879167 0.938426 0.0177083 0.0694444 0.507451
2 0.432813 0.263426 0.0416667 0.0509259 0.629616
2 0.215365 0.480556 0.0682292 0.105556 0.675444
2 0.298958 0.391667 0.0583333 0.0796296 0.724848
2 0.747135 0.462037 0.0515625 0.0851852 0.749863
2 0.0921875 0.560185 0.0625 0.0944444 0.775591
2 0.349219 0.724074 0.0848958 0.166667 0.794811
5 0.441927 0.220833 0.121354 0.119444 0.806799
