0 0.449219 0.660185 0.0338542 0.0925926 0.280237
0 0.974219 0.738426 0.0119792 0.0546296 0.308241
9 0.973958 0.738426 0.0114583 0.0546296 0.324286
5 0.466667 0.240741 0.0385417 0.0388889 0.347182
2 0.842448 0.1 0.0140625 0.0259259 0.370533
0 0.902083 0.841204 0.01875 0.0657407 0.371978
0 0.881771 0.848148 0.021875 0.0740741 0.531748
5 0.443229 0.225926 0.11875 0.124074 0.690972
2 0.466146 0.240741 0.0375 0.0407407 0.709443
2 0.292448 0.409259 0.0671875 0.087037 0.713371
2 0.349219 0.723611 0.0848958 0.165741 0.780868
2 0.238802 0.421759 0.0578125 0.0842593 0.833909
2 0.377865 0.328241 0.0515625 0.062037 0.856879
2 0.614323 0.840741 0.105729 0.194444 0.885667
