2 0.480729 0.228241 0.0354167 0.0398148 0.294195
7 0.241146 0.35 0.04375 0.111111 0.35219
0 0.927083 0.746759 0.0135417 0.0583333 0.357954
2 0.241406 0.350463 0.0442708 0.112037 0.370101
0 0.994271 0.626389 0.0104167 0.0675926 0.377061
0 0.890104 0.539815 0.0114583 0.0555556 0.406154
2 0.839583 0.108796 0.0145833 0.0268519 0.429297
0 0.850521 0.823611 0.0145833 0.062037 0.442175
0 0.948698 0.746296 0.0130208 0.0462963 0.461744
0 0.909635 0.751389 0.0192708 0.0842593 0.471898
0 0.447656 0.6625 0.0317708 0.0972222 0.499362
0 0.973437 0.738426 0.0114583 0.0546296 0.500437
5 0.436719 0.223148 0.117188 0.103704 0.506997
2 0.447917 0.273148 0.0427083 0.062963 0.709945
2 0.395573 0.319907 0.0557292 0.0694444 0.722515
2 0.282552 0.530556 0.0442708 0.103704 0.842371
2 0.79375 0.902778 0.14375 0.187037 0.910221
