0 0.894271 0.589815 0.021875 0.0648148 0.265812
0 0.934375 0.747685 0.0125 0.0416667 0.30498
2 0.403125 0.302315 0.040625 0.0546296 0.309015
9 0.974219 0.7375 0.0130208 0.0527778 0.330583
0 0.448177 0.660648 0.0317708 0.0935185 0.343593
0 0.903646 0.592593 0.015625 0.062963 0.366047
0 0.955208 0.572222 0.0104167 0.0574074 0.385049
0 0.935677 0.797685 0.0171875 0.0694444 0.385953
0 0.915885 0.781018 0.0171875 0.0601852 0.415935
2 0.240104 0.284259 0.01875 0.0351852 0.436889
0 0.849479 0.823611 0.0135417 0.0601852 0.479212
2 0.839583 0.109722 0.0166667 0.0268519 0.488843
2 0.384375 0.325 0.0333333 0.0574074 0.528737
0 0.898698 0.784259 0.0151042 0.0703704 0.542251
2 0.480469 0.228241 0.0359375 0.0416667 0.558629
5 0.430469 0.224537 0.0921875 0.0953704 0.587537
0 0.88776 0.585185 0.0119792 0.062963 0.619639
2 0.267708 0.338889 0.0260417 0.0388889 0.677722
5 0.216406 0.401852 0.0786458 0.162963 0.746091
2 0.445312 0.279167 0.046875 0.062037 0.754831
2 0.323698 0.668056 0.0734375 0.14537 0.88926
