7 0.663021 0.254167 0.0572917 0.0824074 0.250214
0 0.960156 0.814815 0.0244792 0.0703704 0.268166
0 0.872656 0.444444 0.0109375 0.0537037 0.279739
0 0.973698 0.7375 0.0130208 0.0546296 0.290634
2 0.458333 0.301389 0.04375 0.0472222 0.300701
2 0.502083 0.214352 0.0364583 0.0416667 0.302327
0 0.882552 0.726389 0.0182292 0.0657407 0.316469
0 0.939844 0.793519 0.0244792 0.0740741 0.341747
0 0.896354 0.41713 0.0104167 0.0564815 0.352329
2 0.528646 0.238889 0.0395833 0.0425926 0.393446
5 0.492708 0.192593 0.0541667 0.0759259 0.396637
0 0.914323 0.737037 0.0192708 0.0685185 0.438163
2 0.490885 0.269444 0.0401042 0.0444444 0.460835
7 0.277083 0.345833 0.0333333 0.0768519 0.485441
2 0.796354 0.266667 0.028125 0.0444444 0.500197
0 0.929688 0.741667 0.0166667 0.0685185 0.555952
7 0.229167 0.380093 0.05 0.147222 0.589039
2 0.136458 0.559722 0.0604167 0.0953704 0.662366
5 0.441406 0.222685 0.0796875 0.0935185 0.748255
2 0.480208 0.38287 0.034375 0.0787037 0.748284
5 0.260677 0.784722 0.163021 0.426852 0.811709
2 0.507552 0.465278 0.0640625 0.102778 0.84615
2 0.767187 0.732407 0.132292 0.181481 0.851598
2 0.776823 0.856019 0.128646 0.187963 0.878631
7 0.4375 0.473148 0.0864583 0.196296 0.880887
2 0.571615 0.542593 0.0765625 0.0981481 0.881629
2 0.583073 0.641204 0.0953125 0.125 0.905667
2 0.614844 0.819907 0.124479 0.178704 0.917
