2 0.449219 0.256481 0.0744792 0.0759259 0.25229
0 0.959896 0.814352 0.021875 0.0638889 0.259477
2 0.23776 0.339815 0.0515625 0.112963 0.260914
2 0.161198 0.499074 0.0265625 0.0296296 0.329727
2 0.21849 0.254167 0.0213542 0.025 0.359668
0 0.93724 0.801852 0.0140625 0.0574074 0.362705
2 0.839323 0.10787 0.0171875 0.0287037 0.444375
0 0.973177 0.740741 0.0109375 0.0518519 0.509629
0 0.952083 0.748148 0.0145833 0.0555556 0.5159
0 0.889844 0.529167 0.0109375 0.0546296 0.518846
5 0.2375 0.340741 0.0510417 0.112963 0.533849
2 0.482292 0.228704 0.0375 0.0425926 0.633174
5 0.44349 0.218519 0.120312 0.101852 0.657378
2 0.394531 0.321296 0.0557292 0.0666667 0.676054
2 0.273958 0.483796 0.0385417 0.106481 0.745018
2 0.45026 0.274074 0.0432292 0.0555556 0.790169
2 0.748958 0.861111 0.139583 0.203704 0.901431
