7 0.211458 0.285648 0.0395833 0.0731481 0.273393
7 0.950781 0.300463 0.0973958 0.600926 0.29111
0 0.025 0.985185 0.0135417 0.0296296 0.297218
0 0.928906 0.74213 0.0140625 0.0657407 0.312639
2 0.210677 0.284259 0.0380208 0.0722222 0.32039
2 0.822917 0.181481 0.0177083 0.0296296 0.324821
7 0.66224 0.251852 0.0557292 0.0796296 0.376879
9 0.974479 0.7375 0.0114583 0.0527778 0.429224
2 0.551562 0.217593 0.0322917 0.0407407 0.466523
2 0.402344 0.288889 0.0473958 0.0592593 0.475267
2 0.515365 0.25 0.0411458 0.0444444 0.48169
7 0.208333 0.751852 0.127083 0.4 0.493588
0 0.881771 0.747222 0.0177083 0.0759259 0.503357
2 0.461458 0.294444 0.0447917 0.0518519 0.529905
2 0.429948 0.461574 0.0526042 0.115741 0.606512
0 0.935417 0.797222 0.021875 0.0722222 0.608891
5 0.44349 0.215278 0.121354 0.10463 0.632611
2 0.505469 0.445833 0.0578125 0.087963 0.651873
2 0.404687 0.380556 0.040625 0.0666667 0.691978
5 0.211198 0.75463 0.124479 0.396296 0.72062
7 0.285937 0.585648 0.0635417 0.152778 0.790743
2 0.845312 0.805556 0.103125 0.15 0.879999
2 0.65 0.861111 0.139583 0.190741 0.896164
7 0.513802 0.581944 0.138021 0.249074 0.900894
2 0.622396 0.579167 0.096875 0.134259 0.907489
2 0.795573 0.879167 0.130729 0.191667 0.915611
2 0.66849 0.728704 0.109896 0.148148 0.916937
