2 0.210677 0.28287 0.0380208 0.0694444 0.314236
7 0.441406 0.485648 0.0526042 0.121296 0.388561
0 0.925521 0.734259 0.0208333 0.0851852 0.409803
0 0.936458 0.797685 0.0229167 0.0712963 0.416067
9 0.974219 0.7375 0.0119792 0.0546296 0.458946
2 0.441667 0.485648 0.0520833 0.121296 0.480241
7 0.546615 0.502778 0.0932292 0.133333 0.488553
2 0.830208 0.155093 0.01875 0.0268519 0.520827
2 0.534896 0.230556 0.0364583 0.0425926 0.52591
0 0.882031 0.744444 0.0151042 0.0666667 0.543341
2 0.547396 0.501852 0.0947917 0.133333 0.587172
5 0.442187 0.21713 0.123958 0.108333 0.630969
2 0.493229 0.268519 0.0416667 0.0462963 0.644921
7 0.42474 0.877778 0.154687 0.242593 0.669666
2 0.407031 0.428241 0.0359375 0.0657407 0.672004
2 0.395573 0.295833 0.0505208 0.0583333 0.681098
2 0.409635 0.347685 0.0432292 0.0675926 0.689939
7 0.517187 0.583796 0.1375 0.258333 0.862823
2 0.833333 0.784259 0.123958 0.185185 0.892354
2 0.668229 0.727315 0.110417 0.150926 0.907417
2 0.819792 0.905093 0.132292 0.186111 0.911752
2 0.66901 0.878241 0.133854 0.193519 0.921958
