7 0.951302 0.297222 0.0973958 0.594444 0.283893
0 0.447917 0.65787 0.0322917 0.0861111 0.300707
2 0.0208333 0.682407 0.0416667 0.0703704 0.356419
9 0.974219 0.737037 0.0119792 0.0518519 0.360991
0 0.904427 0.799537 0.0171875 0.0546296 0.398849
2 0.254948 0.318519 0.0244792 0.0333333 0.523347
5 0.43151 0.231481 0.0963542 0.112963 0.534354
0 0.883854 0.802778 0.0166667 0.062963 0.53836
2 0.474219 0.234259 0.0348958 0.0425926 0.595679
2 0.409635 0.306019 0.0473958 0.062037 0.784582
2 0.289062 0.38287 0.0572917 0.0712963 0.822787
2 0.349479 0.725463 0.0854167 0.163889 0.845475
