0 0.0570313 0.683796 0.0130208 0.037963 0.25668
2 0.481771 0.228241 0.034375 0.037963 0.257904
2 0.247917 0.293519 0.0270833 0.0407407 0.290862
7 0.66875 0.259722 0.0677083 0.0972222 0.309719
9 0.973958 0.7375 0.0125 0.0509259 0.310423
5 0.443229 0.270833 0.0552083 0.0787037 0.312385
0 0.932292 0.743981 0.0197917 0.0638889 0.322442
0 0.973698 0.737963 0.0119792 0.0518519 0.33179
0 0.895052 0.435185 0.00989583 0.0407407 0.337395
0 0.921875 0.725 0.0166667 0.0666667 0.346799
5 0.213021 0.289815 0.0416667 0.0796296 0.366896
7 0.213021 0.289815 0.040625 0.0796296 0.366906
9 0.351823 0.352315 0.0130208 0.0435185 0.4089
5 0.478125 0.198611 0.0541667 0.0731481 0.442681
2 0.839844 0.106019 0.0161458 0.0305556 0.464271
0 0.913281 0.593982 0.0140625 0.0694444 0.473031
0 0.936458 0.797222 0.0229167 0.0685185 0.475125
2 0.442969 0.273148 0.0536458 0.0759259 0.522767
0 0.882292 0.74537 0.0177083 0.0722222 0.526814
2 0.544531 0.199074 0.0296875 0.0407407 0.626449
5 0.424479 0.226852 0.0822917 0.0888889 0.651689
2 0.394271 0.29537 0.0479167 0.0574074 0.709798
2 0.405729 0.465278 0.05 0.0935185 0.836115
2 0.536198 0.639815 0.0932292 0.131481 0.891587
2 0.715625 0.697685 0.0989583 0.147222 0.894736
2 0.689062 0.799537 0.120833 0.173148 0.918582
