0 0.0606771 0.600463 0.0119792 0.0398148 0.270229
9 0.0606771 0.601389 0.0119792 0.0398148 0.287727
2 0.410677 0.316667 0.0588542 0.062963 0.403361
2 0.450521 0.256481 0.04375 0.05 0.423159
9 0.973698 0.738426 0.0109375 0.0527778 0.450877
5 0.442708 0.218981 0.121875 0.108333 0.476034
2 0.209896 0.284722 0.0364583 0.0768519 0.476232
2 0.522656 0.569907 0.0942708 0.143519 0.577978
0 0.882812 0.741204 0.0166667 0.0657407 0.594494
2 0.505729 0.210648 0.03125 0.0435185 0.670665
2 0.395312 0.295833 0.0520833 0.0564815 0.693052
2 0.482031 0.284722 0.0338542 0.0490741 0.70777
2 0.389583 0.390741 0.0354167 0.0740741 0.779214
2 0.410677 0.445833 0.0401042 0.0731481 0.780438
2 0.423698 0.332407 0.0494792 0.0592593 0.840452
2 0.884115 0.84213 0.118229 0.175 0.88117
7 0.709375 0.802315 0.203125 0.362037 0.91354
