0 0.446875 0.656482 0.0302083 0.087037 0.251038
0 0.911719 0.666667 0.0130208 0.0648148 0.294794
0 0.91276 0.650463 0.0109375 0.0305556 0.307368
9 0.352344 0.350926 0.0130208 0.0444444 0.31047
2 0.254687 0.31713 0.021875 0.0305556 0.331284
2 0.395573 0.32037 0.0546875 0.0666667 0.422332
9 0.974219 0.738426 0.0119792 0.0546296 0.448229
5 0.441146 0.217593 0.126042 0.109259 0.448762
0 0.891146 0.668519 0.0135417 0.062963 0.474378
0 0.919271 0.495833 0.0135417 0.0694444 0.494067
2 0.840625 0.106944 0.015625 0.0324074 0.524191
0 0.908594 0.85 0.0203125 0.0888889 0.528904
0 0.839063 0.913889 0.0166667 0.0425926 0.542112
2 0.445312 0.279167 0.046875 0.062037 0.636715
2 0.235156 0.448148 0.0484375 0.0759259 0.827545
2 0.349219 0.724537 0.0848958 0.162037 0.830993
5 0.0880208 0.544444 0.169792 0.224074 0.901453
