0 0.883333 0.671759 0.0135417 0.0638889 0.258849
9 0.351562 0.353704 0.0125 0.0425926 0.264872
0 0.895312 0.438889 0.009375 0.0518519 0.280068
0 0.872917 0.444444 0.0104167 0.0518519 0.292493
0 0.352344 0.353704 0.0119792 0.0407407 0.304601
5 0.232031 0.331481 0.0546875 0.107407 0.325079
7 0.231771 0.331944 0.0541667 0.106481 0.345446
2 0.840885 0.099537 0.0161458 0.0287037 0.348869
9 0.973698 0.738889 0.0119792 0.0518519 0.385902
0 0.913281 0.733796 0.0171875 0.0731481 0.396501
7 0.666406 0.259259 0.0630208 0.0962963 0.417842
0 0.928906 0.74213 0.0140625 0.0712963 0.432855
2 0.25 0.410185 0.0354167 0.0648148 0.494522
2 0.488542 0.27037 0.040625 0.0462963 0.507605
0 0.936979 0.793519 0.0197917 0.0703704 0.508757
2 0.459635 0.298148 0.0453125 0.0462963 0.545409
2 0.53099 0.237963 0.0380208 0.0388889 0.666026
2 0.777865 0.34213 0.0348958 0.0546296 0.688142
7 0.421615 0.431944 0.0619792 0.173148 0.732723
2 0.480469 0.356019 0.0338542 0.0675926 0.75697
2 0.528385 0.500926 0.0651042 0.0925926 0.822499
5 0.208333 0.565741 0.075 0.268519 0.838864
5 0.490625 0.193981 0.110417 0.106481 0.842071
2 0.48125 0.430093 0.0489583 0.0898148 0.85166
2 0.519792 0.575926 0.0802083 0.112963 0.890787
2 0.650521 0.623611 0.110417 0.150926 0.895348
2 0.55 0.746296 0.109375 0.166667 0.907322
2 0.728646 0.799537 0.125 0.178704 0.914353
