0 0.904688 0.76713 0.0145833 0.0398148 0.260873
5 0.477865 0.232407 0.0380208 0.0388889 0.315339
2 0.339063 0.361574 0.0875 0.0842593 0.33077
5 0.477344 0.192593 0.0546875 0.0574074 0.386616
0 0.909375 0.437037 0.0114583 0.0574074 0.392894
0 0.0859375 0.970833 0.0291667 0.0564815 0.40013
9 0.973958 0.7375 0.0125 0.0527778 0.410274
2 0.842188 0.102315 0.015625 0.0287037 0.439008
5 0.420833 0.238426 0.078125 0.100926 0.553106
0 0.884375 0.779167 0.015625 0.0638889 0.590328
2 0.477344 0.232407 0.0348958 0.0388889 0.59187
2 0.0505208 0.647222 0.046875 0.0796296 0.646744
2 0.422917 0.293519 0.04375 0.0574074 0.749418
2 0.35 0.726389 0.0864583 0.163889 0.861992
