2 0.842188 0.102315 0.0135417 0.025 0.265457
2 0.210677 0.283333 0.0380208 0.0703704 0.32412
0 0.925521 0.734259 0.0208333 0.0851852 0.402277
7 0.552865 0.505093 0.0723958 0.115741 0.425074
0 0.936458 0.797685 0.0229167 0.0712963 0.447408
9 0.973958 0.7375 0.0114583 0.0546296 0.461021
7 0.440885 0.484259 0.0536458 0.116667 0.461658
2 0.828646 0.15787 0.0197917 0.025 0.492273
2 0.535417 0.228704 0.0354167 0.0444444 0.550605
2 0.440885 0.484722 0.0526042 0.115741 0.60004
0 0.881771 0.747222 0.0166667 0.0740741 0.618084
2 0.49401 0.269444 0.0411458 0.0444444 0.624604
5 0.442969 0.216667 0.123438 0.107407 0.626738
2 0.407031 0.427315 0.0369792 0.0675926 0.647255
2 0.395573 0.296296 0.0505208 0.0574074 0.683053
2 0.552604 0.504167 0.0739583 0.117593 0.68615
2 0.411719 0.34213 0.0421875 0.062037 0.730996
7 0.409375 0.867593 0.147917 0.255556 0.761387
2 0.819792 0.77037 0.120833 0.17963 0.885294
7 0.517187 0.585185 0.1375 0.251852 0.892403
2 0.668229 0.726852 0.110417 0.15 0.90921
2 0.667188 0.875 0.13125 0.194444 0.917278
2 0.814323 0.899537 0.130729 0.189815 0.925192
