2 0.0208333 0.691204 0.0416667 0.0916667 0.280323
7 0.948438 0.297222 0.103125 0.594444 0.3136
5 0.475781 0.192593 0.0557292 0.0592593 0.329688
0 0.904948 0.801852 0.0161458 0.05 0.341986
9 0.974219 0.7375 0.0119792 0.0527778 0.388035
2 0.315365 0.382407 0.0671875 0.0907407 0.408728
0 0.448177 0.658333 0.0317708 0.0888889 0.423402
2 0.25651 0.317593 0.0255208 0.0314815 0.435844
0 0.882812 0.810648 0.0166667 0.0638889 0.584544
2 0.472656 0.235185 0.0369792 0.0425926 0.586215
5 0.421354 0.233796 0.0760417 0.0990741 0.586225
2 0.547135 0.974074 0.0911458 0.0481481 0.599742
2 0.283073 0.386574 0.0598958 0.075 0.731026
2 0.404948 0.306481 0.0505208 0.062963 0.802498
2 0.35 0.725463 0.0854167 0.163889 0.850377
