2 0.560156 0.20787 0.0307292 0.0398148 0.258745
2 0.840365 0.0986111 0.0171875 0.0287037 0.279646
0 0.872656 0.443981 0.0109375 0.0509259 0.289645
9 0.351823 0.352778 0.0130208 0.0425926 0.320004
0 0.913021 0.7375 0.0145833 0.0601852 0.320178
0 0.895833 0.431481 0.0104167 0.0518519 0.326079
2 0.459635 0.3 0.0432292 0.0407407 0.331091
9 0.973437 0.739815 0.0125 0.0518519 0.33624
0 0.928385 0.74213 0.0140625 0.0675926 0.389591
2 0.48776 0.269907 0.0442708 0.0453704 0.406249
0 0.938542 0.79213 0.0239583 0.075 0.437177
2 0.529167 0.237037 0.0375 0.0425926 0.448488
2 0.269271 0.322222 0.0354167 0.0611111 0.477351
7 0.665885 0.256944 0.0630208 0.0916667 0.501835
2 0.230208 0.441204 0.040625 0.0583333 0.50543
2 0.784375 0.315278 0.0333333 0.0490741 0.522691
0 0.880469 0.697222 0.0140625 0.0740741 0.541678
2 0.479948 0.365741 0.0328125 0.0703704 0.556037
2 0.488021 0.44213 0.0552083 0.0972222 0.703921
5 0.217708 0.623611 0.0833333 0.319444 0.77557
5 0.477344 0.197222 0.109896 0.109259 0.823953
2 0.542969 0.509722 0.0682292 0.102778 0.827847
7 0.42474 0.444444 0.0692708 0.175926 0.844504
2 0.678646 0.65 0.117708 0.162963 0.871751
2 0.749219 0.830556 0.138021 0.185185 0.881074
2 0.538542 0.59537 0.084375 0.12037 0.892033
2 0.582031 0.785648 0.115104 0.171296 0.910473
