9 0.973958 0.738889 0.0125 0.0537037 0.256282
0 0.886198 0.453241 0.0109375 0.0527778 0.261688
0 0.973437 0.739352 0.0125 0.0527778 0.315924
2 0.839583 0.114815 0.0145833 0.0388889 0.34995
7 0.666406 0.255556 0.0640625 0.087037 0.395108
0 0.922917 0.727315 0.0208333 0.0787037 0.406327
0 0.929948 0.7375 0.0203125 0.0657407 0.424958
7 0.551302 0.602315 0.100521 0.158333 0.426566
2 0.45026 0.259259 0.0401042 0.0444444 0.456256
2 0.209635 0.280556 0.0369792 0.0796296 0.517908
2 0.501562 0.213426 0.0333333 0.037963 0.530022
0 0.882031 0.746296 0.0182292 0.0759259 0.533449
2 0.551042 0.601389 0.1 0.160185 0.621323
5 0.441406 0.218519 0.122396 0.109259 0.624057
2 0.944792 0.903241 0.110417 0.180556 0.682334
2 0.395833 0.295833 0.05 0.0564815 0.708846
2 0.478125 0.295833 0.03125 0.0509259 0.73693
2 0.413542 0.449074 0.0458333 0.0777778 0.752996
2 0.389583 0.392593 0.034375 0.0685185 0.792156
7 0.757812 0.827778 0.210417 0.340741 0.851528
2 0.422917 0.335648 0.05 0.0601852 0.860046
