2 0.490885 0.27037 0.0348958 0.0388889 0.264206
9 0.410417 0.380556 0.0427083 0.144444 0.271845
0 0.903646 0.481481 0.0104167 0.0555556 0.383254
2 0.508854 0.29537 0.0395833 0.05 0.449185
9 0.974219 0.737963 0.0119792 0.0518519 0.461347
2 0.530469 0.235648 0.0359375 0.037963 0.479322
0 0.9375 0.793519 0.0197917 0.0685185 0.481948
2 0.461979 0.359722 0.034375 0.075 0.525542
2 0.56276 0.206944 0.0296875 0.0342593 0.54832
7 0.410156 0.380093 0.0442708 0.147222 0.552799
5 0.410417 0.380093 0.04375 0.147222 0.573175
0 0.929427 0.742593 0.0161458 0.0722222 0.578268
0 0.914323 0.734722 0.0182292 0.0842593 0.624815
2 0.25651 0.931481 0.110937 0.131481 0.696318
2 0.46875 0.417593 0.0416667 0.0722222 0.737537
2 0.5375 0.723611 0.1 0.150926 0.835885
2 0.569531 0.451389 0.0755208 0.0842593 0.843083
2 0.521615 0.486111 0.0776042 0.107407 0.853057
2 0.395312 0.526852 0.0552083 0.103704 0.866622
2 0.439583 0.488889 0.0583333 0.0944444 0.879878
2 0.517187 0.580093 0.0864583 0.119444 0.915392
