0 0.904167 0.483333 0.0104167 0.05 0.261483
9 0.409896 0.379167 0.0427083 0.14537 0.264582
0 0.884635 0.50787 0.00989583 0.0546296 0.265269
3 0.795833 0.7875 0.021875 0.0546296 0.283862
2 0.490365 0.268981 0.0390625 0.0435185 0.3024
5 0.233594 0.326852 0.0505208 0.0925926 0.320541
9 0.973958 0.7375 0.0114583 0.0527778 0.32383
2 0.464323 0.351389 0.0359375 0.0694444 0.378026
0 0.929427 0.737963 0.0130208 0.0648148 0.399754
2 0.464583 0.402315 0.0364583 0.0768519 0.420243
0 0.936979 0.795833 0.0177083 0.062037 0.424124
7 0.667708 0.260648 0.0666667 0.0990741 0.433732
0 0.913021 0.7375 0.0145833 0.0805556 0.43795
2 0.523177 0.274537 0.0359375 0.0490741 0.43999
2 0.56849 0.201389 0.0234375 0.0342593 0.470104
2 0.230729 0.8875 0.0895833 0.186111 0.664808
7 0.410156 0.378704 0.0442708 0.15 0.69143
2 0.435677 0.481019 0.0536458 0.087963 0.786405
2 0.458854 0.628704 0.08125 0.12963 0.824367
2 0.507812 0.476389 0.0708333 0.10463 0.839908
2 0.385156 0.506019 0.0494792 0.100926 0.858937
2 0.496354 0.556944 0.0802083 0.113889 0.879344
2 0.547135 0.441204 0.0671875 0.0805556 0.885439
