2 0.402604 0.286111 0.0427083 0.0425926 0.259415
9 0.351562 0.353241 0.0145833 0.0453704 0.268941
2 0.397396 0.318056 0.0520833 0.0712963 0.294654
2 0.870833 0.563426 0.0197917 0.0268519 0.305727
0 0.658854 0.3125 0.0135417 0.075 0.31333
0 0.889323 0.610648 0.0130208 0.0546296 0.333038
0 0.93724 0.540278 0.0119792 0.0638889 0.354453
0 0.93724 0.800463 0.0171875 0.0657407 0.377674
9 0.974219 0.735648 0.0119792 0.0509259 0.421271
2 0.839063 0.112037 0.0166667 0.0240741 0.424161
0 0.914583 0.759722 0.0135417 0.0546296 0.444888
2 0.24974 0.305093 0.0203125 0.0305556 0.460663
5 0.43724 0.219444 0.108854 0.0925926 0.467756
2 0.386458 0.328241 0.0354167 0.0546296 0.490217
0 0.892969 0.830556 0.0161458 0.0759259 0.491601
2 0.48099 0.22963 0.0359375 0.0425926 0.562425
2 0.270312 0.35787 0.0302083 0.0583333 0.711485
2 0.444792 0.280556 0.0458333 0.0555556 0.760467
2 0.341927 0.70787 0.0828125 0.158333 0.877686
5 0.180208 0.446296 0.13125 0.196296 0.887417
