9 0.973698 0.7375 0.0130208 0.0546296 0.267093
0 0.926823 0.733333 0.0182292 0.0759259 0.3329
7 0.297135 0.922685 0.176563 0.149074 0.33956
7 0.541927 0.49213 0.0744792 0.10463 0.348513
0 0.93724 0.795833 0.0213542 0.0675926 0.362165
2 0.228906 0.85787 0.0619792 0.0953704 0.448113
2 0.539583 0.223611 0.0395833 0.0416667 0.521441
2 0.209896 0.284259 0.0375 0.0722222 0.558078
2 0.827344 0.161111 0.0171875 0.0259259 0.621956
0 0.881771 0.745833 0.01875 0.075 0.625514
2 0.539844 0.491204 0.0744792 0.10463 0.631477
5 0.44375 0.216667 0.123958 0.107407 0.657076
2 0.402865 0.42037 0.0348958 0.0759259 0.673994
2 0.500781 0.262963 0.0432292 0.0481481 0.718033
2 0.440625 0.485185 0.0510417 0.116667 0.721087
2 0.396094 0.295833 0.0505208 0.0564815 0.752887
2 0.421094 0.333333 0.0463542 0.0592593 0.847409
7 0.36276 0.805556 0.139062 0.244444 0.850594
7 0.517187 0.583333 0.1375 0.25 0.897972
2 0.773177 0.727778 0.121354 0.175926 0.911129
2 0.663021 0.87037 0.132292 0.192593 0.91223
2 0.667969 0.725926 0.109896 0.148148 0.919037
2 0.801562 0.885648 0.130208 0.191667 0.928504
