0 0.936198 0.731481 0.0151042 0.0407407 0.260799
2 0.214323 0.293519 0.0348958 0.0611111 0.261394
0 0.0869792 0.511111 0.0239583 0.062963 0.267952
9 0.351823 0.352778 0.0130208 0.0444444 0.26875
9 0.973698 0.7375 0.0119792 0.0546296 0.271962
2 0.897917 0.925463 0.130208 0.14537 0.298718
0 0.059375 0.677315 0.015625 0.0564815 0.336867
0 0.890885 0.423148 0.00989583 0.05 0.33745
2 0.839844 0.108796 0.0161458 0.0268519 0.375763
2 0.480208 0.245833 0.0458333 0.062037 0.385975
0 0.902344 0.564352 0.0140625 0.0657407 0.417528
5 0.442187 0.215741 0.120833 0.1 0.4438
0 0.881771 0.745833 0.0166667 0.0712963 0.474021
0 0.936198 0.798148 0.0223958 0.0703704 0.519984
7 0.898698 0.925 0.130729 0.148148 0.620834
2 0.566667 0.181019 0.0229167 0.0305556 0.624277
2 0.395573 0.295833 0.0505208 0.0564815 0.741164
2 0.391146 0.423611 0.0354167 0.0787037 0.779968
2 0.477344 0.563889 0.0765625 0.118519 0.851609
2 0.616406 0.600463 0.0838542 0.121296 0.883982
2 0.605469 0.710648 0.106771 0.14537 0.90646
