7 0.949479 0.296296 0.101042 0.592593 0.254145
9 0.351823 0.352778 0.0140625 0.0444444 0.287463
2 0.255469 0.318056 0.0223958 0.0324074 0.304616
0 0.905469 0.37963 0.00885417 0.0444444 0.323788
9 0.974219 0.737037 0.0119792 0.0518519 0.431865
0 0.860417 0.908333 0.0208333 0.0555556 0.510623
5 0.421094 0.233333 0.104687 0.103704 0.550209
2 0.386719 0.301389 0.0463542 0.0509259 0.555965
2 0.192188 0.47963 0.0583333 0.0833333 0.596771
7 0.477865 0.9 0.123438 0.190741 0.679459
2 0.782031 0.323611 0.0348958 0.0564815 0.714754
7 0.614062 0.855556 0.135417 0.266667 0.726863
2 0.134375 0.560648 0.0729167 0.115741 0.755611
2 0.241667 0.454167 0.0635417 0.0953704 0.782231
2 0.349219 0.725463 0.0859375 0.162037 0.843552
