2 0.560417 0.209259 0.0302083 0.0388889 0.261593
9 0.973958 0.7375 0.0125 0.0527778 0.300134
7 0.664062 0.256481 0.0583333 0.0888889 0.308046
0 0.9125 0.7375 0.015625 0.0601852 0.32052
2 0.528906 0.239352 0.0359375 0.037963 0.321708
0 0.880729 0.70787 0.0145833 0.0694444 0.347714
2 0.488281 0.271296 0.0421875 0.0444444 0.387267
0 0.896094 0.425 0.00989583 0.0518519 0.388654
2 0.458854 0.299074 0.040625 0.0425926 0.399118
2 0.273177 0.32963 0.0348958 0.062963 0.453753
2 0.789583 0.297685 0.0260417 0.0453704 0.519623
0 0.928646 0.740741 0.0145833 0.0722222 0.536686
2 0.202604 0.489815 0.05 0.0907407 0.563902
2 0.479948 0.370833 0.0328125 0.075 0.670625
5 0.229687 0.700926 0.1 0.325926 0.709819
5 0.469792 0.201852 0.110417 0.105556 0.796827
7 0.428125 0.454167 0.075 0.182407 0.818077
2 0.553646 0.525 0.0708333 0.0925926 0.844505
2 0.494792 0.448148 0.059375 0.101852 0.846394
2 0.702865 0.670833 0.122396 0.163889 0.86333
2 0.554167 0.612963 0.0885417 0.122222 0.875917
2 0.598698 0.805556 0.119271 0.17963 0.898239
2 0.767708 0.846759 0.129167 0.186111 0.900309
