0 0.907292 0.368519 0.0104167 0.0537037 0.338697
2 0.590885 0.67037 0.0859375 0.142593 0.451942
7 0.590625 0.67037 0.0864583 0.140741 0.593114
0 0.866927 0.870833 0.0244792 0.0990741 0.602155
2 0.0703125 0.632407 0.06875 0.114815 0.627791
2 0.109635 0.563889 0.0473958 0.0722222 0.648521
2 0.798437 0.262963 0.0260417 0.0444444 0.650599
7 0.689583 0.644444 0.0927083 0.194444 0.816573
2 0.185417 0.50787 0.0645833 0.0990741 0.820152
2 0.349219 0.725 0.0859375 0.162963 0.828154
5 0.41901 0.237037 0.134896 0.125926 0.888787
