0 0.973698 0.738426 0.0119792 0.0527778 0.260107
0 0.920313 0.478704 0.0145833 0.0592593 0.272328
0 0.0614583 0.586111 0.0145833 0.0518519 0.308714
9 0.973698 0.737963 0.0119792 0.0537037 0.323447
2 0.834635 0.138426 0.0140625 0.025 0.331362
7 0.809375 0.964815 0.116667 0.0685185 0.380393
2 0.210156 0.285648 0.0380208 0.0731481 0.444543
0 0.904688 0.477315 0.0125 0.0601852 0.451887
2 0.451302 0.256944 0.0411458 0.0453704 0.468015
0 0.882552 0.745833 0.0182292 0.0731481 0.583735
0 0.936458 0.796296 0.0229167 0.0722222 0.589553
2 0.465104 0.508796 0.0760417 0.128704 0.597676
7 0.465365 0.508333 0.0776042 0.127778 0.630199
2 0.957031 0.930093 0.0859375 0.132407 0.657362
2 0.523698 0.197222 0.0276042 0.0333333 0.663874
2 0.396354 0.294907 0.0520833 0.0564815 0.671918
2 0.498958 0.265278 0.034375 0.0453704 0.715745
2 0.390625 0.389352 0.0385417 0.0731481 0.748709
5 0.44349 0.217593 0.123438 0.109259 0.750662
2 0.436458 0.323148 0.0510417 0.0574074 0.781394
2 0.727604 0.685185 0.110417 0.155556 0.801077
2 0.408333 0.440741 0.0375 0.0722222 0.803404
7 0.59401 0.677778 0.171354 0.3 0.907527
