0 0.930208 0.746296 0.0197917 0.0666667 0.253666
0 0.936979 0.8 0.0197917 0.0648148 0.288998
0 0.917448 0.723148 0.0161458 0.0703704 0.302633
2 0.864062 0.0939815 0.0145833 0.0268519 0.321326
5 0.452344 0.264352 0.0484375 0.062037 0.33029
5 0.232552 0.325926 0.0546875 0.0962963 0.337716
9 0.973177 0.738889 0.0119792 0.05 0.357242
0 0.972917 0.738426 0.0114583 0.0490741 0.357633
0 0.861458 0.793519 0.0166667 0.0703704 0.390461
7 0.232812 0.326852 0.0541667 0.0962963 0.424185
2 0.483594 0.227315 0.0369792 0.0416667 0.427447
2 0.924479 0.966204 0.103125 0.0657407 0.446724
0 0.952083 0.728704 0.0145833 0.0592593 0.493121
2 0.839323 0.106944 0.0171875 0.0287037 0.493128
0 0.889844 0.50787 0.00989583 0.0546296 0.504731
5 0.43776 0.225 0.110937 0.0962963 0.525348
2 0.232552 0.325926 0.0546875 0.0962963 0.585212
2 0.396354 0.316667 0.0541667 0.0759259 0.686446
2 0.453646 0.269444 0.04375 0.0574074 0.708168
2 0.271094 0.431019 0.0338542 0.0675926 0.755241
2 0.667448 0.776852 0.129688 0.177778 0.919685
