2 0.834375 0.141667 0.015625 0.0240741 0.253595
5 0.478385 0.197222 0.0546875 0.0685185 0.268674
0 0.936719 0.795833 0.0223958 0.0694444 0.277848
1 0.917708 0.504167 0.01875 0.0527778 0.279209
2 0.842448 0.102778 0.0130208 0.0259259 0.287437
7 0.663021 0.252315 0.05625 0.0787037 0.310893
2 0.208854 0.281019 0.040625 0.0805556 0.347416
2 0.449479 0.258796 0.040625 0.0490741 0.377212
2 0.786979 0.951852 0.126042 0.0925926 0.387664
2 0.400781 0.409259 0.0432292 0.0759259 0.387926
9 0.973698 0.737963 0.0119792 0.0537037 0.391841
0 0.0630208 0.584259 0.0145833 0.0574074 0.408119
7 0.783854 0.951852 0.115625 0.0944444 0.418521
0 0.903385 0.480093 0.0119792 0.0546296 0.443897
0 0.882031 0.746759 0.0182292 0.0731481 0.51626
2 0.459635 0.500463 0.0713542 0.123148 0.526683
7 0.459635 0.499537 0.0723958 0.121296 0.544484
5 0.44375 0.218981 0.120833 0.112037 0.564653
2 0.396094 0.29537 0.0515625 0.0574074 0.599353
2 0.504167 0.258796 0.0364583 0.0435185 0.604779
2 0.528906 0.194907 0.0286458 0.0324074 0.635502
2 0.390365 0.390278 0.0401042 0.0731481 0.733318
2 0.408594 0.440741 0.0369792 0.0685185 0.797528
2 0.440885 0.315741 0.0453125 0.0555556 0.825682
2 0.909375 0.897685 0.116667 0.150926 0.839601
2 0.699479 0.655093 0.105208 0.149074 0.855065
7 0.569271 0.650926 0.167708 0.281481 0.918744
