2 0.0484375 0.62963 0.0395833 0.0555556 0.25121
2 0.602083 0.174074 0.025 0.0314815 0.385588
7 0.951563 0.296296 0.096875 0.592593 0.46033
2 0.301042 0.368056 0.053125 0.062037 0.546082
2 0.807813 0.231944 0.0208333 0.0416667 0.676569
7 0.722656 0.540278 0.0734375 0.15463 0.690147
2 0.144792 0.549074 0.0697917 0.107407 0.7201
0 0.872396 0.841204 0.0208333 0.0935185 0.74651
2 0.64401 0.550463 0.0671875 0.112037 0.754162
2 0.35 0.725463 0.0854167 0.165741 0.841496
5 0.413021 0.24537 0.130208 0.133333 0.881127
