9 0.35026 0.353241 0.0151042 0.0453704 0.280858
5 0.391406 0.256019 0.0713542 0.087963 0.30989
0 0.941146 0.672222 0.01875 0.0666667 0.338944
0 0.0864583 0.512963 0.021875 0.0648148 0.342236
9 0.973177 0.736574 0.0140625 0.0546296 0.361081
2 0.514844 0.215278 0.0328125 0.0398148 0.494817
2 0.572396 0.2 0.028125 0.037037 0.498279
2 0.826823 0.156019 0.0151042 0.0287037 0.603862
2 0.792188 0.314815 0.0395833 0.0796296 0.60672
2 0.754427 0.281481 0.0286458 0.0518519 0.644219
2 0.502344 0.256481 0.0380208 0.0462963 0.67536
0 0.884635 0.725926 0.0203125 0.0851852 0.72799
5 0.347656 0.29537 0.157813 0.168519 0.780177
2 0.0919271 0.558333 0.0609375 0.0833333 0.835008
2 0.349479 0.725463 0.0854167 0.163889 0.838652
2 0.822917 0.914815 0.102083 0.168519 0.846982
2 0.458854 0.943519 0.113542 0.109259 0.865446
