5 0.238021 0.34537 0.0489583 0.107407 0.253022
0 0.896354 0.430556 0.0104167 0.0518519 0.25874
2 0.840104 0.0986111 0.0177083 0.0287037 0.272717
0 0.913542 0.736574 0.0145833 0.0564815 0.28607
7 0.268229 0.321296 0.0354167 0.062963 0.306479
9 0.351823 0.353241 0.0130208 0.0416667 0.344747
9 0.973698 0.739815 0.0119792 0.0518519 0.348928
0 0.938542 0.792593 0.0239583 0.0740741 0.36767
2 0.459635 0.3 0.0432292 0.0425926 0.373272
2 0.48776 0.27037 0.0442708 0.0462963 0.381548
0 0.928646 0.741204 0.0135417 0.0675926 0.41748
2 0.228125 0.44213 0.040625 0.0564815 0.419232
2 0.783333 0.315741 0.0364583 0.0518519 0.460512
2 0.529427 0.237037 0.0369792 0.0425926 0.468848
7 0.663542 0.253241 0.0583333 0.0842593 0.489244
2 0.26849 0.321759 0.0359375 0.062037 0.497952
0 0.880469 0.696296 0.0140625 0.0685185 0.565619
2 0.480208 0.36713 0.0333333 0.0712963 0.72463
5 0.219531 0.633796 0.0838542 0.308333 0.802363
7 0.42526 0.445833 0.0692708 0.175 0.804804
5 0.476823 0.197222 0.110937 0.109259 0.812531
2 0.488021 0.441667 0.05625 0.0962963 0.815181
2 0.54401 0.513889 0.0692708 0.0907407 0.860888
2 0.680729 0.652315 0.116667 0.158333 0.885545
2 0.750781 0.831944 0.135937 0.184259 0.894905
2 0.540885 0.597222 0.0838542 0.118519 0.903791
2 0.584375 0.788889 0.114583 0.174074 0.907927
