5 0.468229 0.238889 0.0375 0.0462963 0.251806
0 0.920052 0.737037 0.0223958 0.0666667 0.265208
2 0.365365 0.952778 0.130729 0.0907407 0.271979
0 0.913802 0.737037 0.0151042 0.0481481 0.289477
0 0.9 0.400926 0.0125 0.0462963 0.309097
7 0.413542 0.403241 0.0322917 0.0824074 0.327967
2 0.841146 0.101389 0.0145833 0.0268519 0.339192
5 0.314063 0.858796 0.234375 0.282407 0.349768
9 0.973958 0.7375 0.0114583 0.0527778 0.368015
2 0.558333 0.206481 0.0354167 0.0425926 0.38137
5 0.481771 0.190741 0.0552083 0.0666667 0.387721
2 0.467708 0.238889 0.0375 0.0462963 0.387857
2 0.888542 0.844907 0.136458 0.19537 0.411564
5 0.210417 0.284259 0.0385417 0.0722222 0.415099
7 0.271615 0.375463 0.0494792 0.10463 0.435991
2 0.0565104 0.650463 0.0588542 0.0898148 0.474957
2 0.448177 0.313889 0.0421875 0.0537037 0.480134
5 0.271354 0.375 0.05 0.103704 0.496692
2 0.528385 0.238426 0.0380208 0.0398148 0.501404
7 0.888281 0.845833 0.136979 0.193519 0.539375
0 0.88151 0.734259 0.0161458 0.0555556 0.551009
0 0.929688 0.742593 0.01875 0.0740741 0.566179
2 0.807031 0.233796 0.0213542 0.0361111 0.571482
2 0.482031 0.394444 0.0359375 0.0759259 0.59642
2 0.490365 0.272222 0.0390625 0.0425926 0.661644
5 0.21224 0.435648 0.0713542 0.184259 0.710447
5 0.428646 0.225463 0.075 0.0953704 0.739159
7 0.453906 0.502315 0.102604 0.213889 0.837398
2 0.603646 0.571296 0.0802083 0.103704 0.892387
2 0.523698 0.48287 0.0734375 0.102778 0.894445
2 0.777344 0.85463 0.128646 0.188889 0.896455
2 0.621094 0.681944 0.101562 0.139815 0.909508
2 0.622656 0.82963 0.125521 0.183333 0.910168
