9 0.298698 0.803241 0.0442708 0.0675926 0.255329
2 0.210417 0.284259 0.0375 0.0740741 0.262893
0 0.913802 0.738426 0.0130208 0.037963 0.273399
2 0.276823 0.402778 0.0348958 0.1 0.296969
2 0.298177 0.803241 0.0453125 0.0657407 0.318888
9 0.973958 0.737963 0.0114583 0.0518519 0.323041
2 0.292708 0.859722 0.0354167 0.0527778 0.337627
7 0.276563 0.400926 0.0354167 0.101852 0.339058
0 0.898698 0.396296 0.0119792 0.0444444 0.343126
7 0.413802 0.42037 0.0359375 0.103704 0.351745
2 0.527604 0.241667 0.0375 0.0388889 0.352225
2 0.560677 0.207407 0.0296875 0.0388889 0.359873
5 0.210417 0.284259 0.0385417 0.0740741 0.363706
2 0.439583 0.323148 0.040625 0.05 0.366597
2 0.455469 0.248611 0.0442708 0.0490741 0.4284
0 0.929427 0.743056 0.0161458 0.0657407 0.446554
0 0.882292 0.743056 0.01875 0.0657407 0.464718
5 0.479427 0.194444 0.0546875 0.0685185 0.477977
7 0.933333 0.891204 0.133333 0.199074 0.505213
5 0.426302 0.227315 0.0744792 0.0972222 0.596261
2 0.809115 0.220833 0.0192708 0.037963 0.611487
2 0.489323 0.272222 0.0411458 0.0444444 0.675091
2 0.483333 0.398611 0.0364583 0.0768519 0.686455
7 0.461198 0.511111 0.106771 0.214815 0.838859
2 0.530729 0.491667 0.0770833 0.109259 0.862208
5 0.206771 0.461574 0.08125 0.206481 0.869431
2 0.621354 0.5875 0.0822917 0.106481 0.873818
2 0.632031 0.693056 0.104687 0.139815 0.897497
2 0.626823 0.833333 0.124479 0.185185 0.917243
2 0.780208 0.861574 0.128125 0.187963 0.919809
