2 0.842448 0.102778 0.0161458 0.0314815 0.267488
5 0.478125 0.19213 0.05 0.0546296 0.297275
0 0.909635 0.446296 0.0119792 0.0574074 0.313213
0 0.904688 0.740741 0.015625 0.0388889 0.335668
0 0.0825521 0.960648 0.0265625 0.0768519 0.346045
0 0.886979 0.751389 0.0145833 0.0638889 0.431946
2 0.479427 0.230556 0.0317708 0.037037 0.432076
9 0.974219 0.7375 0.0130208 0.0509259 0.504987
5 0.423177 0.233796 0.0817708 0.0972222 0.561312
2 0.358333 0.343519 0.0614583 0.0851852 0.64507
2 0.434896 0.283333 0.0479167 0.0555556 0.809576
2 0.08125 0.618981 0.065625 0.0916667 0.846229
2 0.34974 0.725926 0.0859375 0.162963 0.851397
