0 0.914323 0.7375 0.0151042 0.0805556 0.277369
0 0.85625 0.800463 0.0177083 0.0731481 0.283016
0 0.890104 0.518519 0.009375 0.0481481 0.305304
0 0.938542 0.799074 0.0166667 0.0574074 0.351811
0 0.959635 0.814352 0.0223958 0.0657407 0.380006
0 0.927865 0.747685 0.0151042 0.0675926 0.385517
0 0.973437 0.74213 0.0114583 0.0509259 0.463219
7 0.236198 0.330556 0.0526042 0.107407 0.481225
2 0.839063 0.107407 0.0177083 0.0314815 0.529276
0 0.952344 0.744907 0.0151042 0.0657407 0.552097
2 0.482031 0.228704 0.0359375 0.0407407 0.560997
5 0.442969 0.21713 0.122396 0.106481 0.617049
2 0.395312 0.318981 0.0572917 0.0694444 0.641846
2 0.271094 0.458333 0.0338542 0.0814815 0.692911
2 0.451562 0.273148 0.04375 0.0574074 0.791552
2 0.709635 0.822222 0.134896 0.2 0.927926
