0 0.921354 0.731944 0.0177083 0.0675926 0.251328
2 0.838281 0.121759 0.0161458 0.0324074 0.256989
0 0.90651 0.456019 0.0140625 0.0583333 0.261608
7 0.663542 0.25463 0.0604167 0.087037 0.330156
9 0.973958 0.7375 0.0114583 0.0527778 0.37347
2 0.409115 0.317593 0.0578125 0.0648148 0.415168
2 0.45 0.256944 0.040625 0.0490741 0.426051
2 0.209896 0.284259 0.0364583 0.0759259 0.431432
2 0.50651 0.209722 0.0338542 0.0416667 0.487563
2 0.89974 0.860185 0.120312 0.183333 0.581686
0 0.882812 0.741204 0.015625 0.0638889 0.588381
2 0.529427 0.576389 0.0953125 0.152778 0.60355
5 0.442187 0.218056 0.121875 0.108333 0.608285
2 0.48099 0.2875 0.0328125 0.0509259 0.700593
2 0.395312 0.296296 0.0510417 0.0574074 0.710482
2 0.410417 0.446759 0.04375 0.0712963 0.803363
2 0.389844 0.390741 0.0348958 0.0722222 0.809565
2 0.423958 0.334259 0.0489583 0.0592593 0.843629
7 0.720573 0.811574 0.205729 0.35463 0.912702
