2 0.560677 0.209722 0.0328125 0.0398148 0.320217
25 0.293229 0.97963 0.0729167 0.0388889 0.330959
0 0.928906 0.74213 0.0130208 0.0694444 0.38321
7 0.670052 0.263426 0.0682292 0.102778 0.38737
9 0.973958 0.738426 0.0114583 0.0527778 0.387493
0 0.88724 0.561574 0.0119792 0.062037 0.387552
0 0.973958 0.738889 0.0114583 0.0518519 0.391539
0 0.903646 0.482407 0.0104167 0.0555556 0.39565
0 0.936979 0.793519 0.0197917 0.0685185 0.412542
5 0.209115 0.277778 0.0526042 0.0944444 0.479276
2 0.530208 0.2375 0.0375 0.0398148 0.500016
2 0.615365 0.799537 0.119271 0.169444 0.502941
2 0.502865 0.301389 0.0380208 0.0564815 0.586527
2 0.461719 0.365741 0.0338542 0.0740741 0.628821
2 0.475 0.429167 0.0447917 0.0768519 0.785167
7 0.410156 0.381944 0.0442708 0.149074 0.794996
2 0.539062 0.498611 0.0916667 0.117593 0.840933
2 0.408073 0.551852 0.0619792 0.114815 0.849239
2 0.445833 0.493519 0.059375 0.0962963 0.861513
2 0.605469 0.459722 0.0848958 0.0787037 0.883084
2 0.54375 0.606944 0.0927083 0.126852 0.91306
