2 0.252865 0.297685 0.0255208 0.0453704 0.254183
7 0.669792 0.261111 0.0697917 0.1 0.27602
0 0.0575521 0.689352 0.0140625 0.0416667 0.285033
0 0.93099 0.738426 0.0213542 0.062037 0.29636
2 0.438281 0.27963 0.0557292 0.0777778 0.297972
9 0.973958 0.7375 0.0125 0.0509259 0.303442
0 0.921615 0.725 0.0182292 0.0666667 0.337696
0 0.973698 0.737963 0.0119792 0.0518519 0.348838
7 0.213021 0.289815 0.040625 0.0796296 0.374849
9 0.351823 0.352315 0.0130208 0.0435185 0.408819
2 0.48151 0.229167 0.0348958 0.037963 0.414368
0 0.895312 0.439352 0.0104167 0.0435185 0.420313
0 0.936979 0.797222 0.0239583 0.0685185 0.446377
2 0.839844 0.106481 0.0161458 0.0296296 0.463568
5 0.213281 0.289815 0.0401042 0.0777778 0.485724
5 0.477865 0.197685 0.0546875 0.0712963 0.485914
0 0.916927 0.601389 0.0151042 0.0712963 0.501304
0 0.882031 0.74537 0.0171875 0.0722222 0.552887
2 0.534635 0.205556 0.0328125 0.0388889 0.622045
5 0.424219 0.226389 0.0828125 0.0898148 0.647238
2 0.39349 0.29537 0.0453125 0.0555556 0.687049
2 0.751302 0.728704 0.103646 0.151852 0.844727
2 0.413281 0.481481 0.0557292 0.0944444 0.853071
2 0.558333 0.663889 0.096875 0.137037 0.899441
2 0.717708 0.824537 0.127083 0.176852 0.911547
