0 0.936458 0.800463 0.0208333 0.0638889 0.278712
5 0.232031 0.322685 0.0515625 0.0916667 0.289466
9 0.973437 0.738889 0.0114583 0.05 0.29841
5 0.452865 0.262963 0.0473958 0.0592593 0.312989
2 0.864062 0.0939815 0.0145833 0.0268519 0.319008
0 0.917708 0.724074 0.0166667 0.0703704 0.347822
0 0.972917 0.741667 0.0114583 0.05 0.354346
0 0.93099 0.744907 0.0203125 0.0675926 0.364978
0 0.889844 0.502315 0.00989583 0.0527778 0.423893
0 0.952344 0.724074 0.0151042 0.0574074 0.444148
2 0.483333 0.227315 0.0364583 0.0398148 0.465922
5 0.435677 0.225 0.106771 0.0925926 0.46839
2 0.839063 0.106944 0.0177083 0.0287037 0.484982
2 0.231771 0.322222 0.0520833 0.0907407 0.625046
2 0.453646 0.266667 0.04375 0.0555556 0.647377
2 0.895052 0.955556 0.106771 0.087037 0.690854
2 0.396094 0.318981 0.0546875 0.0694444 0.693228
2 0.272135 0.416667 0.0317708 0.062963 0.727226
2 0.65026 0.756019 0.123438 0.171296 0.916498
