0 0.884635 0.505093 0.00989583 0.0509259 0.250106
0 0.79349 0.768056 0.0307292 0.0583333 0.25119
2 0.490625 0.268981 0.040625 0.0435185 0.261091
2 0.836198 0.128704 0.0192708 0.0277778 0.287639
3 0.791927 0.772222 0.0338542 0.0592593 0.287775
3 0.810677 0.802778 0.0255208 0.0611111 0.297109
9 0.973958 0.7375 0.0114583 0.0527778 0.310316
0 0.904167 0.482407 0.0104167 0.0518519 0.311822
2 0.464323 0.350463 0.0359375 0.0675926 0.342454
5 0.233333 0.326389 0.05 0.0935185 0.342551
2 0.523698 0.275 0.0338542 0.0462963 0.380179
2 0.464583 0.4 0.0375 0.0759259 0.385088
0 0.929427 0.737963 0.0130208 0.0666667 0.404302
0 0.936979 0.795833 0.0177083 0.062037 0.416014
0 0.913021 0.7375 0.0145833 0.0824074 0.435416
7 0.667448 0.260648 0.0661458 0.0990741 0.440127
2 0.56849 0.201852 0.0223958 0.0333333 0.457692
7 0.410156 0.378704 0.0442708 0.15 0.687627
2 0.230208 0.886111 0.0895833 0.185185 0.729962
2 0.454948 0.622222 0.0828125 0.12963 0.801373
2 0.434896 0.477778 0.0520833 0.0888889 0.809672
2 0.507292 0.475463 0.0729167 0.106481 0.855588
2 0.385156 0.506481 0.0494792 0.101852 0.858889
2 0.495573 0.555556 0.0796875 0.116667 0.865911
2 0.545833 0.440741 0.0677083 0.0796296 0.88586
