2 0.558854 0.206481 0.0322917 0.0351852 0.267525
7 0.2375 0.384722 0.0447917 0.137963 0.352669
2 0.53099 0.2375 0.0401042 0.0416667 0.355982
2 0.494792 0.311111 0.0354167 0.0555556 0.391938
5 0.533073 0.161111 0.0609375 0.0703704 0.40653
0 0.901823 0.481481 0.0130208 0.0555556 0.411881
9 0.974219 0.738426 0.0109375 0.0509259 0.418114
0 0.8875 0.580556 0.0114583 0.0611111 0.420393
0 0.914323 0.733333 0.0182292 0.0833333 0.502245
9 0.410156 0.388889 0.0432292 0.159259 0.521254
5 0.211719 0.281481 0.0536458 0.0962963 0.546764
0 0.9375 0.792593 0.0208333 0.0703704 0.557808
7 0.410156 0.388889 0.0442708 0.159259 0.636805
0 0.928385 0.742593 0.0140625 0.0722222 0.653441
2 0.46224 0.381019 0.0338542 0.0824074 0.655463
2 0.695833 0.872685 0.127083 0.182407 0.711764
2 0.664583 0.458796 0.0833333 0.0712963 0.825358
2 0.482292 0.44537 0.0489583 0.0796296 0.841715
2 0.551302 0.516204 0.0859375 0.121296 0.864703
2 0.427604 0.580093 0.0697917 0.119444 0.86624
2 0.453906 0.500463 0.0619792 0.0935185 0.876665
2 0.57474 0.637963 0.100521 0.133333 0.879245
