7 0.663021 0.253704 0.0583333 0.0833333 0.27418
0 0.93724 0.794907 0.0192708 0.0601852 0.293069
7 0.903125 0.953241 0.111458 0.0916667 0.341056
2 0.832812 0.144444 0.0177083 0.0277778 0.381898
2 0.210417 0.284259 0.0385417 0.0722222 0.479878
2 0.544792 0.181481 0.025 0.0277778 0.484254
5 0.44349 0.21713 0.120312 0.112037 0.535478
9 0.973958 0.736574 0.0114583 0.0509259 0.559598
0 0.90625 0.50463 0.0125 0.0574074 0.57419
0 0.882031 0.74537 0.0192708 0.0759259 0.57628
2 0.520312 0.24537 0.0354167 0.0444444 0.607332
2 0.395833 0.29537 0.0489583 0.0574074 0.659237
2 0.407031 0.438889 0.0348958 0.0722222 0.690576
2 0.466927 0.291667 0.0473958 0.0537037 0.698497
2 0.445833 0.489352 0.0572917 0.119444 0.725021
2 0.391406 0.379167 0.0411458 0.075 0.730343
2 0.902083 0.95463 0.110417 0.0907407 0.732429
2 0.628646 0.584722 0.0947917 0.130556 0.850106
2 0.721354 0.91713 0.140625 0.165741 0.887847
7 0.526823 0.59537 0.144271 0.255556 0.889107
2 0.73151 0.787037 0.117188 0.157407 0.891745
