0 0.0872396 0.510648 0.0244792 0.0638889 0.293198
2 0.840365 0.111574 0.0161458 0.0268519 0.298594
2 0.534896 0.20463 0.046875 0.05 0.325994
7 0.671094 0.263426 0.0713542 0.102778 0.348667
0 0.921875 0.728704 0.0197917 0.0759259 0.384952
9 0.973958 0.737037 0.0125 0.05 0.397294
5 0.425 0.224074 0.08125 0.0925926 0.40977
1 0.936719 0.796759 0.0234375 0.0712963 0.410894
5 0.783854 0.85 0.140625 0.22037 0.419122
2 0.45 0.25787 0.0427083 0.0453704 0.513324
2 0.784115 0.849537 0.139062 0.215741 0.513944
2 0.484375 0.226389 0.0385417 0.0398148 0.537066
0 0.882031 0.746296 0.0171875 0.0722222 0.553383
0 0.896615 0.523611 0.0119792 0.062037 0.556698
7 0.783854 0.848148 0.139583 0.212963 0.619339
2 0.395833 0.296296 0.0510417 0.0574074 0.70241
2 0.401563 0.371296 0.0458333 0.0703704 0.745023
2 0.499219 0.593982 0.0786458 0.112037 0.802128
2 0.507031 0.465278 0.0557292 0.0935185 0.842738
2 0.416927 0.481944 0.0546875 0.0916667 0.854567
