2 0.497135 0.218056 0.0369792 0.037963 0.298907
0 0.922917 0.727315 0.0197917 0.0768519 0.321827
2 0.839323 0.114815 0.0140625 0.0333333 0.322633
1 0.93724 0.79537 0.0192708 0.0648148 0.352714
7 0.664323 0.253704 0.0598958 0.0833333 0.366903
0 0.932292 0.741667 0.0197917 0.062963 0.384731
0 0.973437 0.739815 0.0125 0.0537037 0.408465
2 0.209375 0.281481 0.0364583 0.0777778 0.419138
7 0.582031 0.636574 0.109896 0.169444 0.436321
2 0.45 0.258333 0.0385417 0.0444444 0.447925
0 0.882031 0.745833 0.0182292 0.075 0.472081
2 0.581771 0.636574 0.110417 0.171296 0.494576
5 0.803125 0.852315 0.217708 0.289815 0.5543
5 0.440885 0.219444 0.122396 0.111111 0.614817
2 0.98125 0.935648 0.0375 0.125 0.616621
2 0.395833 0.295833 0.05 0.0564815 0.657292
7 0.803125 0.852778 0.216667 0.283333 0.688706
2 0.474479 0.308796 0.028125 0.0527778 0.735685
2 0.389323 0.396759 0.0338542 0.0712963 0.75896
2 0.416927 0.459259 0.0505208 0.0814815 0.827943
2 0.420833 0.336574 0.05 0.0601852 0.831233
