9 0.352083 0.352778 0.0135417 0.0444444 0.286978
9 0.973958 0.7375 0.0125 0.0546296 0.295184
0 0.0596354 0.680556 0.0130208 0.0518519 0.305684
0 0.921875 0.724537 0.0145833 0.062037 0.317435
0 0.932552 0.744444 0.0192708 0.0666667 0.323112
2 0.93099 0.939352 0.130729 0.117593 0.334973
0 0.892969 0.427778 0.00989583 0.0462963 0.34073
2 0.213542 0.2875 0.0427083 0.0731481 0.383246
2 0.839583 0.108796 0.0166667 0.0268519 0.386955
2 0.467969 0.261111 0.0453125 0.0555556 0.453444
0 0.936198 0.798611 0.0223958 0.0694444 0.491765
0 0.88151 0.74537 0.0171875 0.0722222 0.493708
0 0.905729 0.572685 0.0135417 0.0657407 0.522927
7 0.926823 0.938889 0.126563 0.118519 0.550929
2 0.560677 0.184722 0.0296875 0.0361111 0.64136
5 0.442969 0.216204 0.123438 0.106481 0.667511
2 0.395312 0.295833 0.05 0.0564815 0.718306
2 0.396094 0.4375 0.0380208 0.0861111 0.783004
2 0.497656 0.590741 0.0817708 0.125926 0.799039
2 0.651302 0.636574 0.0921875 0.132407 0.87597
2 0.636719 0.739352 0.117188 0.150926 0.917704
