0 0.0848958 0.515278 0.0197917 0.0657407 0.253707
9 0.409896 0.378241 0.0427083 0.143519 0.269725
0 0.973698 0.738889 0.0109375 0.0537037 0.292325
7 0.666146 0.257407 0.0645833 0.0925926 0.300838
0 0.885417 0.468519 0.0114583 0.0555556 0.310567
0 0.913542 0.7375 0.0177083 0.0787037 0.312383
2 0.598437 0.178241 0.025 0.0305556 0.334505
0 0.928906 0.739352 0.0151042 0.0712963 0.357672
2 0.570833 0.218519 0.0291667 0.0388889 0.365325
9 0.973958 0.738889 0.0114583 0.0537037 0.370867
3 0.591667 0.593518 0.0333333 0.0611111 0.389172
5 0.222396 0.306481 0.0583333 0.105556 0.395301
0 0.938021 0.793056 0.0208333 0.0694444 0.397324
2 0.4875 0.270833 0.0447917 0.0453704 0.413415
2 0.465104 0.403241 0.0364583 0.0694444 0.468093
2 0.464323 0.352315 0.0359375 0.0694444 0.499464
0 0.903646 0.484259 0.0104167 0.0518519 0.51774
2 0.53151 0.237037 0.0401042 0.0388889 0.528456
2 0.227604 0.883333 0.0895833 0.192593 0.611838
7 0.409896 0.378704 0.04375 0.146296 0.690023
2 0.497656 0.471296 0.0692708 0.0944444 0.753703
2 0.433333 0.477315 0.0520833 0.087963 0.82016
7 0.125 0.524537 0.0854167 0.141667 0.838227
2 0.438021 0.602315 0.0729167 0.125 0.861135
2 0.491927 0.553704 0.0786458 0.111111 0.861667
2 0.543229 0.439815 0.06875 0.0814815 0.873565
2 0.384635 0.506019 0.0505208 0.100926 0.880987
