0 0.0869792 0.512037 0.025 0.062963 0.273518
0 0.93099 0.640278 0.0151042 0.0583333 0.277757
9 0.973958 0.737037 0.0125 0.0537037 0.288816
2 0.21901 0.3 0.0442708 0.0796296 0.293113
0 0.973437 0.737963 0.0125 0.0537037 0.299423
2 0.839583 0.108796 0.015625 0.0268519 0.314348
2 0.45 0.256944 0.04375 0.0472222 0.345266
0 0.890885 0.461574 0.00989583 0.0472222 0.359363
7 0.667708 0.258333 0.065625 0.0944444 0.378991
0 0.876042 0.754167 0.0135417 0.0638889 0.384692
5 0.219271 0.300926 0.04375 0.0814815 0.39891
0 0.0554687 0.719907 0.0140625 0.0638889 0.42109
2 0.844792 0.939352 0.11875 0.115741 0.53488
5 0.441667 0.219907 0.122917 0.108333 0.587736
2 0.489583 0.236111 0.046875 0.0518519 0.603213
2 0.398958 0.312037 0.0572917 0.0814815 0.627626
2 0.270052 0.330093 0.0255208 0.037963 0.650076
2 0.910156 0.881019 0.109896 0.167593 0.785099
2 0.46901 0.560185 0.0838542 0.118519 0.894877
2 0.669271 0.779167 0.121875 0.165741 0.906102
