5 0.23776 0.342593 0.0515625 0.107407 0.252941
0 0.959896 0.813426 0.0229167 0.0638889 0.254111
0 0.909635 0.749074 0.0182292 0.0740741 0.275584
2 0.218229 0.256481 0.0229167 0.0259259 0.312023
2 0.2375 0.340278 0.0520833 0.108333 0.33859
0 0.93724 0.800463 0.0140625 0.0583333 0.344745
2 0.160938 0.499537 0.0270833 0.0305556 0.357674
0 0.973437 0.740278 0.0114583 0.0527778 0.437408
2 0.839323 0.107407 0.0171875 0.0296296 0.457571
0 0.951042 0.749074 0.0145833 0.0518519 0.506586
0 0.889583 0.531944 0.0104167 0.0527778 0.512913
2 0.48151 0.228704 0.0380208 0.0425926 0.605326
5 0.44349 0.218519 0.120312 0.101852 0.663145
2 0.394531 0.321759 0.0557292 0.0657407 0.692586
2 0.276823 0.508796 0.0390625 0.0842593 0.705883
2 0.44974 0.274537 0.0453125 0.0546296 0.767582
2 0.7625 0.876852 0.140625 0.2 0.923347
