0 0.905729 0.380093 0.009375 0.0453704 0.270596
9 0.351823 0.352315 0.0140625 0.0435185 0.297761
2 0.254427 0.317593 0.0203125 0.0314815 0.314312
9 0.974219 0.737037 0.0119792 0.0518519 0.435629
0 0.859375 0.915741 0.0208333 0.062963 0.504987
7 0.465104 0.912037 0.129167 0.172222 0.604687
5 0.435417 0.224074 0.129167 0.125926 0.638516
2 0.199219 0.47037 0.0598958 0.0777778 0.658407
2 0.141667 0.555556 0.06875 0.116667 0.68838
2 0.390365 0.298611 0.0473958 0.0490741 0.689444
2 0.782031 0.330093 0.0359375 0.0583333 0.736478
7 0.605208 0.868981 0.139583 0.256481 0.821323
2 0.349479 0.725463 0.0864583 0.162037 0.843515
2 0.245573 0.45 0.0630208 0.0944444 0.862141
