9 0.959115 0.225463 0.0817708 0.0490741 0.255053
0 0.899219 0.397685 0.0119792 0.0453704 0.26266
2 0.210417 0.284259 0.0375 0.0740741 0.267473
0 0.913542 0.738426 0.0135417 0.0398148 0.27334
2 0.295052 0.79537 0.0453125 0.0666667 0.299309
2 0.558073 0.206944 0.0348958 0.0416667 0.299789
5 0.210677 0.284259 0.0390625 0.0740741 0.311532
9 0.973958 0.737963 0.0114583 0.0518519 0.326082
2 0.527865 0.241204 0.0369792 0.037963 0.353406
2 0.439063 0.323148 0.0395833 0.0481481 0.363402
2 0.455469 0.247685 0.0432292 0.0509259 0.407239
0 0.882031 0.741667 0.0182292 0.0685185 0.463523
0 0.929167 0.743519 0.0166667 0.0666667 0.478933
7 0.929688 0.886574 0.136458 0.199074 0.48777
7 0.413542 0.419907 0.0364583 0.108333 0.488989
5 0.48125 0.194907 0.0510417 0.0675926 0.496264
2 0.930729 0.886111 0.134375 0.2 0.516608
7 0.276823 0.398611 0.0338542 0.100926 0.534874
5 0.427083 0.226389 0.078125 0.0935185 0.559057
2 0.808854 0.222685 0.0197917 0.037963 0.605951
2 0.489323 0.271759 0.0411458 0.0435185 0.632002
2 0.483854 0.398611 0.0364583 0.0768519 0.702372
7 0.460417 0.511574 0.105208 0.217593 0.855577
5 0.20651 0.456944 0.0796875 0.208333 0.86419
2 0.620052 0.585648 0.0828125 0.108333 0.877853
2 0.529427 0.490278 0.0776042 0.110185 0.889803
2 0.63151 0.693981 0.104687 0.143519 0.894338
2 0.625781 0.832407 0.126563 0.185185 0.919047
2 0.779948 0.860185 0.127604 0.185185 0.919528
