0 0.0174479 0.985185 0.0161458 0.0296296 0.250783
0 0.916927 0.719444 0.0161458 0.0722222 0.266402
5 0.476562 0.206944 0.05625 0.0898148 0.281311
2 0.210417 0.284259 0.0385417 0.0722222 0.353631
9 0.974219 0.7375 0.0119792 0.0527778 0.390651
7 0.6625 0.251389 0.0552083 0.0768519 0.40613
2 0.510417 0.45787 0.0583333 0.087963 0.420774
7 0.510677 0.45787 0.0578125 0.087963 0.421914
0 0.9375 0.795833 0.0208333 0.0712963 0.42989
2 0.51276 0.252778 0.0411458 0.0425926 0.457656
7 0.433594 0.469444 0.0536458 0.116667 0.458483
2 0.54974 0.219907 0.0317708 0.0398148 0.479812
0 0.929688 0.74213 0.0145833 0.0675926 0.49387
2 0.432813 0.468981 0.0520833 0.115741 0.521948
2 0.823438 0.177778 0.0177083 0.0296296 0.534144
5 0.44375 0.216204 0.120833 0.108333 0.535129
2 0.398698 0.293519 0.0473958 0.0574074 0.543488
5 0.223958 0.784722 0.148958 0.380556 0.615925
2 0.403125 0.389815 0.040625 0.0759259 0.6224
2 0.453385 0.302315 0.0442708 0.0564815 0.668365
0 0.88151 0.743056 0.0192708 0.0694444 0.668418
2 0.891667 0.856019 0.103125 0.165741 0.732197
7 0.297917 0.635648 0.0760417 0.182407 0.737415
7 0.516406 0.583333 0.138021 0.246296 0.907032
2 0.668229 0.727315 0.110417 0.149074 0.907816
2 0.654948 0.607407 0.104687 0.140741 0.909475
2 0.795833 0.87963 0.13125 0.192593 0.915779
2 0.657031 0.863426 0.132812 0.189815 0.922796
