0 0.922917 0.722222 0.0166667 0.0685185 0.28706
9 0.973698 0.7375 0.0119792 0.0509259 0.304888
0 0.0614583 0.651852 0.0135417 0.0555556 0.341622
2 0.840104 0.111574 0.015625 0.0268519 0.347966
2 0.483854 0.227778 0.034375 0.037037 0.404773
2 0.210156 0.282407 0.0380208 0.0740741 0.506047
5 0.441927 0.219907 0.120312 0.10463 0.521194
0 0.895052 0.511574 0.0130208 0.0564815 0.530907
2 0.556771 0.188426 0.0322917 0.0453704 0.534466
2 0.451042 0.259259 0.0416667 0.0425926 0.579172
0 0.881771 0.746759 0.0177083 0.0712963 0.591901
2 0.74974 0.812963 0.138021 0.216667 0.616436
2 0.488281 0.431019 0.0442708 0.0842593 0.731353
2 0.395833 0.297222 0.05 0.0574074 0.739379
2 0.407031 0.461111 0.0473958 0.0888889 0.80665
2 0.475781 0.559259 0.0755208 0.114815 0.835588
2 0.407552 0.358796 0.0494792 0.0657407 0.836594
