0 0.915104 0.493981 0.0125 0.0583333 0.25635
7 0.21224 0.287037 0.0390625 0.0814815 0.264944
7 0.667969 0.257407 0.0651042 0.0907407 0.276687
0 0.893229 0.430093 0.0104167 0.0416667 0.334903
5 0.21224 0.287037 0.0390625 0.0796296 0.384597
0 0.973437 0.738889 0.0125 0.0518519 0.389346
0 0.922396 0.722685 0.0135417 0.0564815 0.389352
5 0.451562 0.24537 0.0739583 0.0833333 0.400801
0 0.0580729 0.680093 0.0119792 0.0490741 0.46255
2 0.839583 0.10787 0.015625 0.0287037 0.467893
0 0.882031 0.744907 0.0171875 0.0712963 0.482083
0 0.908854 0.580556 0.0145833 0.0648148 0.496013
7 0.947135 0.948611 0.101562 0.100926 0.514461
0 0.936458 0.797222 0.0229167 0.0685185 0.545899
5 0.442969 0.217593 0.122396 0.107407 0.641583
2 0.455729 0.265741 0.0489583 0.0611111 0.663895
2 0.55599 0.188426 0.0317708 0.0416667 0.695273
2 0.395052 0.29537 0.0494792 0.0574074 0.769576
2 0.397656 0.444907 0.0421875 0.0861111 0.810469
2 0.510677 0.609722 0.0859375 0.125 0.851473
2 0.676562 0.65787 0.096875 0.137963 0.853766
2 0.654948 0.760648 0.117188 0.160185 0.910732
