7 0.95 0.298148 0.1 0.596296 0.261579
0 0.90599 0.398148 0.00989583 0.0481481 0.322431
0 0.898958 0.943519 0.021875 0.0722222 0.389229
0 0.854427 0.981019 0.0296875 0.0342593 0.441321
2 0.257292 0.318056 0.0260417 0.0361111 0.446767
0 0.879687 0.940741 0.01875 0.0703704 0.507824
0 0.0859375 0.510648 0.021875 0.062037 0.511398
2 0.750781 0.457407 0.0536458 0.087037 0.572691
2 0.432292 0.265278 0.040625 0.0490741 0.575079
2 0.21224 0.484259 0.0682292 0.105556 0.700064
2 0.301562 0.394907 0.0635417 0.0842593 0.741513
2 0.0877604 0.564815 0.0640625 0.0981481 0.777062
2 0.349219 0.724074 0.0848958 0.166667 0.794601
5 0.442187 0.221296 0.121875 0.118519 0.81098
