2 0.26901 0.333333 0.0265625 0.0444444 0.316195
9 0.410937 0.397222 0.0479167 0.162963 0.384041
0 0.0875 0.509722 0.025 0.0638889 0.409878
2 0.530469 0.237963 0.0401042 0.0388889 0.449398
2 0.559896 0.207407 0.0302083 0.0351852 0.455632
0 0.93724 0.793981 0.0213542 0.0712963 0.456519
0 0.897917 0.475463 0.0114583 0.0546296 0.458555
0 0.914062 0.733796 0.0177083 0.0842593 0.466946
5 0.219792 0.297685 0.046875 0.0842593 0.489837
9 0.974219 0.737963 0.0109375 0.0518519 0.493536
0 0.886198 0.606944 0.0140625 0.0675926 0.523849
7 0.779688 0.924537 0.134375 0.149074 0.542007
0 0.929167 0.741204 0.015625 0.075 0.551298
5 0.527865 0.167593 0.0911458 0.0833333 0.615518
2 0.465885 0.393981 0.0359375 0.0842593 0.634198
7 0.411719 0.398611 0.0484375 0.160185 0.659941
5 0.229167 0.413426 0.0604167 0.167593 0.661312
2 0.491667 0.458796 0.05625 0.0824074 0.728684
2 0.490885 0.320833 0.0390625 0.0601852 0.733651
2 0.575521 0.549074 0.0916667 0.125926 0.766327
2 0.716927 0.436111 0.0692708 0.0740741 0.796724
2 0.466667 0.519907 0.0677083 0.0990741 0.878492
2 0.452083 0.616204 0.0833333 0.132407 0.882081
2 0.617969 0.68287 0.107813 0.14537 0.884571
