2 0.559115 0.206481 0.0317708 0.0351852 0.283296
0 0.886198 0.591204 0.0109375 0.0583333 0.31213
0 0.899479 0.480556 0.0104167 0.0537037 0.333249
2 0.53125 0.237963 0.0395833 0.0407407 0.351238
9 0.974219 0.738426 0.0109375 0.0509259 0.420152
5 0.532031 0.165278 0.0671875 0.0768519 0.451026
2 0.495313 0.311574 0.0385417 0.0601852 0.47093
0 0.914323 0.733333 0.0182292 0.0833333 0.509639
5 0.235156 0.394907 0.0442708 0.137963 0.525217
9 0.410417 0.390278 0.04375 0.158333 0.565752
0 0.9375 0.792593 0.0208333 0.0703704 0.567336
5 0.213542 0.283796 0.05625 0.0990741 0.581175
7 0.409896 0.390278 0.0447917 0.158333 0.592009
2 0.4625 0.383796 0.0322917 0.0824074 0.602208
0 0.928385 0.742593 0.0140625 0.0722222 0.655919
2 0.719792 0.894907 0.130208 0.184259 0.737123
2 0.679167 0.453704 0.0822917 0.0722222 0.796431
2 0.434115 0.591667 0.0744792 0.124074 0.847959
2 0.484115 0.447222 0.0505208 0.0796296 0.851857
2 0.45625 0.506019 0.0635417 0.0953704 0.874474
2 0.558073 0.526389 0.0869792 0.123148 0.875959
2 0.586198 0.650463 0.101562 0.139815 0.87597
