0 0.908073 0.963889 0.0203125 0.0648148 0.265536
2 0.480469 0.228704 0.0401042 0.0425926 0.287055
0 0.447917 0.659259 0.0302083 0.0907407 0.288226
2 0.255208 0.32037 0.0302083 0.0407407 0.353038
0 0.916146 0.479167 0.0145833 0.062037 0.363833
0 0.911979 0.676852 0.0114583 0.0407407 0.402358
2 0.840104 0.106481 0.015625 0.0314815 0.421208
0 0.917969 0.882407 0.0244792 0.0796296 0.470461
0 0.890625 0.965741 0.028125 0.0648148 0.502165
9 0.973958 0.738426 0.0125 0.0527778 0.521979
5 0.441406 0.218981 0.114063 0.0990741 0.529466
2 0.395312 0.318981 0.0583333 0.0731481 0.577888
0 0.891146 0.689815 0.0145833 0.0666667 0.597984
2 0.445052 0.280093 0.0473958 0.0583333 0.677528
5 0.0679687 0.576852 0.135937 0.203704 0.776411
2 0.201823 0.489352 0.0567708 0.0824074 0.858035
2 0.349219 0.725926 0.0859375 0.164815 0.871983
