2 0.403125 0.29537 0.040625 0.0555556 0.250577
0 0.974219 0.7375 0.0130208 0.0527778 0.268107
2 0.331771 0.29537 0.0385417 0.0462963 0.27514
0 0.941667 0.548611 0.0145833 0.0638889 0.307135
0 0.907552 0.606944 0.0192708 0.0657407 0.313487
0 0.919271 0.757407 0.015625 0.0592593 0.338384
2 0.396875 0.318981 0.0520833 0.0675926 0.33954
0 0.850781 0.82037 0.0161458 0.0685185 0.348851
0 0.448177 0.660648 0.0317708 0.0935185 0.384938
0 0.896615 0.807407 0.0161458 0.0611111 0.429295
0 0.936979 0.798611 0.01875 0.0712963 0.441543
2 0.839323 0.108333 0.0171875 0.0277778 0.515046
2 0.384115 0.326389 0.0328125 0.0583333 0.52235
5 0.426823 0.225926 0.0859375 0.0888889 0.564532
0 0.888281 0.602315 0.0151042 0.0638889 0.580465
2 0.480208 0.229167 0.0364583 0.0416667 0.604452
2 0.246615 0.299537 0.0213542 0.0342593 0.607195
2 0.26901 0.351852 0.0265625 0.0481481 0.728777
2 0.445312 0.280556 0.046875 0.062963 0.767478
5 0.192188 0.432407 0.113542 0.183333 0.881611
2 0.335938 0.696759 0.0791667 0.156481 0.886329
