9 0.0588542 0.604167 0.0145833 0.0416667 0.25127
2 0.838021 0.122685 0.0166667 0.0305556 0.253469
0 0.921094 0.733796 0.0171875 0.0638889 0.265761
0 0.930469 0.736574 0.0203125 0.0601852 0.298077
7 0.66276 0.253241 0.0578125 0.0824074 0.33972
9 0.973698 0.737963 0.0119792 0.0537037 0.381952
2 0.209896 0.283333 0.0364583 0.0777778 0.426644
2 0.4125 0.32037 0.0583333 0.0648148 0.43195
2 0.45 0.257407 0.0416667 0.05 0.465143
0 0.883073 0.744444 0.0171875 0.0740741 0.503546
5 0.441667 0.219444 0.120833 0.109259 0.527809
2 0.503906 0.212037 0.0328125 0.0425926 0.581005
2 0.533594 0.580093 0.0973958 0.156481 0.661324
2 0.395573 0.296296 0.0505208 0.0592593 0.678676
2 0.480208 0.289815 0.0322917 0.0518519 0.712511
2 0.410677 0.446759 0.0432292 0.0731481 0.800461
2 0.389583 0.391204 0.034375 0.0731481 0.820406
2 0.910937 0.87037 0.11875 0.181481 0.829139
2 0.423698 0.334722 0.0505208 0.0601852 0.84948
7 0.728906 0.816204 0.207813 0.358333 0.917074
