0 0.911719 0.466667 0.0119792 0.0574074 0.252366
7 0.95 0.298611 0.1 0.597222 0.29792
2 0.840104 0.106481 0.015625 0.0259259 0.322791
2 0.255729 0.318056 0.021875 0.0361111 0.327214
9 0.973958 0.737963 0.0125 0.0537037 0.392706
0 0.911198 0.694907 0.0119792 0.0416667 0.409591
2 0.48099 0.228704 0.0369792 0.0444444 0.485363
0 0.890104 0.709259 0.0166667 0.0722222 0.569384
5 0.442448 0.22037 0.122396 0.112963 0.709796
2 0.385156 0.322685 0.0567708 0.0787037 0.773984
5 0.0445312 0.590278 0.0890625 0.143519 0.804083
2 0.446354 0.27963 0.046875 0.0574074 0.822877
2 0.349479 0.725 0.0864583 0.166667 0.829744
2 0.167448 0.529167 0.0609375 0.087963 0.849235
