2 0.223698 0.306019 0.0453125 0.0861111 0.255167
0 0.0877604 0.509722 0.0244792 0.062037 0.256527
9 0.0546875 0.725926 0.0114583 0.0481481 0.26111
0 0.93776 0.798611 0.0234375 0.0675926 0.264411
9 0.973958 0.739352 0.0125 0.0527778 0.29632
2 0.839583 0.108333 0.015625 0.0296296 0.306908
0 0.892448 0.473148 0.0109375 0.0537037 0.330346
0 0.0549479 0.729167 0.0119792 0.0527778 0.362125
5 0.223438 0.306019 0.0458333 0.0861111 0.375077
7 0.223177 0.305093 0.0453125 0.0861111 0.378482
0 0.938542 0.671296 0.0135417 0.0648148 0.483887
5 0.436719 0.223611 0.106771 0.106481 0.503461
2 0.27474 0.345833 0.0265625 0.0509259 0.54676
0 0.875 0.7625 0.0145833 0.0675926 0.563039
2 0.47526 0.246296 0.0442708 0.0666667 0.656265
2 0.396354 0.318981 0.0552083 0.0675926 0.67832
2 0.969531 0.932407 0.0609375 0.12963 0.67886
2 0.517448 0.616204 0.0953125 0.132407 0.893234
2 0.739583 0.848611 0.127083 0.180556 0.913376
