2 0.83776 0.118056 0.0161458 0.0305556 0.253876
0 0.658854 0.313889 0.0125 0.0740741 0.272518
0 0.928385 0.743056 0.0140625 0.0638889 0.325707
0 0.916406 0.738889 0.0213542 0.0740741 0.326464
5 0.217187 0.296296 0.0645833 0.122222 0.328612
7 0.665365 0.259722 0.0619792 0.0953704 0.345424
3 0.552083 0.548611 0.03125 0.0657407 0.35891
9 0.973698 0.738426 0.0119792 0.0527778 0.365029
0 0.938542 0.791204 0.0229167 0.075 0.375936
2 0.596094 0.191667 0.0244792 0.0351852 0.385564
2 0.53125 0.237037 0.0364583 0.0388889 0.389754
2 0.464844 0.402778 0.0359375 0.0685185 0.420615
2 0.489583 0.270833 0.040625 0.0472222 0.420819
2 0.464323 0.349537 0.0359375 0.0638889 0.442433
0 0.904167 0.483333 0.0104167 0.0518519 0.457799
7 0.271875 0.3875 0.0729167 0.119444 0.638166
7 0.409635 0.380093 0.0442708 0.147222 0.654116
2 0.228906 0.882407 0.0880208 0.188889 0.748275
2 0.494792 0.466204 0.0645833 0.0805556 0.77095
2 0.433333 0.476389 0.0520833 0.0898148 0.834399
2 0.438021 0.602315 0.0739583 0.125 0.846838
2 0.384635 0.505556 0.0494792 0.101852 0.867612
2 0.491146 0.553241 0.0802083 0.110185 0.878096
2 0.542448 0.439815 0.0692708 0.0814815 0.883827
