7 0.664062 0.252778 0.0572917 0.0814815 0.255279
5 0.238021 0.342593 0.0510417 0.109259 0.258456
9 0.410417 0.380556 0.0427083 0.144444 0.306946
0 0.903906 0.481944 0.00989583 0.0564815 0.371428
2 0.509896 0.294444 0.0416667 0.0537037 0.446428
2 0.529948 0.236574 0.0359375 0.037963 0.452585
9 0.974219 0.737963 0.0119792 0.0518519 0.460386
2 0.563021 0.206019 0.0291667 0.0342593 0.484478
0 0.9375 0.793519 0.0197917 0.0685185 0.488947
5 0.410417 0.380556 0.04375 0.146296 0.530401
2 0.461979 0.359259 0.034375 0.0740741 0.552584
0 0.929167 0.742593 0.015625 0.0722222 0.571903
0 0.914062 0.735648 0.0177083 0.0842593 0.577246
7 0.410417 0.380556 0.04375 0.146296 0.582965
2 0.259375 0.934722 0.11875 0.126852 0.704629
2 0.469271 0.418519 0.0416667 0.0722222 0.759358
2 0.540885 0.727315 0.100521 0.149074 0.820931
2 0.396354 0.526389 0.0552083 0.102778 0.842652
2 0.570573 0.452315 0.0755208 0.0861111 0.854719
2 0.521615 0.492593 0.0776042 0.12037 0.869801
2 0.440365 0.489352 0.0578125 0.0953704 0.87247
2 0.518229 0.581481 0.0875 0.116667 0.919471
