0 0.973698 0.738889 0.0119792 0.0537037 0.271194
9 0.351823 0.353704 0.0140625 0.0425926 0.279531
0 0.936198 0.796759 0.0223958 0.0712963 0.290808
9 0.592708 0.168981 0.01875 0.0361111 0.293681
2 0.486979 0.226852 0.0354167 0.0351852 0.31341
0 0.0877604 0.511111 0.0255208 0.062963 0.334762
0 0.922656 0.727778 0.0192708 0.0740741 0.341925
0 0.0606771 0.635648 0.0119792 0.0546296 0.37995
9 0.973698 0.737963 0.0119792 0.0537037 0.382346
7 0.663021 0.252778 0.05625 0.0814815 0.399602
7 0.670833 0.73287 0.127083 0.200926 0.400952
2 0.448958 0.258333 0.0416667 0.0444444 0.407055
2 0.209896 0.283796 0.0364583 0.075 0.418636
2 0.671354 0.733796 0.127083 0.200926 0.527658
0 0.893229 0.486574 0.0114583 0.0527778 0.567446
0 0.882031 0.746759 0.0171875 0.0731481 0.582272
5 0.442969 0.219907 0.122396 0.106481 0.671509
2 0.396094 0.296759 0.0494792 0.0583333 0.760652
2 0.394792 0.423611 0.0354167 0.0787037 0.794338
2 0.469271 0.364815 0.03125 0.0666667 0.825539
2 0.440885 0.499537 0.0578125 0.102778 0.858779
2 0.416667 0.342593 0.0479167 0.062963 0.8625
