0 0.872656 0.443519 0.0109375 0.05 0.258774
2 0.561198 0.208333 0.0296875 0.0407407 0.260503
2 0.840885 0.0990741 0.0161458 0.0277778 0.261175
0 0.913021 0.737037 0.0145833 0.0574074 0.297523
2 0.459375 0.3 0.0427083 0.0425926 0.336995
0 0.938542 0.79213 0.0239583 0.0731481 0.34872
2 0.48776 0.269907 0.0442708 0.0453704 0.348824
9 0.351823 0.353241 0.0130208 0.0416667 0.353581
0 0.895833 0.42963 0.009375 0.0518519 0.358506
9 0.973698 0.739815 0.0119792 0.0518519 0.377249
2 0.216927 0.458333 0.0453125 0.0592593 0.430685
2 0.528385 0.237963 0.0359375 0.0425926 0.438985
2 0.270052 0.325 0.0369792 0.0592593 0.450396
0 0.928646 0.740741 0.0135417 0.0703704 0.469176
7 0.663802 0.253704 0.0588542 0.0851852 0.507109
2 0.788021 0.305556 0.028125 0.05 0.545326
0 0.880469 0.702315 0.0151042 0.075 0.553778
2 0.479948 0.368519 0.0338542 0.0722222 0.69229
5 0.473698 0.197222 0.108854 0.107407 0.811812
7 0.427083 0.451389 0.0729167 0.182407 0.813812
2 0.548177 0.517593 0.0703125 0.0981481 0.818878
5 0.223698 0.655556 0.0880208 0.337037 0.838956
2 0.490625 0.445833 0.05625 0.0990741 0.85695
2 0.759375 0.839352 0.132292 0.180556 0.857554
2 0.689844 0.661574 0.118229 0.165741 0.873294
2 0.592448 0.797685 0.117188 0.176852 0.899073
2 0.546094 0.602778 0.0848958 0.118519 0.90572
