7 0.257031 0.301389 0.0307292 0.0546296 0.259676
2 0.459375 0.300463 0.040625 0.0453704 0.26273
7 0.840885 0.958333 0.100521 0.0814815 0.270544
0 0.913542 0.737963 0.015625 0.0574074 0.294081
2 0.839844 0.957407 0.103646 0.0833333 0.306662
2 0.489844 0.269907 0.0401042 0.0435185 0.330558
9 0.973437 0.739352 0.0114583 0.0527778 0.332555
0 0.959635 0.815741 0.0223958 0.0648148 0.337202
7 0.66276 0.251852 0.0557292 0.0814815 0.345218
0 0.897135 0.456481 0.00989583 0.05 0.356288
0 0.936979 0.794907 0.01875 0.0675926 0.441294
0 0.886198 0.63287 0.0130208 0.0583333 0.442911
2 0.530208 0.237037 0.0375 0.037037 0.488348
0 0.928906 0.743519 0.0130208 0.0685185 0.572011
7 0.414583 0.410185 0.053125 0.166667 0.642284
5 0.220573 0.312963 0.0619792 0.135185 0.706462
2 0.485417 0.3375 0.0364583 0.0638889 0.710522
2 0.471615 0.410648 0.0432292 0.087963 0.718654
2 0.503646 0.474074 0.0625 0.087037 0.739329
2 0.752344 0.39537 0.0494792 0.0648148 0.770587
5 0.51224 0.178241 0.103646 0.0935185 0.775231
5 0.216927 0.472222 0.0671875 0.201852 0.836461
2 0.608333 0.58287 0.101042 0.137963 0.852726
2 0.486198 0.538426 0.0776042 0.10463 0.863125
2 0.488542 0.672685 0.0958333 0.143519 0.88279
2 0.66901 0.736574 0.115104 0.158333 0.897983
