0 0.74349 0.725463 0.0286458 0.0509259 0.261634
0 0.91901 0.741204 0.0244792 0.0712963 0.262022
7 0.23099 0.322222 0.0526042 0.0944444 0.263116
3 0.765365 0.76713 0.0182292 0.0472222 0.284892
0 0.352604 0.353704 0.0125 0.0407407 0.305807
9 0.973958 0.738889 0.0114583 0.0518519 0.353517
2 0.570312 0.199074 0.0208333 0.037037 0.37957
0 0.9375 0.793981 0.0208333 0.0694444 0.407142
0 0.911979 0.744444 0.0145833 0.0648148 0.430147
2 0.48724 0.269907 0.0432292 0.0453704 0.449703
0 0.904167 0.482407 0.0104167 0.0518519 0.451531
7 0.666146 0.255093 0.0666667 0.087963 0.4799
0 0.929167 0.74213 0.0145833 0.0657407 0.494787
2 0.527865 0.262963 0.0369792 0.0518519 0.500296
0 0.884115 0.502315 0.0109375 0.0583333 0.518117
7 0.409635 0.379167 0.0442708 0.147222 0.684635
2 0.228646 0.883333 0.0885417 0.188889 0.721484
2 0.433854 0.476389 0.053125 0.087963 0.834418
2 0.445833 0.608796 0.0760417 0.119444 0.856613
2 0.505208 0.475926 0.0708333 0.1 0.875237
2 0.49401 0.555093 0.0786458 0.112037 0.877683
2 0.54349 0.440278 0.0692708 0.0805556 0.886651
2 0.384375 0.506481 0.05 0.101852 0.893115
