2 0.88724 0.153704 0.0223958 0.0388889 0.250015
7 0.670313 0.262963 0.06875 0.101852 0.334613
9 0.973958 0.736574 0.0135417 0.0546296 0.404185
2 0.501042 0.226389 0.03125 0.037963 0.415368
0 0.921615 0.659259 0.0171875 0.0703704 0.461982
2 0.561979 0.211111 0.0364583 0.0462963 0.518246
2 0.763021 0.261111 0.028125 0.05 0.593307
2 0.829167 0.148611 0.0166667 0.0305556 0.642958
0 0.886979 0.708796 0.0208333 0.0787037 0.645269
2 0.797917 0.29537 0.040625 0.0759259 0.662655
2 0.485938 0.266204 0.040625 0.0601852 0.68226
2 0.832292 0.904167 0.0989583 0.180556 0.775567
2 0.349479 0.725463 0.0864583 0.163889 0.821749
2 0.059375 0.595833 0.0614583 0.087963 0.833768
5 0.338021 0.298611 0.159375 0.178704 0.843625
2 0.503125 0.886574 0.10625 0.167593 0.901087
