2 0.185937 0.516204 0.0364583 0.0583333 0.259888
7 0.950781 0.298148 0.0984375 0.596296 0.28008
0 0.898438 0.945833 0.0239583 0.0657407 0.286424
0 0.878125 0.939352 0.01875 0.0601852 0.371741
0 0.90599 0.396296 0.00989583 0.05 0.379371
2 0.256771 0.31713 0.0239583 0.0342593 0.46965
0 0.852083 0.978241 0.0291667 0.0416667 0.487693
0 0.0861979 0.508796 0.0223958 0.0583333 0.493402
2 0.430208 0.268519 0.0427083 0.0481481 0.583127
2 0.751562 0.441204 0.0510417 0.087963 0.594202
2 0.296354 0.395833 0.0666667 0.087963 0.614517
2 0.205729 0.488889 0.0739583 0.105556 0.655579
2 0.349219 0.724074 0.0848958 0.166667 0.79119
5 0.441667 0.22037 0.121875 0.116667 0.7934
2 0.0794271 0.574537 0.0630208 0.0916667 0.877289
