7 0.663281 0.253704 0.0588542 0.0833333 0.266872
0 0.936719 0.796296 0.0182292 0.0574074 0.305677
2 0.83099 0.144444 0.0140625 0.0277778 0.349993
7 0.446615 0.488889 0.0578125 0.12037 0.412294
2 0.544271 0.181019 0.0260417 0.0305556 0.42712
2 0.210417 0.284259 0.0385417 0.0722222 0.492003
0 0.90625 0.504167 0.0125 0.0601852 0.492389
2 0.911458 0.960185 0.111458 0.0796296 0.525941
5 0.44349 0.216667 0.120312 0.111111 0.53291
9 0.973958 0.736574 0.0114583 0.0509259 0.546663
0 0.88151 0.745833 0.0182292 0.0731481 0.579474
2 0.395833 0.29537 0.0489583 0.0574074 0.678974
2 0.51901 0.246296 0.0338542 0.0444444 0.697026
2 0.463542 0.293981 0.0479167 0.0564815 0.732988
2 0.446354 0.489352 0.0572917 0.119444 0.74101
2 0.390885 0.378704 0.0411458 0.0759259 0.764746
2 0.407031 0.440278 0.0338542 0.0675926 0.78715
2 0.632552 0.593982 0.0942708 0.130556 0.871363
2 0.742448 0.796759 0.119271 0.162037 0.886232
2 0.730469 0.919907 0.138021 0.160185 0.889224
7 0.528125 0.600463 0.144792 0.260185 0.900186
