2 0.841667 0.101852 0.0135417 0.0259259 0.284593
0 0.92474 0.494907 0.0119792 0.0416667 0.303567
0 0.921354 0.510648 0.0135417 0.0657407 0.306875
2 0.832031 0.144907 0.0182292 0.025 0.346089
0 0.936198 0.796759 0.0223958 0.0694444 0.358537
9 0.973698 0.738426 0.0119792 0.0546296 0.396808
2 0.925 0.96713 0.0927083 0.0638889 0.403165
2 0.209896 0.283796 0.0395833 0.0768519 0.428221
0 0.88151 0.746296 0.0192708 0.0740741 0.53698
2 0.396094 0.296296 0.0494792 0.0574074 0.588287
0 0.905208 0.500463 0.0114583 0.0583333 0.592079
2 0.516406 0.248611 0.0328125 0.0416667 0.661505
2 0.449219 0.490278 0.0630208 0.121296 0.664065
2 0.541406 0.181944 0.0276042 0.0305556 0.670039
2 0.458594 0.297685 0.0463542 0.0546296 0.699055
5 0.44401 0.218519 0.122396 0.109259 0.726166
2 0.407031 0.440278 0.0338542 0.0712963 0.766352
2 0.390365 0.383796 0.0401042 0.0694444 0.783511
2 0.769271 0.814352 0.122917 0.15463 0.845385
2 0.64401 0.600926 0.0963542 0.12963 0.873821
2 0.741927 0.924537 0.141146 0.149074 0.888995
7 0.534375 0.605093 0.144792 0.256481 0.906281
