5 0.448438 0.246759 0.0916667 0.0898148 0.264098
0 0.959896 0.814815 0.0229167 0.0648148 0.277709
2 0.218229 0.25463 0.0208333 0.0259259 0.285859
7 0.2375 0.339815 0.0520833 0.109259 0.327729
2 0.161198 0.499074 0.0265625 0.0296296 0.331774
0 0.9375 0.800463 0.015625 0.0583333 0.355797
5 0.2375 0.339352 0.0510417 0.110185 0.397589
2 0.839323 0.10787 0.0171875 0.0287037 0.447424
0 0.973437 0.740278 0.0114583 0.0527778 0.51425
0 0.889844 0.528241 0.00989583 0.0546296 0.53315
0 0.952083 0.747685 0.0145833 0.0601852 0.576235
2 0.482552 0.228704 0.0380208 0.0425926 0.618467
5 0.44375 0.218056 0.120833 0.102778 0.686691
2 0.394531 0.320833 0.0567708 0.0657407 0.691012
2 0.273958 0.481481 0.0385417 0.103704 0.751235
2 0.450521 0.274074 0.04375 0.0555556 0.789056
2 0.745833 0.858796 0.1375 0.20463 0.906682
