3 0.632031 0.639352 0.0338542 0.0564815 0.266978
7 0.669531 0.261574 0.0713542 0.102778 0.284964
0 0.973437 0.738426 0.0114583 0.0527778 0.289969
9 0.973698 0.737963 0.0119792 0.0537037 0.304229
2 0.589583 0.185185 0.0197917 0.0333333 0.339621
0 0.628646 0.611574 0.028125 0.0583333 0.356266
0 0.93776 0.792593 0.0203125 0.0685185 0.366347
0 0.913542 0.738889 0.0177083 0.0796296 0.38971
0 0.929167 0.740278 0.015625 0.0731481 0.402401
2 0.488802 0.269444 0.0401042 0.0444444 0.415196
5 0.223698 0.311574 0.0546875 0.0990741 0.420727
7 0.0377604 0.607407 0.0744792 0.124074 0.423314
0 0.884115 0.476852 0.0119792 0.0611111 0.450925
2 0.528385 0.237037 0.0338542 0.037037 0.4635
2 0.465104 0.405556 0.0364583 0.0648148 0.502298
0 0.903906 0.484259 0.0109375 0.0555556 0.525267
2 0.464063 0.353241 0.0364583 0.0712963 0.556019
2 0.55625 0.23287 0.028125 0.0416667 0.568716
7 0.409896 0.378241 0.04375 0.147222 0.674862
2 0.227344 0.88287 0.0901042 0.191667 0.676416
2 0.49974 0.473148 0.0703125 0.0981481 0.7704
2 0.433073 0.476852 0.0526042 0.0888889 0.840758
2 0.438021 0.602778 0.0729167 0.125926 0.864981
2 0.491667 0.554167 0.0791667 0.112037 0.869789
2 0.384375 0.506019 0.05 0.100926 0.884301
2 0.543229 0.439815 0.0677083 0.0814815 0.884654
