9 0.351042 0.351852 0.0125 0.0425926 0.254939
2 0.884635 0.966667 0.0901042 0.062963 0.255459
0 0.446875 0.656018 0.028125 0.0861111 0.258077
7 0.232031 0.327778 0.0515625 0.1 0.262478
0 0.913021 0.737037 0.015625 0.062963 0.273727
2 0.260156 0.309259 0.0369792 0.0611111 0.274791
7 0.66276 0.252778 0.0557292 0.0814815 0.283537
2 0.560938 0.20787 0.0302083 0.0361111 0.289214
2 0.232292 0.326852 0.0520833 0.1 0.30444
0 0.928385 0.74213 0.0130208 0.0638889 0.322569
2 0.839583 0.0981481 0.01875 0.0314815 0.336496
0 0.884635 0.6625 0.0130208 0.0601852 0.348517
0 0.894531 0.439352 0.00885417 0.0416667 0.349373
0 0.936458 0.796759 0.01875 0.0657407 0.350434
5 0.23151 0.328241 0.0515625 0.100926 0.373991
2 0.459115 0.299074 0.0432292 0.0481481 0.432664
2 0.489583 0.27037 0.0395833 0.0425926 0.444983
0 0.973698 0.738426 0.0119792 0.0527778 0.468193
2 0.530469 0.2375 0.0369792 0.037963 0.480883
7 0.420052 0.438426 0.0567708 0.150926 0.530949
2 0.257292 0.397222 0.0333333 0.0592593 0.585774
2 0.48125 0.349537 0.034375 0.0694444 0.689504
2 0.771615 0.355093 0.0401042 0.0583333 0.696069
5 0.496354 0.185185 0.102083 0.0962963 0.78535
2 0.519531 0.494444 0.0651042 0.0814815 0.791218
5 0.207292 0.537037 0.0729167 0.251852 0.820273
2 0.476562 0.425463 0.0510417 0.0898148 0.824769
2 0.639583 0.611111 0.108333 0.146296 0.839768
2 0.510938 0.566667 0.0791667 0.112963 0.851789
2 0.532812 0.727315 0.101042 0.158333 0.886482
2 0.713802 0.783796 0.123438 0.173148 0.89013
