5 0.450521 0.270833 0.0489583 0.0657407 0.268324
7 0.666146 0.256019 0.0614583 0.0898148 0.270258
7 0.963021 0.949537 0.0729167 0.0972222 0.273047
9 0.0572917 0.682407 0.0114583 0.0407407 0.287602
0 0.0575521 0.681481 0.0119792 0.0407407 0.288914
0 0.973437 0.738426 0.0125 0.0509259 0.309982
9 0.973698 0.7375 0.0119792 0.0509259 0.324825
7 0.211979 0.289352 0.0395833 0.0768519 0.33635
0 0.932813 0.743981 0.01875 0.0657407 0.35119
5 0.21224 0.289352 0.0401042 0.0768519 0.394494
5 0.478906 0.192593 0.0536458 0.0592593 0.405655
0 0.921354 0.725926 0.0166667 0.0666667 0.420011
2 0.451823 0.273611 0.0463542 0.062037 0.489014
2 0.840365 0.106481 0.0161458 0.0314815 0.490743
0 0.91224 0.584259 0.0140625 0.0648148 0.492337
0 0.882031 0.744907 0.0171875 0.0731481 0.518262
0 0.936458 0.796759 0.0229167 0.0694444 0.545693
2 0.550781 0.193519 0.0307292 0.037037 0.627413
5 0.424219 0.224537 0.0817708 0.0898148 0.629486
2 0.395312 0.294907 0.0489583 0.0583333 0.759954
2 0.401823 0.456944 0.0463542 0.087963 0.76911
2 0.51901 0.620833 0.100521 0.136111 0.859054
2 0.695312 0.677778 0.1 0.144444 0.901341
2 0.671875 0.781018 0.120833 0.171296 0.904645
