0 0.0598958 0.650463 0.0166667 0.0527778 0.282113
0 0.922656 0.722222 0.0161458 0.0685185 0.296867
9 0.973958 0.7375 0.0114583 0.0509259 0.298532
2 0.840104 0.112037 0.015625 0.0259259 0.350943
2 0.210417 0.283796 0.0385417 0.0731481 0.399397
2 0.483854 0.227778 0.0333333 0.037037 0.424062
5 0.441927 0.219907 0.119271 0.10463 0.508654
2 0.555208 0.189352 0.0333333 0.0472222 0.509912
2 0.451042 0.259259 0.040625 0.0425926 0.544865
0 0.895052 0.513889 0.0130208 0.0592593 0.552511
0 0.881771 0.746759 0.0177083 0.0712963 0.598113
2 0.753906 0.814352 0.143229 0.213889 0.648246
2 0.395833 0.297222 0.05 0.0555556 0.712468
2 0.491406 0.435648 0.0463542 0.0824074 0.754585
2 0.405469 0.361111 0.0463542 0.0648148 0.817212
2 0.408594 0.463889 0.0484375 0.0907407 0.829582
2 0.480469 0.563426 0.0734375 0.119444 0.841478
