0 0.941146 0.794444 0.0177083 0.062963 0.2586
0 0.9125 0.851852 0.0166667 0.0555556 0.278562
9 0.351562 0.355093 0.0145833 0.0435185 0.279695
0 0.888802 0.856944 0.0151042 0.0509259 0.300932
2 0.839844 0.111111 0.0182292 0.0259259 0.345293
0 0.90625 0.790278 0.021875 0.0787037 0.394993
2 0.252865 0.312037 0.0213542 0.0296296 0.432301
0 0.890625 0.630556 0.0125 0.0648148 0.456006
2 0.871354 0.563426 0.0197917 0.0287037 0.461869
9 0.974219 0.737963 0.0119792 0.0518519 0.487015
0 0.930208 0.524537 0.0135417 0.0638889 0.512743
2 0.482552 0.228704 0.0380208 0.0425926 0.534125
2 0.394531 0.325 0.0526042 0.0592593 0.553526
2 0.267708 0.3875 0.0302083 0.0546296 0.567725
5 0.42526 0.227315 0.0859375 0.0861111 0.605978
2 0.445052 0.281481 0.0463542 0.0574074 0.774064
2 0.34401 0.714815 0.0848958 0.159259 0.894692
5 0.150521 0.478704 0.147917 0.209259 0.912193
