9 0.973698 0.738889 0.0130208 0.0537037 0.264978
2 0.839583 0.1125 0.0145833 0.0361111 0.3236
1 0.93724 0.79537 0.0192708 0.0648148 0.339974
0 0.930469 0.7375 0.0192708 0.0638889 0.358515
0 0.922656 0.720833 0.0182292 0.0768519 0.362803
0 0.973437 0.739352 0.0125 0.0527778 0.367006
7 0.665625 0.255093 0.0614583 0.0861111 0.392633
2 0.209635 0.27963 0.0369792 0.0814815 0.471222
2 0.45 0.258333 0.0385417 0.0444444 0.472797
0 0.882031 0.746296 0.0182292 0.0759259 0.481291
2 0.498177 0.215741 0.0338542 0.0388889 0.483997
2 0.967448 0.925926 0.0640625 0.140741 0.504536
5 0.441146 0.218981 0.122917 0.110185 0.622033
2 0.571354 0.625 0.107292 0.168519 0.64785
2 0.395833 0.296296 0.05 0.0574074 0.692851
2 0.47474 0.303241 0.0286458 0.0509259 0.715337
2 0.416146 0.459259 0.0489583 0.0777778 0.768389
2 0.389323 0.393519 0.0338542 0.0703704 0.782547
2 0.421354 0.337037 0.05 0.0611111 0.83264
7 0.786979 0.844444 0.215625 0.307407 0.866481
