7 0.210156 0.284722 0.0401042 0.0731481 0.250359
7 0.474219 0.518056 0.0776042 0.132407 0.264916
0 0.919271 0.475926 0.015625 0.062963 0.268293
0 0.922656 0.734722 0.0213542 0.0731481 0.270781
0 0.0611979 0.587963 0.0140625 0.0518519 0.29583
9 0.973698 0.737963 0.0119792 0.0537037 0.34318
0 0.904688 0.471759 0.0125 0.0601852 0.413162
2 0.210417 0.285648 0.0375 0.0731481 0.429347
2 0.451823 0.256944 0.0411458 0.0453704 0.499849
2 0.51901 0.200926 0.0286458 0.0333333 0.532101
0 0.936458 0.795833 0.0229167 0.0712963 0.608519
0 0.882552 0.74537 0.0182292 0.0740741 0.626059
2 0.475 0.518981 0.078125 0.132407 0.639484
2 0.396354 0.294907 0.0510417 0.0564815 0.701097
2 0.493229 0.268056 0.0364583 0.0472222 0.729449
2 0.390365 0.390278 0.0390625 0.0712963 0.776853
5 0.443229 0.217593 0.122917 0.109259 0.790945
2 0.408333 0.440278 0.0375 0.0712963 0.813443
2 0.43125 0.326389 0.0572917 0.0583333 0.858139
2 0.759115 0.714815 0.113021 0.157407 0.898816
7 0.619531 0.706944 0.182812 0.315741 0.90694
