0 0.909375 0.751852 0.0177083 0.0703704 0.265871
7 0.23724 0.343056 0.0526042 0.112037 0.303244
0 0.93724 0.799537 0.0140625 0.0583333 0.312805
2 0.160938 0.499537 0.0270833 0.0305556 0.344361
5 0.23776 0.343981 0.0526042 0.112037 0.353627
2 0.839063 0.10787 0.0166667 0.0287037 0.450208
0 0.973437 0.740278 0.0114583 0.0527778 0.460128
0 0.889844 0.53287 0.00989583 0.0509259 0.516019
0 0.950781 0.74537 0.0130208 0.0481481 0.536798
2 0.481771 0.228704 0.0375 0.0425926 0.612286
5 0.443229 0.218519 0.120833 0.101852 0.656336
2 0.394531 0.321296 0.0557292 0.0648148 0.684512
2 0.276823 0.511111 0.0411458 0.0851852 0.731764
2 0.44974 0.274537 0.0453125 0.0546296 0.74734
2 0.766406 0.880556 0.140104 0.203704 0.919916
