2 0.888542 0.158333 0.025 0.0425926 0.255947
2 0.103125 0.574537 0.040625 0.062037 0.353284
0 0.907552 0.369444 0.00989583 0.0537037 0.357863
2 0.0726563 0.623611 0.0494792 0.0861111 0.615882
0 0.867448 0.867593 0.0234375 0.0962963 0.640221
2 0.80026 0.259722 0.0255208 0.0472222 0.657486
7 0.598958 0.656018 0.084375 0.141667 0.699718
2 0.349219 0.725 0.0859375 0.162963 0.829238
7 0.694792 0.628704 0.0927083 0.190741 0.846096
2 0.180208 0.513889 0.0645833 0.1 0.882539
5 0.419271 0.238889 0.13125 0.127778 0.897205
