0 0.973177 0.739815 0.0130208 0.0537037 0.25496
2 0.840104 0.108333 0.0145833 0.0296296 0.291925
9 0.973437 0.738426 0.0125 0.0509259 0.297723
0 0.939323 0.743981 0.0109375 0.0361111 0.313422
2 0.238802 0.282407 0.0182292 0.0333333 0.31905
0 0.936198 0.797685 0.0182292 0.0675926 0.33628
0 0.914844 0.781018 0.0192708 0.0675926 0.362924
0 0.447656 0.660648 0.0296875 0.0935185 0.384998
2 0.48125 0.228704 0.0364583 0.0425926 0.423203
2 0.9375 0.977778 0.0916667 0.0407407 0.473141
0 0.888281 0.580093 0.0130208 0.062037 0.538358
0 0.849479 0.824537 0.0135417 0.0583333 0.548127
0 0.9 0.780093 0.0166667 0.075 0.556775
5 0.442448 0.221759 0.120312 0.106481 0.578721
2 0.265625 0.334259 0.0260417 0.0425926 0.627756
5 0.222656 0.394907 0.0723958 0.152778 0.628197
2 0.395052 0.322222 0.0536458 0.0648148 0.663989
2 0.445833 0.281944 0.0489583 0.0583333 0.726527
2 0.319792 0.659259 0.0708333 0.140741 0.881981
