7 0.665625 0.256019 0.0625 0.087963 0.257111
5 0.209896 0.284722 0.0375 0.0731481 0.262249
2 0.423438 0.304167 0.0416667 0.0990741 0.268128
9 0.351562 0.352315 0.0135417 0.0416667 0.272388
0 0.959635 0.815278 0.0234375 0.0675926 0.283951
0 0.914062 0.735185 0.0166667 0.0666667 0.297382
9 0.973698 0.738426 0.0119792 0.0527778 0.373456
2 0.841927 0.101852 0.0130208 0.0259259 0.373972
7 0.273438 0.475463 0.04375 0.125 0.401613
2 0.209635 0.284259 0.0369792 0.0722222 0.404558
5 0.273177 0.475 0.0442708 0.122222 0.409688
2 0.559375 0.209259 0.028125 0.037037 0.4197
2 0.424219 0.273611 0.0463542 0.0564815 0.444377
0 0.929427 0.739352 0.0171875 0.0712963 0.464012
2 0.52474 0.241667 0.0380208 0.0425926 0.527246
0 0.88151 0.74537 0.0171875 0.0722222 0.551835
5 0.454167 0.205093 0.102083 0.0861111 0.573084
2 0.817187 0.198148 0.0166667 0.0333333 0.573287
7 0.419792 0.438426 0.0427083 0.10463 0.58858
2 0.48099 0.278704 0.0411458 0.0481481 0.679984
2 0.421354 0.344907 0.0427083 0.0601852 0.743139
2 0.489844 0.421296 0.0473958 0.0851852 0.806709
5 0.182812 0.570833 0.0833333 0.271296 0.827464
2 0.711979 0.674537 0.0947917 0.136111 0.836616
7 0.486719 0.548148 0.123438 0.235185 0.860263
2 0.558594 0.519907 0.0869792 0.125 0.879791
2 0.665365 0.725463 0.109896 0.149074 0.90174
2 0.794271 0.879167 0.129167 0.189815 0.917265
2 0.638802 0.847685 0.128646 0.189815 0.91818
