2 0.254167 0.318519 0.0208333 0.0314815 0.277555
0 0.973698 0.738426 0.0119792 0.0546296 0.305189
0 0.90651 0.370833 0.00989583 0.0490741 0.365021
0 0.865625 0.881019 0.0229167 0.0787037 0.484075
7 0.56849 0.716204 0.0932292 0.152778 0.546872
2 0.795833 0.274537 0.0260417 0.0490741 0.611501
2 0.353385 0.329167 0.0473958 0.0601852 0.631598
2 0.0828125 0.619907 0.0729167 0.121296 0.675161
2 0.130208 0.548148 0.0479167 0.0722222 0.718566
7 0.676302 0.6875 0.104687 0.213889 0.740697
2 0.198437 0.493981 0.065625 0.0990741 0.811924
5 0.422396 0.236111 0.127083 0.124074 0.819138
2 0.349219 0.725 0.0859375 0.162963 0.830019
