0 0.959635 0.815278 0.0213542 0.0638889 0.269035
0 0.875781 0.197222 0.0109375 0.062963 0.270226
0 0.911979 0.741204 0.0145833 0.0601852 0.279995
7 0.208333 0.273611 0.053125 0.0861111 0.283075
7 0.240104 0.355093 0.0510417 0.125 0.372745
5 0.208854 0.274537 0.053125 0.087963 0.399343
0 0.9375 0.793519 0.0208333 0.0685185 0.416529
0 0.903385 0.481481 0.00989583 0.0574074 0.43146
0 0.88776 0.555556 0.0119792 0.062963 0.431904
9 0.973698 0.738426 0.0119792 0.0527778 0.432977
2 0.561979 0.206481 0.0302083 0.037037 0.437335
0 0.928646 0.742593 0.0145833 0.0703704 0.453704
2 0.503906 0.299074 0.0390625 0.0555556 0.519167
2 0.530208 0.237037 0.0385417 0.0388889 0.545839
2 0.4625 0.362037 0.0364583 0.0777778 0.608668
2 0.2875 0.963426 0.084375 0.0694444 0.628832
2 0.589323 0.775 0.111979 0.161111 0.657388
7 0.410417 0.380093 0.0447917 0.150926 0.703837
2 0.472917 0.426852 0.04375 0.0759259 0.806428
2 0.403906 0.543519 0.0598958 0.112963 0.840964
2 0.529948 0.495833 0.0828125 0.115741 0.843219
2 0.44401 0.49213 0.0588542 0.0972222 0.863519
2 0.593229 0.459259 0.0822917 0.0814815 0.880635
2 0.535677 0.598148 0.0911458 0.122222 0.892654
