0 0.05625 0.694907 0.0125 0.0416667 0.270017
0 0.93724 0.798148 0.0244792 0.0685185 0.298565
0 0.930208 0.737037 0.021875 0.062963 0.312834
7 0.213802 0.293519 0.0411458 0.0796296 0.317855
7 0.667188 0.258796 0.0625 0.0953704 0.318248
9 0.973698 0.737963 0.0119792 0.0518519 0.343295
9 0.351562 0.352778 0.0125 0.0425926 0.363266
0 0.89401 0.444444 0.00989583 0.0518519 0.367527
2 0.870573 0.563889 0.0213542 0.0296296 0.369488
0 0.922135 0.725926 0.0171875 0.0666667 0.371944
2 0.398438 0.295833 0.05625 0.0601852 0.399748
5 0.43099 0.226389 0.0953125 0.102778 0.428308
5 0.214062 0.293981 0.040625 0.0787037 0.454697
2 0.839583 0.10787 0.0166667 0.0287037 0.464497
0 0.882031 0.747222 0.0182292 0.0722222 0.48256
0 0.920313 0.611574 0.0177083 0.0694444 0.534975
2 0.420833 0.3 0.0541667 0.062963 0.547747
2 0.483073 0.227315 0.0359375 0.037963 0.576212
2 0.525 0.215278 0.040625 0.0472222 0.666056
2 0.426823 0.500926 0.0640625 0.1 0.803909
2 0.586719 0.696296 0.105729 0.144444 0.868503
2 0.754687 0.85787 0.129167 0.178704 0.869416
2 0.795313 0.773611 0.108333 0.158333 0.908219
