0 0.0583333 0.620833 0.0135417 0.0453704 0.25534
7 0.66276 0.252315 0.0567708 0.0805556 0.318131
0 0.935938 0.797222 0.021875 0.0685185 0.341519
2 0.448958 0.257407 0.0416667 0.0462963 0.357469
0 0.888802 0.452315 0.0151042 0.100926 0.379307
9 0.974219 0.737037 0.0119792 0.0537037 0.391541
2 0.617188 0.671759 0.117708 0.180556 0.422907
2 0.209896 0.283796 0.0375 0.075 0.44265
7 0.616927 0.671759 0.117188 0.178704 0.464905
0 0.881771 0.746296 0.0177083 0.0740741 0.509062
7 0.848698 0.874537 0.203646 0.241667 0.553349
2 0.396354 0.296296 0.05 0.0592593 0.56913
5 0.441146 0.218981 0.126042 0.108333 0.606231
2 0.390625 0.401389 0.0333333 0.075 0.794264
2 0.41901 0.337963 0.0515625 0.062963 0.802825
5 0.846875 0.876389 0.2 0.243519 0.803905
2 0.471094 0.326389 0.0276042 0.0601852 0.819537
2 0.427344 0.481481 0.0473958 0.0777778 0.833195
