0 0.0877604 0.511574 0.0255208 0.0638889 0.255222
0 0.929427 0.73287 0.0234375 0.0638889 0.255835
9 0.351302 0.353704 0.0130208 0.0407407 0.309854
7 0.210156 0.283796 0.0380208 0.075 0.342283
2 0.839323 0.112963 0.0151042 0.0259259 0.351609
2 0.45 0.258796 0.040625 0.0435185 0.364271
0 0.0611979 0.640741 0.0130208 0.0518519 0.370117
0 0.922656 0.723611 0.0161458 0.0712963 0.39898
0 0.973698 0.738889 0.0130208 0.0537037 0.405205
5 0.433594 0.222222 0.100521 0.0962963 0.557435
7 0.697656 0.761574 0.130729 0.206481 0.568774
0 0.881771 0.746296 0.0177083 0.0722222 0.570345
0 0.89349 0.499074 0.0119792 0.0592593 0.57221
2 0.474479 0.3875 0.034375 0.0694444 0.693572
2 0.395573 0.296759 0.0494792 0.0564815 0.742866
2 0.41276 0.346759 0.0463542 0.0657407 0.753872
2 0.397396 0.437037 0.0395833 0.0796296 0.811477
2 0.452604 0.526389 0.0625 0.0990741 0.875303
