0 0.449219 0.659259 0.0276042 0.0888889 0.260087
0 0.913021 0.471759 0.0125 0.0546296 0.303514
0 0.919531 0.904167 0.0171875 0.0675926 0.335948
2 0.480729 0.228704 0.0385417 0.0425926 0.359959
0 0.910417 0.687963 0.0114583 0.037037 0.402496
2 0.840885 0.106481 0.0151042 0.0296296 0.407843
0 0.828385 0.981019 0.0213542 0.037963 0.463336
0 0.890625 0.699537 0.0145833 0.0638889 0.506644
9 0.973958 0.737963 0.0125 0.0537037 0.5162
5 0.439844 0.218519 0.110937 0.0962963 0.546335
2 0.378125 0.324074 0.0354167 0.0592593 0.591073
5 0.0526042 0.585648 0.104167 0.169444 0.742249
2 0.445833 0.279167 0.0458333 0.0564815 0.785791
2 0.18099 0.515741 0.0609375 0.087037 0.843713
2 0.349479 0.725926 0.0864583 0.164815 0.862249
