7 0.209635 0.284259 0.0401042 0.0740741 0.257144
2 0.834896 0.138426 0.0135417 0.025 0.270513
0 0.0617188 0.5875 0.0140625 0.0509259 0.281753
0 0.922656 0.734259 0.0213542 0.0777778 0.282684
9 0.973698 0.737963 0.0119792 0.0537037 0.325642
2 0.523698 0.197222 0.0317708 0.0314815 0.38363
0 0.90625 0.473611 0.0125 0.0601852 0.416547
2 0.210156 0.285185 0.0380208 0.0740741 0.42708
2 0.451562 0.256944 0.0416667 0.0453704 0.51716
2 0.469271 0.512963 0.0770833 0.127778 0.586858
0 0.936458 0.796296 0.0229167 0.0722222 0.598216
0 0.882552 0.745833 0.0182292 0.0731481 0.60238
7 0.469531 0.5125 0.0776042 0.126852 0.683272
2 0.970833 0.940278 0.0572917 0.112037 0.687847
2 0.396615 0.294907 0.0515625 0.0564815 0.699084
2 0.495573 0.267593 0.0369792 0.0444444 0.745014
5 0.44349 0.21713 0.123438 0.108333 0.766304
2 0.390625 0.389815 0.0385417 0.0722222 0.767258
2 0.408333 0.440278 0.0375 0.0712963 0.808095
2 0.74401 0.699074 0.113021 0.159259 0.848738
2 0.434115 0.324537 0.0536458 0.0583333 0.865274
7 0.608594 0.693981 0.178646 0.308333 0.891118
