0 0.929427 0.738889 0.0213542 0.0703704 0.266137
0 0.959896 0.814815 0.021875 0.0611111 0.281594
0 0.921875 0.725 0.0177083 0.0685185 0.286529
2 0.22474 0.308333 0.0505208 0.0907407 0.364627
0 0.973698 0.739352 0.0119792 0.0527778 0.364949
0 0.938281 0.798611 0.0244792 0.0694444 0.385278
2 0.957292 0.979167 0.0760417 0.037963 0.399618
2 0.839583 0.109722 0.015625 0.0268519 0.407572
0 0.943229 0.678241 0.0135417 0.062037 0.416994
5 0.438281 0.220833 0.113021 0.0990741 0.479442
7 0.22474 0.30787 0.0505208 0.0898148 0.486279
2 0.276823 0.355556 0.0265625 0.0574074 0.568551
0 0.873698 0.766204 0.0171875 0.0694444 0.591065
2 0.985677 0.946759 0.0286458 0.0990741 0.606221
2 0.467969 0.258333 0.0442708 0.0555556 0.610786
2 0.396354 0.318056 0.0541667 0.0731481 0.661721
2 0.540885 0.643056 0.102604 0.139815 0.89371
2 0.771094 0.880093 0.129688 0.186111 0.920184
