5 0.429948 0.252778 0.0578125 0.0666667 0.293712
7 0.950521 0.298148 0.0989583 0.596296 0.304397
0 0.90026 0.93287 0.0192708 0.0694444 0.362885
0 0.855729 0.984259 0.0291667 0.0296296 0.426095
0 0.878385 0.934259 0.0161458 0.0648148 0.486795
0 0.0859375 0.517593 0.021875 0.0759259 0.632188
2 0.435677 0.262037 0.0401042 0.05 0.659249
2 0.217708 0.476389 0.06875 0.10463 0.733816
2 0.309115 0.391667 0.0546875 0.0777778 0.734348
2 0.101302 0.551389 0.0630208 0.0953704 0.741956
5 0.442448 0.220833 0.121354 0.119444 0.780381
2 0.349219 0.724074 0.0848958 0.166667 0.793134
2 0.741146 0.475463 0.05625 0.0898148 0.828569
