5 0.210677 0.284722 0.0390625 0.0731481 0.313121
2 0.210677 0.284259 0.0380208 0.0722222 0.3523
0 0.929427 0.741667 0.0140625 0.0666667 0.361519
0 0.0229167 0.985185 0.0145833 0.0296296 0.364036
7 0.66224 0.251852 0.0557292 0.0777778 0.394031
9 0.974219 0.7375 0.0109375 0.0527778 0.437315
2 0.822917 0.181481 0.01875 0.0277778 0.445165
2 0.514583 0.250926 0.0416667 0.0425926 0.448346
2 0.401563 0.290278 0.046875 0.0601852 0.545444
2 0.458333 0.297222 0.04375 0.0537037 0.545675
2 0.551562 0.218056 0.0333333 0.0398148 0.549543
0 0.88151 0.741667 0.0182292 0.0666667 0.571967
5 0.443229 0.215741 0.120833 0.103704 0.58973
2 0.506771 0.447685 0.0572917 0.0842593 0.621301
5 0.218229 0.776389 0.135417 0.423148 0.633554
7 0.431771 0.462037 0.0520833 0.114815 0.639461
0 0.935677 0.796759 0.0213542 0.0712963 0.652241
2 0.404167 0.381944 0.0395833 0.0694444 0.752317
7 0.290104 0.603241 0.0677083 0.163889 0.801578
2 0.860677 0.824074 0.102604 0.159259 0.843802
2 0.631771 0.585648 0.1 0.136111 0.904224
7 0.514323 0.582407 0.140104 0.248148 0.905849
2 0.66849 0.727778 0.109896 0.148148 0.912083
2 0.654688 0.861574 0.13125 0.189815 0.91639
2 0.796094 0.879167 0.130729 0.191667 0.917991
