0 0.659115 0.313889 0.0130208 0.0759259 0.284748
2 0.839063 0.11713 0.0135417 0.0287037 0.321917
0 0.886198 0.459722 0.0109375 0.0509259 0.330664
0 0.9375 0.794444 0.0208333 0.0703704 0.339736
0 0.575521 0.563889 0.0260417 0.0592593 0.352364
2 0.58099 0.20787 0.0317708 0.037963 0.355121
7 0.66276 0.256481 0.0598958 0.0888889 0.370809
3 0.576563 0.575926 0.028125 0.0537037 0.377083
0 0.914844 0.7375 0.0192708 0.0805556 0.390476
2 0.465365 0.407407 0.0348958 0.0592593 0.397703
0 0.904427 0.48287 0.0109375 0.0527778 0.413976
9 0.973958 0.738426 0.0114583 0.0546296 0.414314
2 0.489583 0.270833 0.0395833 0.0453704 0.455088
0 0.928906 0.738889 0.0161458 0.0759259 0.455778
5 0.217448 0.296296 0.0671875 0.12963 0.461842
2 0.464323 0.351852 0.0369792 0.0703704 0.470465
2 0.53099 0.236574 0.0369792 0.0398148 0.576887
7 0.409635 0.380556 0.0442708 0.148148 0.660556
2 0.228125 0.882407 0.0885417 0.190741 0.706063
2 0.496094 0.4625 0.0661458 0.0972222 0.765214
7 0.184115 0.468519 0.0848958 0.137037 0.767865
2 0.433333 0.476852 0.0520833 0.0888889 0.839555
2 0.438021 0.602315 0.0729167 0.125 0.844136
2 0.384375 0.505556 0.05 0.101852 0.874594
2 0.491406 0.553241 0.0786458 0.110185 0.876706
2 0.542708 0.439815 0.0697917 0.0796296 0.882914
