2 0.560417 0.208333 0.03125 0.0351852 0.268813
2 0.46224 0.296759 0.0411458 0.0490741 0.269035
2 0.840365 0.100926 0.0171875 0.0277778 0.29002
2 0.491927 0.268519 0.0338542 0.0425926 0.301585
2 0.413542 0.417593 0.0489583 0.131481 0.305991
2 0.253125 0.296759 0.028125 0.0509259 0.341253
0 0.0872396 0.510185 0.0244792 0.0648148 0.350619
9 0.973698 0.738426 0.0119792 0.0527778 0.378085
2 0.270312 0.346296 0.021875 0.0555556 0.378374
0 0.959115 0.816204 0.0223958 0.0657407 0.388684
7 0.827865 0.943519 0.129688 0.109259 0.406746
0 0.914062 0.733796 0.0177083 0.0768519 0.46205
5 0.223438 0.309722 0.0479167 0.0935185 0.478412
0 0.897135 0.462037 0.00989583 0.0462963 0.481538
0 0.886458 0.613426 0.0145833 0.0564815 0.52377
0 0.9375 0.793519 0.0197917 0.0703704 0.531282
7 0.413542 0.4125 0.05 0.14537 0.547787
2 0.529948 0.237963 0.0390625 0.0388889 0.572266
0 0.929427 0.741667 0.0151042 0.0722222 0.593873
2 0.469271 0.40463 0.0375 0.0851852 0.668401
5 0.521354 0.176389 0.1 0.0953704 0.776305
2 0.4875 0.327778 0.0385417 0.0666667 0.785385
2 0.739583 0.4125 0.0572917 0.0731481 0.788523
2 0.497917 0.46713 0.0583333 0.0842593 0.798193
5 0.225521 0.444444 0.0677083 0.183333 0.83413
2 0.59375 0.569907 0.0979167 0.137963 0.857472
2 0.65 0.717593 0.115625 0.155556 0.879935
2 0.474479 0.649074 0.0864583 0.138889 0.891232
2 0.478385 0.530093 0.0692708 0.102778 0.897446
