2 0.528646 0.239352 0.0354167 0.037963 0.289745
0 0.9125 0.737963 0.0145833 0.0574074 0.301452
9 0.973958 0.7375 0.0125 0.0527778 0.310377
7 0.664323 0.256481 0.0588542 0.0888889 0.314656
0 0.895833 0.426852 0.0104167 0.0537037 0.348029
2 0.459115 0.299537 0.0411458 0.0435185 0.351516
2 0.488802 0.27037 0.0411458 0.0444444 0.369012
7 0.227604 0.672685 0.0927083 0.35463 0.409082
2 0.551823 0.563426 0.0776042 0.110185 0.433837
0 0.928906 0.739352 0.0140625 0.0712963 0.442992
2 0.788802 0.3 0.0265625 0.0444444 0.457586
2 0.272396 0.327778 0.0364583 0.062963 0.491145
0 0.880729 0.70463 0.0145833 0.0685185 0.506312
2 0.20625 0.475926 0.05 0.0740741 0.685088
2 0.479688 0.370833 0.0333333 0.075 0.690447
7 0.427604 0.453704 0.0739583 0.183333 0.786026
5 0.471615 0.201852 0.109896 0.105556 0.82515
5 0.228125 0.671296 0.0927083 0.353704 0.825489
2 0.492969 0.447685 0.0578125 0.0990741 0.83523
2 0.552604 0.522685 0.0708333 0.0953704 0.84102
2 0.698698 0.666667 0.120312 0.162963 0.858159
2 0.551042 0.608796 0.0875 0.119444 0.881499
2 0.765104 0.843056 0.125 0.180556 0.895145
2 0.596875 0.802778 0.119792 0.17963 0.907142
