9 0.959115 0.225463 0.0807292 0.0490741 0.255216
7 0.959375 0.225463 0.08125 0.0490741 0.277385
2 0.274479 0.422222 0.0375 0.1 0.289196
2 0.289844 0.946759 0.0494792 0.0898148 0.305605
7 0.274479 0.422222 0.0375 0.1 0.323065
2 0.209896 0.284259 0.0364583 0.0703704 0.339456
5 0.441406 0.250463 0.0473958 0.0657407 0.34326
2 0.34401 0.884722 0.0578125 0.0824074 0.348803
5 0.210417 0.284722 0.0375 0.0712963 0.399906
7 0.670833 0.261111 0.0708333 0.101852 0.416178
9 0.973698 0.7375 0.0119792 0.0527778 0.420979
7 0.485417 0.405556 0.0385417 0.0777778 0.425093
2 0.344271 0.955556 0.04375 0.062963 0.439797
2 0.560938 0.207407 0.0291667 0.037037 0.448528
0 0.88151 0.744907 0.0182292 0.0712963 0.502056
5 0.421875 0.23287 0.06875 0.0953704 0.510393
2 0.44349 0.256944 0.0401042 0.0509259 0.517506
2 0.81224 0.213889 0.0203125 0.037037 0.527274
2 0.485156 0.405556 0.0380208 0.0777778 0.539142
2 0.528125 0.240278 0.0354167 0.0398148 0.554629
0 0.929167 0.74213 0.0166667 0.0731481 0.606209
5 0.477865 0.198148 0.0557292 0.0722222 0.620688
2 0.959115 0.913889 0.0817708 0.157407 0.673266
2 0.4875 0.273611 0.0395833 0.0453704 0.698915
2 0.435937 0.326852 0.0427083 0.0555556 0.738651
7 0.415104 0.425463 0.034375 0.106481 0.743382
5 0.19401 0.491204 0.0765625 0.223148 0.816795
2 0.539323 0.493981 0.0776042 0.119444 0.827402
7 0.46901 0.522685 0.109896 0.221296 0.867808
2 0.645833 0.610648 0.0885417 0.113889 0.888655
2 0.641667 0.700926 0.104167 0.138889 0.893731
2 0.789583 0.873148 0.128125 0.194444 0.900742
2 0.627865 0.838426 0.125521 0.189815 0.918701
