7 0.66276 0.252778 0.0567708 0.0814815 0.329351
2 0.613802 0.668981 0.116146 0.178704 0.350446
2 0.448958 0.257407 0.0416667 0.0462963 0.362251
0 0.889063 0.453704 0.0145833 0.0981481 0.364478
0 0.935938 0.796759 0.021875 0.0675926 0.379531
9 0.974219 0.737037 0.0119792 0.0537037 0.393933
2 0.209635 0.284259 0.0369792 0.0740741 0.426571
7 0.613281 0.668056 0.116146 0.176852 0.485151
0 0.881771 0.746296 0.0177083 0.0740741 0.538383
2 0.396094 0.296296 0.0494792 0.0592593 0.59816
7 0.846615 0.874074 0.208854 0.248148 0.616973
5 0.440885 0.218981 0.125521 0.108333 0.625647
5 0.846094 0.873148 0.208854 0.251852 0.627647
2 0.390365 0.400926 0.0328125 0.0740741 0.804855
2 0.41901 0.337963 0.0515625 0.062963 0.808502
2 0.425781 0.480093 0.0484375 0.0768519 0.814096
2 0.471354 0.325463 0.0291667 0.0583333 0.836753
