0 0.91875 0.755093 0.0135417 0.0546296 0.252742
0 0.90625 0.606481 0.0166667 0.062963 0.253096
0 0.448177 0.659259 0.0317708 0.0907407 0.254784
0 0.939844 0.548148 0.0119792 0.0574074 0.260791
2 0.39974 0.311574 0.0494792 0.0675926 0.279703
9 0.973958 0.737963 0.0125 0.0518519 0.321847
0 0.936458 0.799537 0.0145833 0.0657407 0.375101
0 0.85026 0.824074 0.0171875 0.0685185 0.384409
2 0.389323 0.325463 0.0432292 0.0601852 0.449084
2 0.246875 0.301389 0.021875 0.0342593 0.481043
2 0.839583 0.109259 0.0166667 0.0259259 0.50511
0 0.895833 0.808796 0.015625 0.0564815 0.505692
2 0.480469 0.228704 0.0380208 0.0425926 0.526852
5 0.432552 0.223148 0.0973958 0.0962963 0.557499
0 0.888802 0.602778 0.0140625 0.0611111 0.564075
2 0.269271 0.35463 0.0260417 0.0462963 0.682175
2 0.445312 0.281019 0.0479167 0.062037 0.787978
5 0.190365 0.436574 0.117188 0.186111 0.880154
2 0.336719 0.697222 0.0786458 0.159259 0.8952
