7 0.28125 0.953241 0.0947917 0.0916667 0.284292
5 0.208854 0.272222 0.0520833 0.0833333 0.319491
0 0.9125 0.738426 0.0166667 0.0712963 0.353398
9 0.410417 0.381019 0.0427083 0.14537 0.364537
0 0.88724 0.550926 0.0119792 0.0611111 0.370536
0 0.93776 0.793981 0.0203125 0.0675926 0.416582
9 0.973437 0.738889 0.0114583 0.0518519 0.458553
2 0.561458 0.206019 0.0322917 0.0342593 0.470087
0 0.928646 0.742593 0.0145833 0.0703704 0.485577
0 0.903646 0.48287 0.0104167 0.0564815 0.489001
2 0.505729 0.299537 0.0416667 0.0546296 0.534039
2 0.529948 0.2375 0.0380208 0.0398148 0.539921
2 0.28125 0.954167 0.0947917 0.0898148 0.560819
2 0.46276 0.3625 0.0369792 0.075 0.61182
7 0.410156 0.380556 0.0442708 0.148148 0.656986
2 0.573438 0.760185 0.109375 0.159259 0.66922
2 0.471354 0.423611 0.0427083 0.075 0.749005
2 0.401302 0.538426 0.0588542 0.112037 0.831635
2 0.525781 0.491204 0.0776042 0.113889 0.83784
2 0.442448 0.490741 0.0588542 0.0981481 0.865333
2 0.583854 0.456944 0.0822917 0.0824074 0.871204
2 0.530469 0.590741 0.0890625 0.12037 0.894635
