0 0.949479 0.56713 0.0125 0.0601852 0.298542
2 0.402865 0.302778 0.0411458 0.0537037 0.307182
0 0.905469 0.591204 0.0130208 0.0583333 0.3209
0 0.448177 0.661111 0.0317708 0.0925926 0.339004
9 0.974219 0.737037 0.0130208 0.0518519 0.352345
0 0.936198 0.798148 0.0171875 0.0685185 0.371314
0 0.897396 0.794444 0.015625 0.0592593 0.416868
0 0.849479 0.824537 0.0135417 0.0601852 0.424597
2 0.24401 0.291204 0.0203125 0.0305556 0.479462
0 0.88724 0.589815 0.0119792 0.0592593 0.49259
2 0.839063 0.110185 0.0166667 0.0259259 0.501416
2 0.384115 0.326852 0.0328125 0.0574074 0.520997
2 0.479948 0.228241 0.0369792 0.0416667 0.550528
2 0.26901 0.342593 0.0276042 0.0444444 0.579218
5 0.435677 0.223611 0.103646 0.0990741 0.584741
2 0.445573 0.279167 0.0473958 0.062037 0.771346
5 0.208594 0.412963 0.0953125 0.166667 0.82763
2 0.329688 0.681481 0.0739583 0.146296 0.902663
