0 0.0591146 0.676852 0.0161458 0.0555556 0.277193
2 0.215625 0.298611 0.0333333 0.0527778 0.277196
9 0.351823 0.352778 0.0130208 0.0444444 0.278329
9 0.973698 0.7375 0.0130208 0.0546296 0.281999
2 0.236979 0.281481 0.0208333 0.0314815 0.28646
0 0.932552 0.74537 0.0203125 0.0648148 0.303413
0 0.922656 0.722222 0.0151042 0.0648148 0.308742
0 0.0875 0.511574 0.025 0.0638889 0.312936
0 0.891667 0.421759 0.009375 0.0472222 0.314304
2 0.839583 0.109259 0.0166667 0.0277778 0.404888
2 0.467187 0.248148 0.0697917 0.062963 0.434685
0 0.88151 0.745833 0.0171875 0.0712963 0.443654
0 0.936198 0.798148 0.0223958 0.0703704 0.479019
5 0.442708 0.216667 0.123958 0.105556 0.510336
0 0.904167 0.566204 0.0145833 0.0657407 0.567338
2 0.566667 0.181481 0.0239583 0.0333333 0.697031
7 0.908333 0.925926 0.134375 0.144444 0.722378
2 0.395573 0.295833 0.0505208 0.0583333 0.727926
2 0.392708 0.425463 0.0354167 0.0787037 0.813216
2 0.483073 0.573148 0.0776042 0.116667 0.860182
2 0.626042 0.606944 0.0895833 0.123148 0.882588
2 0.611979 0.717593 0.109375 0.151852 0.912618
