0 0.914323 0.490741 0.0151042 0.0796296 0.260596
2 0.558333 0.206481 0.0333333 0.0351852 0.263203
0 0.886458 0.592593 0.0114583 0.0555556 0.308966
2 0.53099 0.238426 0.0390625 0.0398148 0.325606
7 0.235938 0.3875 0.0427083 0.141667 0.342054
0 0.9 0.480093 0.0114583 0.0546296 0.375252
9 0.410156 0.389815 0.0432292 0.157407 0.383714
9 0.974219 0.738426 0.0109375 0.0509259 0.412864
5 0.235938 0.387963 0.04375 0.140741 0.441615
2 0.495833 0.311111 0.0385417 0.0592593 0.505258
0 0.914323 0.733333 0.0182292 0.0833333 0.513621
5 0.213281 0.282407 0.0546875 0.0944444 0.536354
2 0.715365 0.891204 0.126563 0.182407 0.564752
0 0.93724 0.792593 0.0213542 0.0703704 0.568009
5 0.530208 0.165278 0.0625 0.075 0.637364
7 0.410156 0.388426 0.0442708 0.158333 0.638142
2 0.46224 0.383796 0.0338542 0.0824074 0.650741
0 0.928385 0.742593 0.0140625 0.0722222 0.654707
2 0.677604 0.45463 0.0822917 0.0703704 0.775437
2 0.484115 0.447685 0.0505208 0.0805556 0.83587
2 0.432292 0.589815 0.0739583 0.124074 0.844594
2 0.55651 0.527315 0.0869792 0.117593 0.854381
2 0.45625 0.50463 0.0635417 0.0981481 0.865139
2 0.584375 0.647685 0.1 0.137963 0.88593
