2 0.525781 0.206019 0.0390625 0.0324074 0.265255
9 0.350521 0.353704 0.0145833 0.0444444 0.296189
2 0.521354 0.22037 0.0416667 0.0555556 0.365256
9 0.973177 0.736111 0.0140625 0.0555556 0.369382
2 0.576302 0.200926 0.0296875 0.037037 0.405934
0 0.946094 0.678241 0.0203125 0.0694444 0.410073
0 0.0867188 0.515741 0.0213542 0.0685185 0.438428
2 0.789583 0.323148 0.0427083 0.0888889 0.540232
2 0.751823 0.289352 0.0317708 0.0527778 0.585974
2 0.448438 0.9625 0.1 0.0712963 0.60108
2 0.508854 0.25 0.0385417 0.0518519 0.651218
2 0.826042 0.159259 0.0145833 0.0277778 0.673003
0 0.884375 0.725926 0.0197917 0.0814815 0.732151
2 0.34974 0.725463 0.0859375 0.163889 0.837383
5 0.353125 0.293519 0.15625 0.17037 0.843852
2 0.104687 0.545833 0.0604167 0.0842593 0.847784
2 0.817448 0.919907 0.103646 0.160185 0.87551
