2 0.622917 0.158796 0.01875 0.0324074 0.317503
7 0.671875 0.262963 0.0739583 0.107407 0.334143
7 0.947656 0.298148 0.104687 0.596296 0.33855
2 0.589583 0.163889 0.021875 0.0296296 0.343257
0 0.973958 0.738426 0.0125 0.0564815 0.380397
7 0.697656 0.424537 0.0494792 0.0824074 0.475481
2 0.255208 0.31713 0.021875 0.0342593 0.492075
2 0.570052 0.194444 0.0244792 0.0444444 0.603144
2 0.815885 0.198611 0.0192708 0.037963 0.66085
2 0.697917 0.424537 0.05 0.0824074 0.69092
7 0.757552 0.435648 0.0578125 0.121296 0.744544
2 0.790104 0.964352 0.08125 0.0675926 0.75585
2 0.235938 0.423611 0.0572917 0.0657407 0.785741
0 0.878125 0.79537 0.0229167 0.0907407 0.799666
2 0.349479 0.725 0.0864583 0.166667 0.825503
2 0.0802083 0.616204 0.065625 0.112037 0.831306
5 0.391667 0.25463 0.14375 0.138889 0.873704
