9 0.871875 0.447685 0.0125 0.0472222 0.253042
2 0.397396 0.317593 0.0520833 0.0703704 0.25488
0 0.909896 0.822222 0.0177083 0.0648148 0.265607
9 0.351823 0.353241 0.0151042 0.0453704 0.270273
2 0.402344 0.286111 0.0421875 0.0425926 0.272199
0 0.935938 0.537963 0.0114583 0.0648148 0.303949
0 0.892448 0.827315 0.0151042 0.0583333 0.329715
0 0.658854 0.312963 0.0135417 0.0759259 0.331401
2 0.870573 0.563426 0.0203125 0.0268519 0.339751
0 0.936979 0.801852 0.0166667 0.0648148 0.358194
9 0.973958 0.736111 0.0125 0.0518519 0.36233
0 0.888802 0.613426 0.0119792 0.0601852 0.378669
2 0.25 0.305093 0.021875 0.0324074 0.397882
2 0.839063 0.112037 0.0177083 0.0240741 0.412738
5 0.442187 0.21713 0.11875 0.0972222 0.473967
2 0.385938 0.327778 0.0333333 0.0537037 0.514888
0 0.848177 0.838426 0.0161458 0.0712963 0.518875
2 0.48125 0.229167 0.0364583 0.0435185 0.562404
2 0.269792 0.364352 0.0260417 0.0509259 0.721294
2 0.444792 0.280556 0.0458333 0.0555556 0.765525
5 0.174219 0.453241 0.131771 0.199074 0.826424
2 0.342187 0.708333 0.0822917 0.155556 0.890377
