0 0.926562 0.73287 0.01875 0.075 0.254701
7 0.663021 0.253704 0.0583333 0.0833333 0.2569
0 0.93724 0.794907 0.0192708 0.0601852 0.301148
0 0.908333 0.506019 0.0125 0.0546296 0.355843
2 0.553385 0.175463 0.0338542 0.0342593 0.360546
0 0.928385 0.511574 0.0119792 0.0546296 0.414948
2 0.210417 0.284259 0.0385417 0.0722222 0.493472
2 0.83125 0.146296 0.015625 0.0277778 0.495082
9 0.973958 0.736574 0.0114583 0.0509259 0.539924
2 0.973177 0.926852 0.0526042 0.140741 0.568895
0 0.882031 0.74537 0.0192708 0.0759259 0.583811
5 0.44349 0.216667 0.121354 0.111111 0.605935
2 0.444271 0.491204 0.0541667 0.125 0.608515
2 0.522917 0.243981 0.0322917 0.0416667 0.638002
2 0.395833 0.29537 0.0489583 0.0574074 0.6633
2 0.407031 0.437037 0.0348958 0.0666667 0.698463
2 0.885938 0.944907 0.1125 0.110185 0.7023
2 0.470833 0.289352 0.0447917 0.0527778 0.706698
2 0.391927 0.377778 0.0432292 0.0703704 0.772922
2 0.618229 0.575463 0.0854167 0.123148 0.810821
7 0.522656 0.588426 0.141146 0.25463 0.851356
2 0.71276 0.771759 0.114063 0.152778 0.90235
2 0.714583 0.911574 0.139583 0.175 0.912281
