0 0.916667 0.741667 0.0208333 0.0666667 0.252968
7 0.665885 0.260185 0.0619792 0.0962963 0.298678
2 0.838802 0.118981 0.0161458 0.0305556 0.308334
3 0.547917 0.538889 0.0302083 0.062963 0.310458
2 0.599479 0.188889 0.025 0.0351852 0.324616
0 0.938542 0.791667 0.0229167 0.0740741 0.363502
9 0.973958 0.738426 0.0114583 0.0527778 0.399678
2 0.464844 0.402778 0.0359375 0.0685185 0.426968
2 0.490104 0.270833 0.0395833 0.0472222 0.433407
2 0.464323 0.349537 0.0359375 0.0638889 0.440665
2 0.533333 0.236111 0.0385417 0.0407407 0.444383
0 0.904167 0.48287 0.0104167 0.0527778 0.476904
7 0.29375 0.373148 0.0791667 0.111111 0.53846
7 0.409375 0.380556 0.04375 0.146296 0.680539
2 0.228906 0.880556 0.0880208 0.188889 0.728742
2 0.495052 0.467593 0.0640625 0.0796296 0.751904
2 0.433594 0.476389 0.0515625 0.0898148 0.834274
2 0.438021 0.602315 0.0739583 0.125 0.847135
2 0.384896 0.505556 0.05 0.101852 0.868549
2 0.492188 0.553241 0.0822917 0.110185 0.877304
2 0.542448 0.439815 0.0692708 0.0814815 0.879804
