7 0.669792 0.261574 0.0697917 0.100926 0.276987
0 0.93099 0.737963 0.0213542 0.0611111 0.295438
0 0.0575521 0.689352 0.0130208 0.0398148 0.312021
9 0.973958 0.7375 0.0125 0.0509259 0.317314
2 0.434375 0.287963 0.0479167 0.0592593 0.317357
0 0.921615 0.725 0.0182292 0.0666667 0.334726
0 0.973698 0.737963 0.0119792 0.0518519 0.335033
0 0.895312 0.440278 0.0104167 0.0472222 0.37121
7 0.213281 0.290278 0.0411458 0.0787037 0.378249
5 0.213802 0.290278 0.0411458 0.0787037 0.396376
9 0.351823 0.352315 0.0130208 0.0435185 0.422662
0 0.936979 0.797222 0.0239583 0.0685185 0.431998
2 0.48151 0.229167 0.0348958 0.037963 0.447768
5 0.478125 0.194444 0.0552083 0.0611111 0.450441
2 0.839844 0.106481 0.0161458 0.0296296 0.466541
0 0.882031 0.74537 0.0171875 0.0722222 0.565784
2 0.533073 0.208333 0.0317708 0.0407407 0.605481
0 0.916667 0.603241 0.015625 0.0694444 0.622381
5 0.424479 0.226852 0.0822917 0.0907407 0.647974
2 0.39401 0.296296 0.0473958 0.0555556 0.671141
2 0.415104 0.483333 0.05625 0.0925926 0.862486
2 0.561198 0.66713 0.0984375 0.137963 0.88576
2 0.754948 0.734259 0.105729 0.148148 0.908699
2 0.721094 0.826852 0.127604 0.17963 0.91444
