0 0.939844 0.791204 0.0234375 0.0712963 0.258999
2 0.839844 0.100463 0.0171875 0.0268519 0.288334
7 0.667969 0.259722 0.0651042 0.0935185 0.308853
0 0.88125 0.718056 0.0166667 0.0601852 0.309501
0 0.914323 0.733333 0.0182292 0.0685185 0.32424
5 0.238281 0.374074 0.0536458 0.140741 0.356886
9 0.973958 0.737037 0.0125 0.0518519 0.358294
2 0.276302 0.341204 0.0338542 0.0731481 0.365797
2 0.490104 0.269444 0.0395833 0.0425926 0.36997
2 0.458854 0.299537 0.0427083 0.0472222 0.386071
0 0.896354 0.418981 0.0104167 0.0546296 0.397211
2 0.529427 0.238426 0.0380208 0.0398148 0.426666
0 0.929427 0.739352 0.0151042 0.0694444 0.440354
2 0.79375 0.274074 0.0260417 0.0462963 0.506438
7 0.238021 0.374074 0.0541667 0.140741 0.513398
2 0.159635 0.539352 0.0609375 0.0972222 0.733969
2 0.480208 0.380556 0.0333333 0.0777778 0.739721
2 0.774219 0.856019 0.127604 0.187963 0.786833
2 0.573438 0.632407 0.090625 0.12963 0.816929
2 0.745052 0.7 0.128646 0.164815 0.834091
5 0.464063 0.209259 0.113542 0.109259 0.841551
5 0.247396 0.759722 0.140625 0.425 0.860315
2 0.503385 0.462037 0.0630208 0.1 0.86772
7 0.434375 0.469444 0.0822917 0.192593 0.870511
2 0.566667 0.535185 0.0739583 0.0944444 0.876242
2 0.61224 0.81713 0.125521 0.180556 0.909704
