9 0.351302 0.350463 0.0130208 0.0435185 0.251452
0 0.959635 0.812963 0.0213542 0.0611111 0.262607
2 0.558854 0.207407 0.034375 0.037037 0.296602
0 0.913021 0.739352 0.015625 0.0694444 0.317825
7 0.23776 0.383333 0.0442708 0.137037 0.328354
5 0.410156 0.388426 0.0442708 0.156481 0.338438
9 0.973958 0.738426 0.0114583 0.0546296 0.349593
0 0.973958 0.738889 0.0114583 0.0537037 0.350469
0 0.902604 0.480556 0.0114583 0.0537037 0.372736
2 0.529948 0.237963 0.0390625 0.0388889 0.396647
0 0.936979 0.793056 0.0197917 0.0694444 0.479921
2 0.496875 0.309259 0.0385417 0.0611111 0.480664
7 0.671094 0.265278 0.0723958 0.106481 0.529106
5 0.211458 0.28287 0.0552083 0.100926 0.56314
0 0.928646 0.741667 0.015625 0.0722222 0.572232
0 0.886719 0.57963 0.0119792 0.062963 0.597535
7 0.410156 0.387037 0.0453125 0.157407 0.650476
2 0.692448 0.868519 0.127604 0.188889 0.687077
2 0.550521 0.516204 0.0854167 0.126852 0.706236
2 0.4625 0.381481 0.034375 0.0833333 0.708947
2 0.659635 0.459259 0.0838542 0.0722222 0.78697
2 0.483073 0.444444 0.0505208 0.0814815 0.802035
2 0.453125 0.500463 0.0625 0.0953704 0.861914
2 0.425521 0.578241 0.06875 0.119444 0.870084
2 0.572135 0.636111 0.100521 0.137037 0.87132
