9 0.973958 0.737037 0.0125 0.0537037 0.274384
7 0.665625 0.255093 0.0625 0.087963 0.297861
0 0.973698 0.7375 0.0119792 0.0527778 0.309071
2 0.839844 0.108796 0.0151042 0.0268519 0.338075
7 0.954427 0.918981 0.0890625 0.15463 0.347846
0 0.890885 0.468519 0.00989583 0.0481481 0.39075
0 0.0880208 0.510648 0.0260417 0.0638889 0.444659
0 0.875521 0.756481 0.0135417 0.0666667 0.482742
0 0.935938 0.660648 0.0145833 0.0638889 0.50165
5 0.442187 0.218519 0.122917 0.109259 0.559126
5 0.219792 0.306019 0.0479167 0.0842593 0.643406
2 0.273438 0.339815 0.025 0.0407407 0.651189
2 0.48125 0.241667 0.0416667 0.062963 0.652227
2 0.396615 0.317593 0.0578125 0.0777778 0.719584
2 0.954948 0.919444 0.0890625 0.155556 0.762483
2 0.498958 0.594907 0.0916667 0.134259 0.811086
2 0.7125 0.821296 0.126042 0.175926 0.911899
