0 0.889844 0.980556 0.0151042 0.0388889 0.283032
5 0.446354 0.251389 0.090625 0.0953704 0.290795
0 0.920833 0.908796 0.0208333 0.0768519 0.30332
2 0.840885 0.105556 0.0161458 0.0296296 0.346858
7 0.949219 0.298148 0.101562 0.596296 0.363804
2 0.254948 0.317593 0.0234375 0.0351852 0.365107
0 0.910677 0.688889 0.0119792 0.037037 0.379655
0 0.828125 0.981481 0.021875 0.037037 0.382672
9 0.974219 0.737963 0.0119792 0.0537037 0.414525
0 0.889063 0.706481 0.0177083 0.0759259 0.502798
2 0.48099 0.228704 0.0369792 0.0425926 0.503623
5 0.442448 0.218981 0.122396 0.110185 0.705794
2 0.386719 0.319444 0.0526042 0.0685185 0.712218
5 0.0510417 0.584722 0.101042 0.158333 0.742285
2 0.446094 0.27963 0.0463542 0.0574074 0.815432
2 0.349479 0.725 0.0864583 0.166667 0.832502
2 0.176823 0.518056 0.0598958 0.087963 0.863884
