9 0.350521 0.353704 0.0145833 0.0425926 0.277492
9 0.973698 0.738426 0.0119792 0.0527778 0.312176
2 0.0263021 0.644444 0.0494792 0.0574074 0.330171
7 0.951042 0.296296 0.0979167 0.592593 0.390588
2 0.0223958 0.690278 0.0447917 0.0916667 0.40758
7 0.653125 0.527778 0.065625 0.107407 0.424679
2 0.598958 0.177315 0.0270833 0.0342593 0.574673
2 0.808333 0.223148 0.0197917 0.0407407 0.59233
2 0.653125 0.528704 0.0645833 0.109259 0.630087
2 0.289583 0.377778 0.0447917 0.0592593 0.652269
0 0.872396 0.836111 0.0208333 0.0962963 0.763472
7 0.729688 0.523148 0.0729167 0.153704 0.792715
2 0.35 0.725463 0.0854167 0.165741 0.828286
2 0.133854 0.558796 0.0645833 0.10463 0.848958
5 0.411458 0.246759 0.135417 0.132407 0.889183
