2 0.870833 0.562963 0.0208333 0.0296296 0.27578
0 0.448177 0.660648 0.0307292 0.0935185 0.28546
5 0.216406 0.295833 0.0432292 0.0768519 0.305844
9 0.351562 0.352315 0.0135417 0.0435185 0.32158
2 0.45026 0.256944 0.0411458 0.0435185 0.330423
0 0.892708 0.451852 0.0104167 0.0481481 0.340173
3 0.264323 0.320833 0.0265625 0.0398148 0.347476
9 0.973698 0.737963 0.0119792 0.0537037 0.349554
0 0.926042 0.628241 0.015625 0.0694444 0.383788
0 0.921875 0.725 0.0197917 0.0722222 0.395582
7 0.667969 0.259259 0.0661458 0.0962963 0.410935
0 0.932552 0.744907 0.0203125 0.0638889 0.414922
2 0.492969 0.227778 0.0546875 0.0462963 0.421755
2 0.216146 0.29537 0.04375 0.0814815 0.435465
2 0.839323 0.10787 0.0171875 0.0287037 0.459849
5 0.436198 0.225463 0.105729 0.110185 0.478752
0 0.880208 0.746296 0.0166667 0.0703704 0.552612
2 0.402604 0.303704 0.0645833 0.0740741 0.748106
2 0.808333 0.908796 0.130208 0.171296 0.813103
2 0.449219 0.534722 0.0723958 0.110185 0.868071
2 0.860677 0.836111 0.108854 0.162963 0.87573
2 0.633854 0.741667 0.115625 0.153704 0.883916
