2 0.839844 0.100463 0.0171875 0.0268519 0.262508
0 0.939844 0.791667 0.0234375 0.0703704 0.271168
2 0.490104 0.269907 0.0395833 0.0435185 0.312765
0 0.914323 0.733333 0.0171875 0.0666667 0.329061
7 0.667448 0.259259 0.0651042 0.0944444 0.345221
9 0.973958 0.737037 0.0125 0.0518519 0.345727
2 0.529167 0.238426 0.0364583 0.0398148 0.346428
0 0.896354 0.420833 0.0104167 0.0490741 0.351993
7 0.236979 0.369444 0.04375 0.133333 0.362623
0 0.880208 0.713426 0.015625 0.0675926 0.381622
2 0.459375 0.298611 0.0416667 0.0453704 0.381752
2 0.275521 0.3375 0.0333333 0.0712963 0.401053
2 0.792969 0.285648 0.0255208 0.0472222 0.405751
0 0.929167 0.739815 0.0145833 0.0666667 0.416997
5 0.23724 0.368981 0.0432292 0.134259 0.485878
2 0.480208 0.378241 0.034375 0.0787037 0.656733
2 0.500521 0.455093 0.0614583 0.100926 0.683872
2 0.179688 0.514815 0.0572917 0.0888889 0.695875
2 0.724479 0.685185 0.127083 0.162963 0.807455
5 0.468229 0.206944 0.113542 0.112037 0.840849
7 0.43125 0.462037 0.0791667 0.190741 0.859469
2 0.560156 0.531018 0.0744792 0.0972222 0.861988
5 0.238802 0.719444 0.123438 0.398148 0.877275
2 0.773177 0.852778 0.127604 0.187037 0.885548
2 0.565104 0.624537 0.0895833 0.128704 0.889198
2 0.607031 0.814352 0.124479 0.175 0.914093
