0 0.927083 0.734259 0.0177083 0.0722222 0.257271
9 0.351562 0.352778 0.0125 0.0407407 0.259782
0 0.919531 0.496296 0.0171875 0.062963 0.281472
2 0.841927 0.102315 0.0130208 0.025 0.284363
0 0.936458 0.796759 0.0229167 0.0694444 0.287972
0 0.0635417 0.583333 0.0145833 0.0481481 0.339497
9 0.973698 0.738426 0.0119792 0.0546296 0.398521
2 0.209375 0.283333 0.0395833 0.0777778 0.426961
0 0.904167 0.489352 0.0125 0.0638889 0.457059
2 0.771875 0.94213 0.133333 0.112037 0.519981
2 0.533073 0.190741 0.0317708 0.0351852 0.55426
0 0.88151 0.746759 0.0192708 0.075 0.558848
2 0.396354 0.296296 0.0489583 0.0592593 0.572111
2 0.508854 0.254167 0.0364583 0.0453704 0.64219
2 0.453906 0.495833 0.0703125 0.121296 0.713065
5 0.44349 0.218519 0.122396 0.112963 0.71985
2 0.448438 0.310185 0.05 0.0574074 0.772851
2 0.408333 0.44213 0.0354167 0.0694444 0.797051
2 0.390104 0.3875 0.0385417 0.0731481 0.797179
2 0.861719 0.871759 0.120312 0.15463 0.818998
2 0.680469 0.637037 0.103646 0.146296 0.821216
7 0.553906 0.631481 0.160938 0.27037 0.900625
