0 0.904948 0.469907 0.0130208 0.0601852 0.339029
0 0.92526 0.728241 0.0213542 0.0842593 0.344025
0 0.0619792 0.599074 0.0125 0.0462963 0.368203
2 0.448958 0.256019 0.0427083 0.0490741 0.39559
9 0.973698 0.738426 0.0109375 0.0527778 0.4326
0 0.936719 0.796759 0.0234375 0.0694444 0.436346
2 0.495052 0.538426 0.0869792 0.136111 0.524644
2 0.209896 0.284722 0.0364583 0.075 0.547529
2 0.511979 0.206481 0.03125 0.0407407 0.592346
0 0.881771 0.746296 0.0177083 0.0740741 0.599061
5 0.442708 0.217593 0.122917 0.109259 0.647513
2 0.395052 0.29537 0.0515625 0.0574074 0.739635
2 0.486719 0.275 0.0369792 0.0481481 0.743737
2 0.389583 0.390278 0.034375 0.0731481 0.79446
2 0.408594 0.441204 0.0380208 0.0712963 0.804382
2 0.427083 0.330556 0.046875 0.0574074 0.820093
2 0.81276 0.773611 0.120312 0.171296 0.853457
7 0.660937 0.744907 0.194792 0.326852 0.903028
