5 0.478646 0.23287 0.0427083 0.0453704 0.250325
0 0.973698 0.7375 0.0119792 0.0527778 0.252019
2 0.478125 0.233796 0.0395833 0.0453704 0.270831
0 0.872396 0.443981 0.0114583 0.0527778 0.284518
2 0.842969 0.101389 0.0140625 0.025 0.290417
9 0.973698 0.737037 0.0119792 0.0537037 0.315177
2 0.529427 0.238889 0.0380208 0.037037 0.356141
0 0.913542 0.740278 0.0177083 0.0638889 0.356753
2 0.452344 0.309259 0.0432292 0.0518519 0.387012
0 0.939062 0.795833 0.0229167 0.0712963 0.399651
2 0.804688 0.243056 0.025 0.037963 0.453307
5 0.21901 0.417593 0.0661458 0.174074 0.483616
7 0.21849 0.41713 0.0651042 0.173148 0.50213
2 0.490625 0.270833 0.0395833 0.0435185 0.538801
0 0.88099 0.734259 0.0161458 0.062963 0.562092
0 0.929688 0.743981 0.0197917 0.0712963 0.596212
7 0.279427 0.374074 0.0338542 0.0907407 0.648804
2 0.0729167 0.635648 0.0625 0.100926 0.667793
5 0.433333 0.219907 0.08125 0.100926 0.680454
2 0.48099 0.39213 0.0348958 0.0787037 0.688829
2 0.852604 0.800926 0.135417 0.185185 0.845031
5 0.305469 0.827778 0.228646 0.338889 0.86335
7 0.448438 0.493056 0.101042 0.206481 0.869628
2 0.611719 0.672222 0.101562 0.137037 0.884367
2 0.777083 0.854167 0.129167 0.191667 0.894849
2 0.592969 0.5625 0.0776042 0.10463 0.899695
2 0.51901 0.477778 0.0671875 0.103704 0.9003
2 0.621875 0.827315 0.123958 0.182407 0.919028
