0 0.9125 0.661111 0.0114583 0.0425926 0.259442
2 0.48125 0.228704 0.0395833 0.0444444 0.270523
9 0.351823 0.352778 0.0130208 0.0425926 0.278741
2 0.400521 0.306481 0.0489583 0.0592593 0.300244
0 0.834375 0.942593 0.015625 0.0740741 0.353094
0 0.447656 0.658333 0.0296875 0.0907407 0.371043
2 0.384375 0.325 0.0333333 0.0537037 0.385317
2 0.254427 0.31713 0.0203125 0.0305556 0.416177
0 0.91849 0.487963 0.0130208 0.0555556 0.421792
2 0.839844 0.106944 0.0171875 0.0287037 0.447962
0 0.890104 0.674074 0.0145833 0.0666667 0.450767
0 0.910156 0.850926 0.0182292 0.0722222 0.506875
5 0.44375 0.216667 0.119792 0.101852 0.569696
9 0.973958 0.7375 0.0125 0.0527778 0.574824
2 0.446094 0.280556 0.0463542 0.0592593 0.723854
2 0.228125 0.457407 0.05 0.0740741 0.849571
2 0.349219 0.725463 0.0859375 0.163889 0.859293
5 0.08125 0.550463 0.1625 0.210185 0.886699
