5 0.207292 0.273148 0.0489583 0.0851852 0.250398
3 0.938281 0.915278 0.0505208 0.0787037 0.255819
2 0.491146 0.269444 0.0354167 0.0407407 0.346033
2 0.463802 0.351389 0.0359375 0.0657407 0.353086
0 0.903906 0.484722 0.00989583 0.0509259 0.354315
2 0.563281 0.207407 0.0307292 0.0388889 0.360082
9 0.973958 0.737963 0.0114583 0.0518519 0.383701
0 0.9375 0.794907 0.0197917 0.0657407 0.396726
0 0.885677 0.52963 0.0119792 0.0592593 0.404494
0 0.91224 0.740278 0.0151042 0.075 0.446124
2 0.530469 0.236574 0.0348958 0.0361111 0.459182
0 0.928385 0.743056 0.0140625 0.0675926 0.506826
5 0.235156 0.335648 0.0515625 0.100926 0.522276
2 0.51276 0.286574 0.0390625 0.0546296 0.538631
7 0.409896 0.380093 0.04375 0.149074 0.642975
2 0.465885 0.407407 0.0380208 0.0759259 0.667516
2 0.249219 0.90787 0.0994792 0.182407 0.754021
2 0.43776 0.48287 0.0546875 0.0972222 0.800189
2 0.499479 0.68287 0.090625 0.137963 0.805698
2 0.516146 0.481944 0.0760417 0.102778 0.818645
2 0.389583 0.516204 0.0552083 0.106481 0.844342
2 0.557552 0.445833 0.0713542 0.0805556 0.875491
2 0.50651 0.568519 0.0838542 0.112963 0.89938
