2 0.841146 0.103704 0.0166667 0.0277778 0.274423
0 0.908333 0.706019 0.015625 0.0472222 0.316935
3 0.253906 0.318056 0.0192708 0.0361111 0.320011
9 0.973958 0.738889 0.0125 0.0537037 0.364034
7 0.94974 0.298148 0.100521 0.596296 0.434632
2 0.48099 0.228241 0.0369792 0.0435185 0.477379
7 0.0390625 0.596759 0.0770833 0.126852 0.545539
0 0.890365 0.713426 0.0151042 0.0675926 0.58974
5 0.0390625 0.596759 0.0770833 0.128704 0.647619
5 0.442187 0.218981 0.122917 0.112037 0.742154
2 0.379167 0.328704 0.0604167 0.087037 0.773888
2 0.446354 0.279167 0.046875 0.0583333 0.818148
2 0.349479 0.725 0.0864583 0.166667 0.829429
2 0.157813 0.539352 0.065625 0.0972222 0.843593
