0 0.917188 0.719907 0.0166667 0.0638889 0.269513
9 0.351562 0.352315 0.0135417 0.0416667 0.279146
5 0.209896 0.284722 0.0375 0.0731481 0.279903
0 0.914062 0.735185 0.0166667 0.0648148 0.282338
0 0.959635 0.814815 0.0234375 0.0666667 0.288998
0 0.93724 0.798148 0.0244792 0.0740741 0.34606
9 0.973698 0.738426 0.0119792 0.0527778 0.380613
2 0.559375 0.209722 0.028125 0.0361111 0.392738
2 0.841927 0.101852 0.0130208 0.0259259 0.394424
2 0.209635 0.284259 0.0369792 0.0722222 0.432779
0 0.929167 0.743519 0.015625 0.0666667 0.46026
2 0.525 0.24213 0.0385417 0.0416667 0.545019
2 0.421354 0.275926 0.0447917 0.0555556 0.54905
0 0.88151 0.744907 0.0171875 0.0712963 0.551223
7 0.272917 0.47963 0.0427083 0.124074 0.556038
5 0.459896 0.207407 0.0895833 0.0907407 0.556063
2 0.817448 0.19537 0.0171875 0.0333333 0.584197
7 0.420573 0.439352 0.0421875 0.108333 0.658207
2 0.479688 0.280093 0.040625 0.0472222 0.711606
2 0.420312 0.348148 0.0416667 0.0592593 0.754095
2 0.490104 0.421759 0.0479167 0.0824074 0.77731
2 0.55651 0.514352 0.0973958 0.141667 0.79889
2 0.720312 0.682407 0.0958333 0.137037 0.818531
7 0.488021 0.550463 0.125 0.236111 0.864279
5 0.180729 0.580556 0.0822917 0.275926 0.868123
2 0.666667 0.726389 0.109375 0.147222 0.907
2 0.794531 0.878704 0.128646 0.190741 0.917589
2 0.640104 0.849537 0.129167 0.191667 0.923966
