0 0.927344 0.734259 0.0182292 0.0703704 0.251384
2 0.841927 0.102778 0.0130208 0.0259259 0.26714
0 0.0632813 0.581944 0.0140625 0.0490741 0.270164
0 0.920052 0.50787 0.0171875 0.0675926 0.273341
9 0.973698 0.738426 0.0119792 0.0546296 0.37407
2 0.832552 0.143056 0.0171875 0.025 0.379755
0 0.936458 0.796759 0.0229167 0.0694444 0.387134
2 0.209635 0.284259 0.0390625 0.0759259 0.446351
0 0.90599 0.495833 0.0140625 0.0564815 0.460537
2 0.538021 0.183333 0.0270833 0.0314815 0.555866
0 0.88151 0.746296 0.0192708 0.0759259 0.559935
2 0.946354 0.977778 0.0770833 0.0425926 0.5955
2 0.396094 0.295833 0.0484375 0.0583333 0.602474
2 0.449219 0.491204 0.0619792 0.119444 0.646051
2 0.513542 0.250463 0.0364583 0.0435185 0.685732
5 0.444271 0.218981 0.121875 0.110185 0.703638
2 0.455469 0.302778 0.0463542 0.0537037 0.748413
2 0.407552 0.441204 0.0338542 0.0694444 0.778274
2 0.389583 0.385648 0.0385417 0.0694444 0.806797
2 0.655729 0.615278 0.101042 0.139815 0.813543
2 0.796615 0.837037 0.125521 0.159259 0.829715
2 0.752344 0.930093 0.139062 0.137963 0.84873
7 0.539323 0.611574 0.149479 0.260185 0.890631
