0 0.872656 0.443981 0.0109375 0.0509259 0.275797
2 0.840104 0.0986111 0.0166667 0.0287037 0.301334
9 0.351823 0.352778 0.0130208 0.0425926 0.324315
0 0.913021 0.736574 0.0145833 0.0601852 0.324952
9 0.973437 0.739815 0.0125 0.0518519 0.342817
0 0.894792 0.433333 0.0104167 0.0537037 0.355729
2 0.266667 0.318056 0.0364583 0.0638889 0.36082
2 0.48776 0.269907 0.0442708 0.0453704 0.386659
2 0.459896 0.299074 0.04375 0.0425926 0.406554
0 0.928385 0.741667 0.0140625 0.0685185 0.410262
2 0.530729 0.238889 0.040625 0.0425926 0.448105
0 0.938542 0.791667 0.0239583 0.0759259 0.477638
7 0.664844 0.255556 0.0609375 0.0888889 0.487544
0 0.880729 0.684259 0.0125 0.0555556 0.548493
2 0.671094 0.64213 0.115104 0.160185 0.653163
2 0.233854 0.437963 0.040625 0.0703704 0.657546
2 0.782812 0.324074 0.0385417 0.0518519 0.68243
2 0.479688 0.363426 0.0333333 0.0712963 0.703553
2 0.486719 0.438889 0.0546875 0.0962963 0.799615
7 0.423698 0.443519 0.0671875 0.17963 0.816782
2 0.538802 0.508333 0.0692708 0.0925926 0.826101
5 0.214062 0.613889 0.0802083 0.307407 0.837582
5 0.48151 0.196296 0.108854 0.107407 0.855512
2 0.534896 0.590741 0.0833333 0.118519 0.887868
2 0.746615 0.825 0.130729 0.183333 0.899054
2 0.574479 0.776852 0.113542 0.17037 0.908936
