0 0.926823 0.733333 0.0182292 0.0722222 0.264692
2 0.555469 0.172222 0.0286458 0.0314815 0.323563
7 0.443229 0.490278 0.053125 0.121296 0.397393
0 0.911979 0.519444 0.0125 0.0592593 0.406598
0 0.929688 0.523148 0.0145833 0.0703704 0.421976
2 0.44349 0.491204 0.0526042 0.123148 0.464587
2 0.210417 0.284259 0.0385417 0.0722222 0.492146
9 0.974219 0.736111 0.0109375 0.0518519 0.523349
2 0.83151 0.148611 0.0182292 0.0287037 0.530871
0 0.882031 0.745833 0.0182292 0.0731481 0.621563
2 0.40625 0.435648 0.0354167 0.0675926 0.625014
5 0.444271 0.215741 0.120833 0.107407 0.628221
2 0.395833 0.295833 0.0489583 0.0583333 0.636995
2 0.601042 0.558333 0.0875 0.116667 0.648233
2 0.526042 0.239352 0.0322917 0.0398148 0.701114
2 0.392708 0.375463 0.0416667 0.0675926 0.736755
2 0.476562 0.283796 0.0447917 0.0509259 0.760748
2 0.948177 0.904167 0.103646 0.184259 0.765294
2 0.876562 0.933796 0.136458 0.128704 0.807507
7 0.519531 0.5875 0.139062 0.260185 0.873271
2 0.69974 0.905093 0.136979 0.189815 0.874248
2 0.690104 0.749074 0.110417 0.153704 0.90547
