5 0.432813 0.27963 0.05 0.0759259 0.255993
0 0.947917 0.928704 0.021875 0.0518519 0.276856
5 0.477344 0.19213 0.0546875 0.0564815 0.313936
0 0.904427 0.761111 0.0171875 0.0722222 0.321034
0 0.909635 0.444444 0.0130208 0.0592593 0.330856
2 0.479167 0.231944 0.0333333 0.0361111 0.351499
0 0.886979 0.758796 0.015625 0.0675926 0.36793
0 0.0835937 0.963426 0.0276042 0.0694444 0.429136
9 0.974219 0.7375 0.0119792 0.0509259 0.495372
5 0.421354 0.234722 0.0770833 0.0953704 0.595637
2 0.357552 0.344444 0.0619792 0.087037 0.655041
2 0.433333 0.289815 0.0458333 0.0555556 0.770434
2 0.0747396 0.625463 0.0692708 0.100926 0.837997
2 0.34974 0.725926 0.0859375 0.162963 0.852651
