9 0.0546875 0.725463 0.0114583 0.0472222 0.262075
0 0.93776 0.798611 0.0234375 0.0675926 0.265528
7 0.223438 0.306944 0.0458333 0.0861111 0.28203
2 0.839583 0.108333 0.015625 0.0296296 0.298205
9 0.973698 0.740741 0.0119792 0.0537037 0.308633
0 0.939583 0.672222 0.0145833 0.062963 0.312087
0 0.892708 0.473611 0.0114583 0.0546296 0.328487
2 0.928646 0.968056 0.0916667 0.062037 0.336211
0 0.0549479 0.728704 0.0119792 0.0518519 0.362392
5 0.223438 0.306481 0.0458333 0.087037 0.421478
5 0.438542 0.222685 0.110417 0.108333 0.51526
0 0.87474 0.763426 0.0151042 0.0694444 0.578038
2 0.475781 0.247222 0.0432292 0.0666667 0.627064
2 0.274219 0.347685 0.0255208 0.0490741 0.633591
2 0.971875 0.935648 0.05625 0.125 0.662607
2 0.396354 0.318981 0.0552083 0.0675926 0.672127
2 0.521354 0.617593 0.0979167 0.135185 0.8932
2 0.74401 0.850463 0.129688 0.178704 0.912193
