0 0.929688 0.733333 0.0239583 0.062963 0.252031
0 0.352344 0.353241 0.0140625 0.0416667 0.254939
0 0.973698 0.738889 0.0119792 0.0537037 0.27382
9 0.351823 0.353704 0.0140625 0.0425926 0.274998
0 0.0877604 0.511574 0.0255208 0.062037 0.296515
0 0.936198 0.796759 0.0223958 0.0712963 0.297449
0 0.923177 0.724074 0.0171875 0.0685185 0.338329
5 0.666927 0.730093 0.127604 0.199074 0.347995
0 0.0609375 0.636111 0.0114583 0.0537037 0.364316
7 0.663021 0.252778 0.05625 0.0814815 0.374232
9 0.973958 0.738426 0.0125 0.0546296 0.376422
2 0.449479 0.258796 0.040625 0.0435185 0.400797
2 0.209896 0.283796 0.0364583 0.075 0.411159
2 0.48776 0.225463 0.0359375 0.037963 0.43142
7 0.666667 0.730093 0.127083 0.199074 0.475663
0 0.893229 0.487037 0.0114583 0.0555556 0.580619
0 0.882031 0.745833 0.0171875 0.0731481 0.585232
5 0.442708 0.219907 0.121875 0.106481 0.675698
2 0.396354 0.296759 0.05 0.0583333 0.746091
2 0.395312 0.423611 0.034375 0.0768519 0.793425
2 0.469792 0.3625 0.03125 0.0657407 0.836195
2 0.439063 0.498148 0.0583333 0.103704 0.84973
2 0.416927 0.342593 0.0484375 0.062963 0.855825
