5 0.23151 0.323148 0.0536458 0.0962963 0.25598
0 0.352344 0.352778 0.0130208 0.0425926 0.262906
7 0.464063 0.378241 0.0385417 0.125 0.265194
9 0.409375 0.378241 0.04375 0.14537 0.267966
0 0.767448 0.745833 0.0286458 0.0527778 0.26913
2 0.23125 0.322222 0.053125 0.0962963 0.302139
9 0.973958 0.737963 0.0114583 0.0537037 0.314927
0 0.936979 0.794907 0.01875 0.0675926 0.34744
0 0.884115 0.506019 0.00989583 0.0546296 0.374334
0 0.904167 0.48287 0.0104167 0.0527778 0.376428
2 0.48776 0.268519 0.0473958 0.0481481 0.413927
3 0.784896 0.77963 0.0260417 0.0611111 0.420721
0 0.928385 0.742593 0.0140625 0.062963 0.425209
7 0.664323 0.254167 0.0630208 0.0842593 0.43386
0 0.911719 0.747685 0.0140625 0.0601852 0.485606
2 0.569531 0.199074 0.0223958 0.037037 0.491166
2 0.527865 0.265741 0.0390625 0.0555556 0.564686
2 0.229427 0.884722 0.0890625 0.189815 0.696645
7 0.409375 0.378241 0.0447917 0.149074 0.762101
2 0.434635 0.477778 0.0526042 0.087037 0.842408
2 0.449479 0.613426 0.0770833 0.128704 0.864048
2 0.494271 0.556019 0.0791667 0.113889 0.867726
2 0.505208 0.473148 0.071875 0.103704 0.870203
2 0.384896 0.506481 0.05 0.101852 0.887792
2 0.544271 0.440278 0.0697917 0.0805556 0.888536
