2 0.450781 0.259259 0.0442708 0.0462963 0.250001
2 0.580729 0.172222 0.03125 0.0333333 0.277732
2 0.210677 0.280556 0.0369792 0.0759259 0.280065
9 0.974479 0.738889 0.0125 0.0537037 0.281725
2 0.840365 0.109722 0.0151042 0.0268519 0.295827
0 0.922396 0.721759 0.0177083 0.0712963 0.30297
7 0.664323 0.253241 0.0578125 0.0824074 0.303506
5 0.878385 0.9125 0.139062 0.171296 0.335009
5 0.434635 0.215278 0.103646 0.0916667 0.36503
0 0.882292 0.745833 0.0177083 0.0712963 0.480437
0 0.936198 0.795833 0.0234375 0.0768519 0.523981
0 0.900521 0.553704 0.0135417 0.0648148 0.536905
7 0.88151 0.9125 0.134896 0.171296 0.543184
2 0.395573 0.296296 0.0494792 0.0555556 0.753077
2 0.390365 0.408333 0.0369792 0.0796296 0.786241
2 0.588021 0.571296 0.078125 0.116667 0.814877
2 0.464323 0.547685 0.0765625 0.108333 0.853269
2 0.579427 0.685648 0.102604 0.137963 0.872663
