9 0.590625 0.171296 0.0166667 0.037037 0.250405
0 0.352083 0.353704 0.0135417 0.0425926 0.260044
0 0.936458 0.796759 0.0229167 0.0712963 0.261561
0 0.973698 0.738889 0.0119792 0.0537037 0.271605
9 0.351823 0.353704 0.0140625 0.0425926 0.275089
7 0.91849 0.910185 0.163021 0.175926 0.298842
0 0.922656 0.727778 0.0192708 0.0740741 0.318325
0 0.0877604 0.511111 0.0255208 0.062963 0.343724
2 0.486198 0.226852 0.0338542 0.0351852 0.34703
2 0.209896 0.284259 0.0364583 0.0759259 0.376207
9 0.973698 0.737963 0.0119792 0.0537037 0.383382
0 0.0601562 0.634259 0.0119792 0.0574074 0.394571
2 0.448958 0.258333 0.0416667 0.0444444 0.403126
7 0.663021 0.252778 0.05625 0.0814815 0.406636
2 0.402604 0.32037 0.0541667 0.0703704 0.515902
0 0.892969 0.488889 0.0119792 0.0592593 0.54694
2 0.672917 0.735185 0.128125 0.201852 0.571198
0 0.882031 0.746296 0.0171875 0.0722222 0.580004
5 0.443229 0.219444 0.121875 0.107407 0.681934
2 0.396094 0.296759 0.0494792 0.0583333 0.748002
2 0.395052 0.425926 0.0369792 0.0759259 0.803087
2 0.470052 0.367593 0.0317708 0.0666667 0.811516
2 0.441667 0.503704 0.0604167 0.105556 0.831059
2 0.416406 0.342593 0.0484375 0.062963 0.86462
