0 0.905469 0.499074 0.0119792 0.0592593 0.272931
5 0.452604 0.257407 0.0552083 0.0648148 0.323663
0 0.936979 0.799537 0.021875 0.0657407 0.337973
0 0.973437 0.738426 0.0114583 0.0509259 0.404362
2 0.483333 0.227778 0.0322917 0.037037 0.412836
2 0.229427 0.319444 0.0515625 0.0907407 0.416492
0 0.951302 0.7125 0.0140625 0.0601852 0.419283
0 0.890625 0.497685 0.0104167 0.0546296 0.426022
0 0.867188 0.774537 0.0135417 0.0546296 0.472333
7 0.229687 0.318981 0.0510417 0.0916667 0.475389
2 0.840104 0.106481 0.0166667 0.0296296 0.490675
5 0.442708 0.218519 0.123958 0.107407 0.551042
0 0.921094 0.725 0.0192708 0.0759259 0.585486
2 0.396094 0.319444 0.0536458 0.0685185 0.660601
2 0.275 0.397685 0.03125 0.0546296 0.687005
2 0.86901 0.941204 0.142188 0.115741 0.736335
2 0.455208 0.266204 0.04375 0.0546296 0.795617
2 0.622135 0.727778 0.121354 0.164815 0.914303
