0 0.446875 0.656944 0.0302083 0.0861111 0.252022
7 0.951042 0.298148 0.0979167 0.596296 0.254691
9 0.352344 0.350926 0.0130208 0.0444444 0.308786
2 0.254427 0.31713 0.0213542 0.0305556 0.325917
0 0.838542 0.912963 0.0166667 0.0444444 0.353734
2 0.395312 0.319907 0.0541667 0.0675926 0.430504
9 0.974219 0.738426 0.0119792 0.0546296 0.432439
5 0.440885 0.218056 0.126563 0.110185 0.447279
0 0.91875 0.495833 0.0125 0.0712963 0.45899
0 0.911458 0.671296 0.0145833 0.0777778 0.486175
2 0.841146 0.106944 0.015625 0.0324074 0.530006
0 0.891406 0.667593 0.0140625 0.0685185 0.536798
2 0.445052 0.279167 0.0473958 0.0638889 0.637602
0 0.908073 0.84537 0.0213542 0.0833333 0.664537
2 0.236198 0.445833 0.0463542 0.075 0.827368
2 0.349219 0.724537 0.0848958 0.162037 0.829696
5 0.0890625 0.544907 0.172917 0.228704 0.853728
