0 0.448177 0.65787 0.0317708 0.0861111 0.267515
7 0.952083 0.297685 0.0958333 0.59537 0.287246
2 0.842969 0.099537 0.0171875 0.0305556 0.311817
2 0.0213542 0.683333 0.0416667 0.0685185 0.312088
9 0.974219 0.736574 0.0119792 0.0509259 0.358388
0 0.905208 0.787963 0.015625 0.037037 0.365479
2 0.254427 0.317593 0.0255208 0.0333333 0.386046
2 0.338802 0.356019 0.0390625 0.0694444 0.397864
0 0.884115 0.8 0.0161458 0.062963 0.515329
2 0.47474 0.234259 0.0348958 0.0425926 0.598348
5 0.441927 0.224537 0.124479 0.125 0.614512
2 0.410677 0.304167 0.0473958 0.0601852 0.811152
2 0.29401 0.380556 0.0609375 0.0740741 0.835004
2 0.349479 0.725463 0.0854167 0.163889 0.847066
