0 0.973698 0.739352 0.0119792 0.0564815 0.251858
9 0.973698 0.739352 0.0119792 0.0564815 0.278071
0 0.449479 0.660185 0.034375 0.0944444 0.288906
7 0.950781 0.297222 0.0984375 0.594444 0.320119
2 0.842969 0.0981481 0.0140625 0.0259259 0.361435
0 0.901302 0.868519 0.0161458 0.0833333 0.410256
0 0.883333 0.858333 0.0177083 0.0592593 0.484089
2 0.460417 0.244907 0.0364583 0.0435185 0.56194
2 0.276042 0.422685 0.065625 0.0861111 0.726783
5 0.443229 0.222222 0.11875 0.114815 0.743228
2 0.369792 0.338889 0.04375 0.0648148 0.773662
2 0.349219 0.723611 0.0848958 0.165741 0.797313
2 0.216146 0.44537 0.0625 0.0833333 0.836357
2 0.652083 0.74213 0.0875 0.162037 0.86182
