2 0.842188 0.102315 0.0135417 0.025 0.265224
2 0.210677 0.282407 0.0380208 0.0685185 0.309839
2 0.455208 0.254167 0.040625 0.0435185 0.358887
2 0.404948 0.861111 0.144271 0.253704 0.404415
0 0.925521 0.734259 0.0208333 0.0851852 0.407428
7 0.54401 0.499074 0.0890625 0.125926 0.436202
9 0.973958 0.7375 0.0114583 0.0546296 0.452391
0 0.936458 0.797685 0.0239583 0.0712963 0.478759
2 0.401302 0.31713 0.0515625 0.0657407 0.48448
7 0.440885 0.484259 0.0536458 0.116667 0.49105
2 0.828125 0.15787 0.0177083 0.025 0.507246
2 0.405208 0.423148 0.0354167 0.0740741 0.537959
2 0.440885 0.484722 0.0526042 0.115741 0.557969
2 0.536198 0.228241 0.0359375 0.0453704 0.560043
0 0.88151 0.746296 0.0171875 0.0722222 0.569723
2 0.49375 0.268981 0.0395833 0.0435185 0.586139
5 0.443229 0.216204 0.122917 0.106481 0.613244
2 0.544792 0.498611 0.0875 0.126852 0.676076
2 0.395573 0.296296 0.0505208 0.0574074 0.677641
7 0.404687 0.862037 0.144792 0.257407 0.745899
2 0.413542 0.341667 0.04375 0.0592593 0.767446
7 0.517187 0.585185 0.1375 0.253704 0.89143
2 0.814323 0.767593 0.121354 0.183333 0.907834
2 0.668229 0.726852 0.110417 0.15 0.908873
2 0.666667 0.874074 0.133333 0.194444 0.91261
2 0.8125 0.897222 0.130208 0.188889 0.923651
