7 0.558073 0.515278 0.120312 0.162037 0.254799
0 0.933073 0.531482 0.0192708 0.0666667 0.257923
2 0.560417 0.17037 0.0239583 0.0277778 0.264387
2 0.210677 0.283796 0.0380208 0.0712963 0.338834
0 0.916927 0.52963 0.0119792 0.0592593 0.355117
0 0.92474 0.73287 0.0213542 0.0805556 0.381373
0 0.883333 0.735648 0.0177083 0.0564815 0.430845
7 0.441667 0.4875 0.0520833 0.117593 0.431474
9 0.973958 0.7375 0.0114583 0.0546296 0.461749
2 0.441667 0.4875 0.0520833 0.117593 0.471886
2 0.829167 0.153704 0.015625 0.0259259 0.486906
7 0.849479 0.919907 0.138542 0.160185 0.532268
2 0.530208 0.236574 0.0302083 0.0416667 0.539644
5 0.442969 0.216204 0.121354 0.10463 0.575066
2 0.563542 0.524537 0.113542 0.143519 0.580546
7 0.482552 0.916667 0.163021 0.159259 0.637526
2 0.396094 0.295833 0.0494792 0.0583333 0.642268
2 0.896615 0.848148 0.120312 0.190741 0.681226
2 0.40651 0.432407 0.0338542 0.0648148 0.681511
2 0.484635 0.277315 0.0432292 0.0472222 0.696827
2 0.398177 0.364815 0.0442708 0.0648148 0.707063
2 0.85 0.918981 0.1375 0.162037 0.743119
7 0.517708 0.58287 0.1375 0.250926 0.87349
2 0.68099 0.890741 0.139062 0.196296 0.880064
2 0.672917 0.731944 0.108333 0.147222 0.899391
