2 0.247396 0.29213 0.0270833 0.0398148 0.25936
5 0.447396 0.271759 0.05 0.075 0.275834
0 0.0570313 0.681481 0.0130208 0.0425926 0.292129
0 0.973698 0.737963 0.0119792 0.0518519 0.298062
7 0.667969 0.25787 0.0661458 0.0935185 0.311521
0 0.932552 0.743981 0.0192708 0.0638889 0.333019
9 0.973958 0.7375 0.0114583 0.0509259 0.343238
0 0.921875 0.725463 0.0166667 0.0657407 0.362927
0 0.894792 0.433333 0.009375 0.0444444 0.365253
7 0.211719 0.289815 0.0401042 0.0777778 0.381377
5 0.211979 0.289815 0.040625 0.0777778 0.388888
9 0.352083 0.353241 0.0135417 0.0435185 0.395733
5 0.478906 0.193519 0.0536458 0.0592593 0.42417
0 0.936458 0.797222 0.0229167 0.0685185 0.474156
0 0.91224 0.59213 0.0140625 0.0694444 0.477558
2 0.840365 0.106481 0.0161458 0.0314815 0.479854
0 0.882031 0.74537 0.0171875 0.0722222 0.488557
2 0.447396 0.273148 0.0479167 0.0703704 0.493303
5 0.423958 0.226389 0.08125 0.0898148 0.650936
2 0.547917 0.194444 0.0291667 0.037037 0.711695
2 0.394531 0.29537 0.0484375 0.0574074 0.743796
2 0.402865 0.460648 0.0473958 0.087963 0.809268
2 0.703385 0.684722 0.100521 0.143519 0.882967
2 0.529427 0.630556 0.0901042 0.12963 0.890088
2 0.678646 0.785648 0.122917 0.167593 0.915777
