0 0.0609375 0.602315 0.0114583 0.0453704 0.251068
0 0.924219 0.731481 0.0234375 0.0796296 0.266726
9 0.0609375 0.602778 0.0114583 0.0444444 0.272987
0 0.90651 0.457407 0.0151042 0.0611111 0.301059
2 0.45026 0.256481 0.0432292 0.05 0.3927
2 0.41276 0.318519 0.0588542 0.062963 0.421402
9 0.973698 0.738426 0.0109375 0.0527778 0.436606
7 0.517187 0.563889 0.0927083 0.146296 0.453577
2 0.516927 0.563889 0.0932292 0.148148 0.496054
2 0.209896 0.284722 0.0364583 0.075 0.512974
5 0.442187 0.218056 0.121875 0.108333 0.55522
2 0.50651 0.210648 0.0317708 0.0416667 0.595233
0 0.882812 0.740741 0.0166667 0.0648148 0.598133
2 0.395312 0.295833 0.0520833 0.0564815 0.706956
2 0.482552 0.283333 0.0348958 0.05 0.75051
2 0.410156 0.44537 0.0411458 0.0703704 0.788106
2 0.389583 0.390278 0.0354167 0.0731481 0.791196
2 0.423438 0.332407 0.05 0.0592593 0.851235
2 0.873698 0.831944 0.120312 0.175 0.869707
7 0.702083 0.79537 0.203125 0.361111 0.924344
