5 0.473177 0.234722 0.0380208 0.0398148 0.265831
0 0.908854 0.427778 0.0125 0.0592593 0.289725
7 0.949219 0.297685 0.101562 0.59537 0.294435
2 0.256771 0.318056 0.025 0.0324074 0.302124
9 0.974219 0.7375 0.0119792 0.0527778 0.381108
0 0.904167 0.815741 0.0166667 0.0703704 0.42453
5 0.474479 0.196296 0.05625 0.0703704 0.435243
0 0.448177 0.657407 0.0317708 0.0888889 0.454765
0 0.88125 0.815278 0.01875 0.0638889 0.58018
2 0.472396 0.234722 0.0354167 0.0398148 0.617326
5 0.421354 0.233796 0.0760417 0.0972222 0.638667
2 0.279427 0.39213 0.0619792 0.075 0.752207
2 0.402604 0.311111 0.0510417 0.0592593 0.766865
2 0.553646 0.959722 0.0989583 0.0768519 0.776164
2 0.35 0.725926 0.0854167 0.164815 0.851263
