0 0.899219 0.399537 0.0119792 0.0435185 0.263258
7 0.0390625 0.658333 0.065625 0.087037 0.292162
2 0.528646 0.238889 0.0375 0.0388889 0.308365
2 0.558854 0.208333 0.0333333 0.0407407 0.3163
5 0.210417 0.284722 0.0385417 0.0731481 0.317427
7 0.274219 0.380093 0.0432292 0.113889 0.327727
0 0.913281 0.738889 0.0140625 0.0444444 0.336839
5 0.479688 0.19213 0.053125 0.0638889 0.365292
9 0.973958 0.737037 0.0114583 0.0518519 0.369286
2 0.370833 0.962037 0.123958 0.0740741 0.403846
2 0.446875 0.311574 0.04375 0.0564815 0.479406
0 0.88151 0.735185 0.0171875 0.0555556 0.544795
2 0.807552 0.231944 0.0203125 0.0361111 0.550302
2 0.489583 0.272222 0.0416667 0.0425926 0.568982
0 0.929427 0.743056 0.0171875 0.0675926 0.576543
5 0.446875 0.218056 0.1125 0.106481 0.627869
7 0.899219 0.852315 0.132812 0.19537 0.680037
2 0.482552 0.396296 0.0348958 0.0759259 0.714501
5 0.210156 0.439352 0.0713542 0.187963 0.740661
7 0.455208 0.504167 0.104167 0.212037 0.843839
2 0.60651 0.574074 0.0807292 0.105556 0.891523
2 0.777083 0.85463 0.128125 0.188889 0.892386
2 0.526302 0.484722 0.0723958 0.102778 0.898233
2 0.624479 0.684722 0.103125 0.141667 0.901296
2 0.623177 0.830556 0.124479 0.185185 0.911598
