0 0.00807292 0.985648 0.0161458 0.0268519 0.268241
0 0.0872396 0.511111 0.0255208 0.062963 0.270754
0 0.928646 0.734722 0.025 0.0657407 0.271876
7 0.670833 0.263426 0.0708333 0.102778 0.275899
1 0.936458 0.797222 0.0229167 0.0703704 0.2805
0 0.0609375 0.660648 0.0145833 0.0601852 0.307453
0 0.895312 0.456019 0.009375 0.0416667 0.341636
2 0.210938 0.281944 0.0364583 0.0694444 0.360349
5 0.427344 0.221296 0.0859375 0.0888889 0.382997
0 0.922396 0.723148 0.0166667 0.0685185 0.386566
2 0.840104 0.109722 0.0166667 0.0268519 0.455723
9 0.973958 0.7375 0.0114583 0.0490741 0.458218
2 0.53151 0.2125 0.0390625 0.0453704 0.495425
2 0.45026 0.25787 0.0421875 0.0453704 0.505561
7 0.803646 0.868519 0.142708 0.22037 0.515668
2 0.483594 0.227315 0.0359375 0.037963 0.549998
2 0.802865 0.86713 0.141146 0.221296 0.556733
0 0.882031 0.746296 0.0171875 0.0722222 0.580914
0 0.896875 0.526852 0.0125 0.062963 0.594822
2 0.395833 0.296296 0.0510417 0.0574074 0.707207
2 0.423698 0.493981 0.0578125 0.0990741 0.825697
2 0.397135 0.375926 0.0442708 0.0722222 0.848168
2 0.51875 0.482407 0.0572917 0.0925926 0.864783
2 0.513021 0.607407 0.0833333 0.127778 0.881077
