2 0.247396 0.37963 0.0291667 0.037037 0.25164
0 0.911719 0.742593 0.0192708 0.0814815 0.271191
2 0.235677 0.340741 0.0546875 0.105556 0.296789
2 0.160938 0.499537 0.0270833 0.0305556 0.315786
2 0.21875 0.257407 0.0197917 0.0277778 0.378521
0 0.936979 0.801852 0.0135417 0.0555556 0.388553
0 0.973437 0.740278 0.0114583 0.0546296 0.424246
2 0.839063 0.108333 0.0166667 0.0296296 0.456746
5 0.236198 0.343981 0.0536458 0.106481 0.466634
0 0.889844 0.532407 0.00989583 0.0518519 0.490857
0 0.95 0.749537 0.0135417 0.0527778 0.582713
2 0.482031 0.228704 0.0369792 0.0425926 0.638561
5 0.442969 0.218981 0.120312 0.100926 0.645812
2 0.394531 0.321296 0.0557292 0.0648148 0.68505
2 0.278125 0.507407 0.040625 0.0925926 0.698686
2 0.44974 0.274537 0.0442708 0.0546296 0.759949
2 0.76849 0.886111 0.142188 0.203704 0.927391
