2 0.560156 0.208796 0.0307292 0.037963 0.25192
9 0.973958 0.7375 0.0125 0.0527778 0.295853
2 0.208854 0.282407 0.0354167 0.0685185 0.304487
7 0.664323 0.256481 0.0588542 0.0888889 0.316651
0 0.9125 0.738426 0.015625 0.0601852 0.324933
0 0.895833 0.423148 0.0104167 0.05 0.332243
2 0.528906 0.238889 0.0359375 0.0388889 0.368527
2 0.488281 0.271296 0.0421875 0.0444444 0.41823
2 0.458854 0.299074 0.040625 0.0425926 0.423515
0 0.880729 0.7125 0.015625 0.075 0.440555
0 0.928906 0.740278 0.0140625 0.0712963 0.519288
2 0.790625 0.295833 0.028125 0.0453704 0.543829
2 0.273698 0.330093 0.0338542 0.062037 0.561115
2 0.199219 0.490741 0.0505208 0.0888889 0.629322
2 0.479688 0.372222 0.0333333 0.0777778 0.703668
5 0.469792 0.203241 0.110417 0.106481 0.804425
7 0.428646 0.455556 0.075 0.183333 0.80958
2 0.554688 0.525463 0.071875 0.0972222 0.825606
2 0.705469 0.672222 0.123438 0.166667 0.842065
2 0.495313 0.448611 0.0583333 0.102778 0.846971
5 0.230208 0.688426 0.103125 0.360185 0.869724
2 0.59974 0.805556 0.118229 0.177778 0.897144
2 0.554948 0.613426 0.0880208 0.119444 0.90076
2 0.768229 0.847222 0.129167 0.187037 0.909838
