2 0.48099 0.228704 0.0401042 0.0444444 0.256473
2 0.384635 0.327315 0.0317708 0.0509259 0.263073
0 0.88724 0.955556 0.0203125 0.0685185 0.316276
0 0.911198 0.670833 0.0140625 0.0398148 0.337152
0 0.916146 0.483796 0.0135417 0.062037 0.351314
0 0.447656 0.658333 0.0296875 0.0907407 0.369699
2 0.839844 0.108333 0.0171875 0.0277778 0.389914
2 0.252604 0.32037 0.0291667 0.037037 0.402541
2 0.397135 0.312037 0.0557292 0.0777778 0.423717
9 0.973958 0.737963 0.0125 0.0518519 0.519507
0 0.891146 0.684722 0.0145833 0.0731481 0.572668
5 0.44349 0.21713 0.119271 0.100926 0.575495
0 0.9125 0.873148 0.0239583 0.0722222 0.577708
2 0.445573 0.27963 0.0473958 0.0592593 0.667022
5 0.071875 0.568519 0.14375 0.211111 0.808174
2 0.213542 0.476852 0.0552083 0.0833333 0.840343
2 0.349219 0.725463 0.0859375 0.163889 0.855901
