0 0.909635 0.452315 0.0119792 0.0583333 0.299173
0 0.90651 0.7375 0.0151042 0.062037 0.364017
0 0.0867188 0.510185 0.0244792 0.062963 0.450183
0 0.888802 0.742593 0.0151042 0.0814815 0.467151
9 0.974219 0.7375 0.0130208 0.0509259 0.515473
2 0.479948 0.227778 0.0348958 0.0407407 0.52758
5 0.435417 0.225 0.103125 0.105556 0.582719
2 0.36276 0.338426 0.0640625 0.0842593 0.788495
2 0.441146 0.27963 0.0458333 0.0574074 0.789213
2 0.0997396 0.600463 0.0671875 0.0898148 0.804993
2 0.34974 0.726389 0.0859375 0.163889 0.855076
