0 0.948698 0.556944 0.0151042 0.062037 0.282049
0 0.0872396 0.511111 0.0244792 0.062963 0.286912
9 0.973698 0.737037 0.0119792 0.0537037 0.289092
0 0.928906 0.74213 0.0140625 0.0657407 0.310165
0 0.918229 0.719907 0.0166667 0.0731481 0.387447
2 0.508333 0.255556 0.04375 0.0462963 0.401393
2 0.196615 0.715741 0.0703125 0.087037 0.431623
0 0.00885417 0.983333 0.0177083 0.0314815 0.437243
2 0.544271 0.223611 0.0354167 0.037963 0.470896
5 0.267708 0.843056 0.204167 0.310185 0.484323
2 0.267448 0.846759 0.196354 0.306481 0.505845
2 0.209896 0.284259 0.0375 0.0722222 0.509477
2 0.825521 0.168981 0.0166667 0.0268519 0.575721
5 0.441927 0.21713 0.124479 0.108333 0.612023
0 0.882031 0.745833 0.0182292 0.075 0.623378
2 0.43724 0.476852 0.0536458 0.118519 0.635119
2 0.523177 0.470833 0.0609375 0.0861111 0.696525
2 0.397135 0.294907 0.0505208 0.0564815 0.705496
2 0.952604 0.914815 0.0927083 0.155556 0.711793
7 0.323958 0.707407 0.0989583 0.201852 0.738925
2 0.439844 0.315278 0.0473958 0.0546296 0.782015
2 0.401563 0.402778 0.0364583 0.0777778 0.786312
2 0.70599 0.659259 0.116146 0.159259 0.861278
7 0.516927 0.583333 0.138021 0.25 0.891181
2 0.667708 0.725926 0.109375 0.15 0.909717
2 0.796094 0.879167 0.130729 0.191667 0.91774
2 0.660417 0.866667 0.13125 0.190741 0.919368
