9 0.351302 0.352315 0.0130208 0.0416667 0.253266
0 0.0635417 0.581944 0.0145833 0.0509259 0.25581
0 0.927083 0.734259 0.01875 0.0722222 0.256886
2 0.841927 0.102315 0.0130208 0.025 0.271556
2 0.45 0.261111 0.0395833 0.0444444 0.285136
0 0.91901 0.508796 0.0161458 0.0675926 0.303333
9 0.973698 0.738426 0.0119792 0.0546296 0.381062
2 0.832552 0.142593 0.0171875 0.0259259 0.388053
0 0.936458 0.796759 0.0229167 0.0694444 0.3919
2 0.209375 0.284259 0.0385417 0.0759259 0.451453
0 0.905208 0.495833 0.0135417 0.0583333 0.465514
0 0.88151 0.746296 0.0192708 0.0759259 0.57201
2 0.53724 0.184259 0.0276042 0.0333333 0.57989
2 0.396094 0.296296 0.0484375 0.0592593 0.616449
2 0.948438 0.977778 0.0729167 0.0425926 0.640966
2 0.448438 0.491204 0.0604167 0.119444 0.678471
5 0.44375 0.218056 0.122917 0.112037 0.702313
2 0.51276 0.252315 0.0369792 0.0435185 0.73719
2 0.407552 0.441667 0.0338542 0.0685185 0.780868
2 0.454688 0.303241 0.0458333 0.0546296 0.787323
2 0.389583 0.385648 0.0385417 0.0694444 0.807301
2 0.754167 0.931019 0.1375 0.136111 0.822642
2 0.802344 0.841667 0.123438 0.166667 0.83465
2 0.657292 0.616667 0.102083 0.138889 0.838684
7 0.541146 0.614352 0.151042 0.265741 0.880616
