5 0.476562 0.19213 0.0552083 0.0546296 0.271139
2 0.43125 0.286111 0.053125 0.0759259 0.282083
0 0.93099 0.736111 0.0203125 0.0611111 0.316255
7 0.213542 0.291667 0.040625 0.0814815 0.345276
0 0.973698 0.738889 0.0119792 0.0537037 0.347634
0 0.921615 0.725463 0.0192708 0.0694444 0.350542
9 0.351562 0.353241 0.0125 0.0435185 0.373283
0 0.93724 0.797685 0.0234375 0.0694444 0.395012
0 0.89401 0.44213 0.00989583 0.0472222 0.410308
2 0.839844 0.107407 0.0161458 0.0296296 0.421932
7 0.668229 0.260648 0.0666667 0.0990741 0.450679
0 0.882031 0.746759 0.0182292 0.0731481 0.482793
5 0.213802 0.291204 0.0401042 0.0805556 0.507335
0 0.917708 0.608796 0.0166667 0.0712963 0.534657
5 0.426042 0.226852 0.0854167 0.0944444 0.543382
2 0.39401 0.295833 0.0473958 0.0546296 0.546611
2 0.482552 0.228241 0.0338542 0.037963 0.559678
2 0.53099 0.211574 0.0338542 0.0453704 0.752277
2 0.418229 0.487963 0.05625 0.0944444 0.857348
2 0.76875 0.745833 0.105208 0.150926 0.886417
2 0.569531 0.676852 0.100521 0.140741 0.899129
2 0.73151 0.840278 0.132812 0.176852 0.911722
