7 0.210677 0.286111 0.0401042 0.0722222 0.292884
2 0.825 0.174074 0.015625 0.0314815 0.294421
2 0.591927 0.148148 0.0223958 0.0296296 0.298819
5 0.475521 0.209259 0.0572917 0.0944444 0.322793
0 0.95026 0.558333 0.0130208 0.062963 0.335113
0 0.009375 0.982407 0.0177083 0.0296296 0.371637
7 0.6625 0.251389 0.0552083 0.0768519 0.388048
2 0.210156 0.284722 0.0390625 0.0712963 0.392829
2 0.509375 0.256944 0.04375 0.0435185 0.403122
9 0.974219 0.7375 0.0119792 0.0527778 0.418057
2 0.396094 0.293981 0.0473958 0.062037 0.459925
2 0.261719 0.826852 0.207813 0.340741 0.461364
0 0.928646 0.743519 0.0145833 0.0666667 0.465832
2 0.546354 0.221759 0.034375 0.0398148 0.531548
5 0.442969 0.21713 0.119271 0.110185 0.539545
2 0.4375 0.474537 0.0541667 0.117593 0.566957
2 0.520052 0.468056 0.0578125 0.0861111 0.630196
0 0.882031 0.745833 0.0203125 0.0768519 0.646562
2 0.401042 0.401389 0.0364583 0.0731481 0.717399
2 0.442969 0.312963 0.0453125 0.0537037 0.734397
5 0.261458 0.827778 0.2125 0.342593 0.756606
2 0.942708 0.901852 0.103125 0.164815 0.780281
7 0.315625 0.69213 0.090625 0.202778 0.788631
7 0.517187 0.581944 0.139583 0.247222 0.897447
2 0.696354 0.648611 0.110417 0.160185 0.900417
2 0.667969 0.726389 0.109896 0.150926 0.907454
2 0.795573 0.879167 0.130729 0.191667 0.918137
2 0.658854 0.86713 0.133333 0.189815 0.919722
