7 0.947396 0.298148 0.105208 0.596296 0.347872
7 0.672135 0.2625 0.0734375 0.108333 0.354731
0 0.973698 0.7375 0.0130208 0.0564815 0.386583
2 0.254948 0.31713 0.0213542 0.0342593 0.395694
2 0.622917 0.160648 0.015625 0.0324074 0.418712
2 0.690625 0.438426 0.0520833 0.0842593 0.575905
2 0.573958 0.193519 0.0239583 0.0388889 0.612157
2 0.815365 0.202315 0.0203125 0.0361111 0.626588
7 0.690625 0.438426 0.0520833 0.0861111 0.654218
2 0.789323 0.971296 0.0786458 0.0555556 0.708275
0 0.877604 0.798148 0.0229167 0.0833333 0.783459
2 0.0895833 0.605093 0.065625 0.108333 0.785282
2 0.349479 0.725 0.0864583 0.166667 0.825931
5 0.394271 0.255093 0.138542 0.141667 0.827409
7 0.755208 0.448611 0.0625 0.126852 0.829209
2 0.246094 0.4125 0.0588542 0.0675926 0.852236
