0 0.922917 0.719907 0.0135417 0.0583333 0.260589
9 0.351823 0.352778 0.0130208 0.0444444 0.283523
0 0.932552 0.74537 0.0192708 0.0648148 0.295493
9 0.973698 0.7375 0.0119792 0.0546296 0.29809
2 0.474219 0.25787 0.0432292 0.0564815 0.311235
0 0.0875 0.511574 0.025 0.0638889 0.319849
2 0.213802 0.285185 0.0432292 0.0759259 0.32742
0 0.0601562 0.678241 0.0130208 0.0527778 0.327964
0 0.892448 0.424537 0.00989583 0.0472222 0.360317
2 0.839583 0.109259 0.0166667 0.0277778 0.388737
0 0.88151 0.745833 0.0171875 0.0712963 0.419166
2 0.915885 0.933333 0.131771 0.12963 0.43594
0 0.935938 0.799074 0.021875 0.0685185 0.50198
5 0.442187 0.216204 0.123958 0.106481 0.611873
7 0.917448 0.933333 0.130729 0.131481 0.616335
0 0.905208 0.566667 0.0135417 0.0592593 0.620116
2 0.565104 0.182407 0.0260417 0.0333333 0.671474
2 0.395312 0.295833 0.05 0.0564815 0.717559
2 0.39401 0.42963 0.0380208 0.0814815 0.821101
2 0.488281 0.580093 0.0796875 0.119444 0.875914
2 0.635938 0.619907 0.0885417 0.128704 0.893084
2 0.621875 0.72963 0.110417 0.153704 0.899626
