5 0.448438 0.246296 0.0895833 0.0888889 0.261859
0 0.857031 0.799537 0.0192708 0.0731481 0.267864
0 0.959635 0.813889 0.0213542 0.062963 0.276761
0 0.929427 0.740741 0.0161458 0.0777778 0.298986
0 0.890104 0.519444 0.009375 0.0574074 0.346537
5 0.234896 0.327315 0.0520833 0.106481 0.356929
2 0.234375 0.325463 0.053125 0.108333 0.357676
0 0.938281 0.799074 0.0140625 0.0537037 0.368875
0 0.973177 0.74213 0.0109375 0.0490741 0.427261
7 0.234375 0.326852 0.0520833 0.107407 0.45253
2 0.960677 0.981019 0.0744792 0.0342593 0.474348
0 0.952083 0.74213 0.0135417 0.0638889 0.47986
2 0.395573 0.318519 0.0567708 0.0666667 0.485831
2 0.839063 0.107407 0.0177083 0.0296296 0.517403
2 0.48151 0.228241 0.0348958 0.0398148 0.551119
5 0.442708 0.21713 0.122917 0.106481 0.646774
2 0.451562 0.273148 0.0458333 0.0592593 0.702278
2 0.271094 0.446759 0.0328125 0.0768519 0.728241
2 0.698698 0.810185 0.135937 0.196296 0.860012
