0 0.926562 0.733333 0.01875 0.0740741 0.251418
7 0.970052 0.925463 0.0588542 0.14537 0.267137
0 0.93724 0.794907 0.0192708 0.0601852 0.290236
0 0.908073 0.509259 0.0130208 0.0574074 0.361895
7 0.885417 0.943981 0.114583 0.110185 0.415768
7 0.607292 0.572685 0.104167 0.128704 0.434914
0 0.928385 0.513426 0.0119792 0.0546296 0.457634
2 0.83099 0.146296 0.0151042 0.0277778 0.474028
2 0.970052 0.924074 0.0588542 0.146296 0.503166
2 0.210417 0.284259 0.0385417 0.0722222 0.504922
9 0.973958 0.736574 0.0114583 0.0509259 0.544329
0 0.882031 0.74537 0.0192708 0.0759259 0.584594
2 0.884115 0.944444 0.110937 0.111111 0.609905
5 0.44375 0.216667 0.120833 0.107407 0.626182
2 0.444531 0.488889 0.0546875 0.118519 0.664252
2 0.395833 0.29537 0.0489583 0.0574074 0.667696
2 0.608073 0.571759 0.101562 0.128704 0.668863
2 0.407031 0.435648 0.0359375 0.0675926 0.670281
2 0.522917 0.24213 0.0322917 0.0416667 0.711641
2 0.392188 0.376852 0.04375 0.0703704 0.754924
2 0.471615 0.289352 0.0453125 0.0527778 0.78416
7 0.522135 0.59213 0.141146 0.258333 0.857128
2 0.709896 0.768981 0.113542 0.150926 0.899412
2 0.711719 0.910648 0.141146 0.176852 0.905057
