7 0.211979 0.286574 0.0395833 0.0805556 0.265593
7 0.667448 0.256944 0.0640625 0.0898148 0.272926
0 0.892969 0.431481 0.0109375 0.0407407 0.304146
7 0.950781 0.949074 0.0973958 0.0981481 0.360746
0 0.973437 0.738889 0.0125 0.0518519 0.384418
0 0.922396 0.722222 0.0135417 0.0555556 0.386971
5 0.451823 0.251852 0.0661458 0.0777778 0.395994
5 0.2125 0.287037 0.0385417 0.0796296 0.410334
0 0.0580729 0.681019 0.0119792 0.0490741 0.473343
0 0.882031 0.744907 0.0171875 0.0712963 0.478996
2 0.839583 0.108333 0.015625 0.0277778 0.479084
0 0.909635 0.581944 0.0140625 0.062037 0.492428
0 0.936458 0.797222 0.0229167 0.0685185 0.54356
5 0.443229 0.217593 0.121875 0.107407 0.627871
2 0.455208 0.269907 0.046875 0.062037 0.646032
2 0.555469 0.188426 0.0328125 0.0416667 0.673211
2 0.395052 0.29537 0.0494792 0.0574074 0.773034
2 0.513021 0.613426 0.0875 0.126852 0.814974
2 0.398177 0.446759 0.0421875 0.0861111 0.833741
2 0.679167 0.662037 0.096875 0.137037 0.879561
2 0.658594 0.765278 0.118229 0.163889 0.907632
