0 0.936719 0.797222 0.0223958 0.0703704 0.252918
9 0.351562 0.352315 0.0125 0.0398148 0.257232
2 0.45 0.260185 0.0375 0.0444444 0.277059
2 0.841667 0.102315 0.0135417 0.025 0.31488
0 0.0635417 0.583796 0.0145833 0.0490741 0.350435
2 0.775781 0.94537 0.130729 0.107407 0.354963
0 0.904948 0.481944 0.0119792 0.0583333 0.366245
7 0.77526 0.943519 0.130729 0.107407 0.370356
9 0.973698 0.738426 0.0119792 0.0546296 0.418451
2 0.209635 0.283796 0.0390625 0.0768519 0.476672
0 0.88151 0.746296 0.0192708 0.0759259 0.53378
2 0.532812 0.19213 0.03125 0.0342593 0.60854
2 0.396094 0.295833 0.0505208 0.0564815 0.621572
2 0.508073 0.255093 0.0359375 0.0472222 0.626223
5 0.44349 0.218519 0.122396 0.112963 0.700032
2 0.455208 0.497685 0.0697917 0.121296 0.745525
2 0.447135 0.311574 0.0505208 0.0564815 0.751701
2 0.408594 0.441204 0.0359375 0.0675926 0.786674
2 0.390104 0.387963 0.0385417 0.0722222 0.787723
2 0.87526 0.878704 0.119271 0.144444 0.805435
2 0.684635 0.639352 0.101562 0.136111 0.862258
7 0.557552 0.641667 0.164062 0.285185 0.900528
