9 0.0611979 0.601852 0.0119792 0.0425926 0.253506
0 0.90651 0.45787 0.0151042 0.0583333 0.277782
1 0.93724 0.797222 0.0234375 0.0703704 0.278528
0 0.924219 0.72963 0.0244792 0.0833333 0.281531
2 0.45 0.256944 0.0427083 0.0490741 0.354152
9 0.973698 0.738426 0.0109375 0.0527778 0.433273
2 0.209635 0.284259 0.0359375 0.0759259 0.541628
5 0.442448 0.218056 0.122396 0.108333 0.56083
0 0.882812 0.741667 0.0177083 0.0666667 0.564407
2 0.511458 0.55787 0.0895833 0.150926 0.590838
2 0.507812 0.210185 0.0333333 0.0425926 0.631225
2 0.395052 0.295833 0.0515625 0.0564815 0.712162
2 0.482812 0.280556 0.034375 0.05 0.739884
2 0.389583 0.390741 0.0354167 0.0740741 0.75972
2 0.409896 0.444907 0.0395833 0.0731481 0.774979
2 0.857813 0.817593 0.117708 0.174074 0.842603
2 0.42526 0.331944 0.0494792 0.0583333 0.845344
7 0.692708 0.783796 0.202083 0.352778 0.901431
