5 0.440365 0.269444 0.0526042 0.0759259 0.256152
0 0.910677 0.454167 0.0130208 0.0564815 0.257892
0 0.928906 0.965741 0.0171875 0.0666667 0.268048
7 0.95026 0.296759 0.0994792 0.593518 0.297284
2 0.482292 0.228241 0.0354167 0.0416667 0.301849
9 0.973698 0.737963 0.0119792 0.0537037 0.311653
0 0.0875 0.510648 0.025 0.062037 0.315331
5 0.47526 0.199074 0.0588542 0.0685185 0.363334
2 0.841927 0.102778 0.0161458 0.0277778 0.390807
0 0.888021 0.734259 0.0166667 0.0648148 0.535194
0 0.904688 0.745833 0.0177083 0.087963 0.544701
5 0.422135 0.235185 0.0807292 0.101852 0.557259
2 0.367448 0.333333 0.0651042 0.0851852 0.765632
2 0.442708 0.278704 0.0458333 0.0592593 0.795733
2 0.349479 0.725463 0.0864583 0.165741 0.827292
2 0.115625 0.581481 0.0645833 0.0925926 0.860626
