9 0.973958 0.738889 0.0125 0.0537037 0.279098
0 0.922396 0.727778 0.01875 0.0740741 0.308671
7 0.556771 0.608333 0.104167 0.162963 0.309316
0 0.973437 0.739352 0.0125 0.0527778 0.330421
7 0.953646 0.908333 0.0927083 0.159259 0.352046
2 0.839583 0.115278 0.0145833 0.037963 0.354608
0 0.93125 0.7375 0.01875 0.062037 0.377278
7 0.665885 0.25463 0.0619792 0.0851852 0.405769
2 0.209635 0.280093 0.0369792 0.0805556 0.463001
2 0.45026 0.258333 0.0401042 0.0444444 0.505807
0 0.882031 0.746296 0.0182292 0.0759259 0.508029
5 0.440885 0.219444 0.121354 0.109259 0.576049
2 0.953385 0.910648 0.0932292 0.163889 0.582069
2 0.499219 0.216204 0.0328125 0.037963 0.615813
2 0.557292 0.610185 0.103125 0.164815 0.618445
2 0.477344 0.298148 0.0317708 0.0537037 0.663563
2 0.395573 0.295833 0.0494792 0.0564815 0.709089
2 0.414844 0.452315 0.0473958 0.0731481 0.756398
2 0.389583 0.393519 0.034375 0.0685185 0.803216
2 0.422656 0.336111 0.0494792 0.0592593 0.859941
7 0.766667 0.831944 0.215625 0.330556 0.869427
