0 0.916667 0.741667 0.0208333 0.0666667 0.251358
2 0.838542 0.118981 0.015625 0.0305556 0.310458
3 0.546875 0.537037 0.0291667 0.0648148 0.318076
2 0.601562 0.1875 0.0270833 0.0342593 0.319965
7 0.665365 0.260185 0.0619792 0.0962963 0.323853
0 0.938542 0.791667 0.0229167 0.0740741 0.361813
9 0.973958 0.738426 0.0114583 0.0527778 0.399024
2 0.464844 0.403241 0.0359375 0.0694444 0.406775
2 0.490104 0.270833 0.0395833 0.0472222 0.4138
2 0.295833 0.367593 0.071875 0.103704 0.421991
2 0.464323 0.349537 0.0359375 0.0638889 0.424293
2 0.533333 0.236111 0.0385417 0.0407407 0.441796
7 0.296354 0.366667 0.071875 0.103704 0.443469
0 0.903906 0.48287 0.00989583 0.0527778 0.475911
7 0.409375 0.380556 0.04375 0.146296 0.672023
2 0.228906 0.880556 0.0880208 0.188889 0.725838
2 0.495052 0.467593 0.0640625 0.0796296 0.743672
2 0.433594 0.476389 0.0515625 0.0898148 0.830348
2 0.438021 0.602315 0.0739583 0.125 0.844892
2 0.384635 0.505556 0.0494792 0.101852 0.866612
2 0.492188 0.553241 0.0822917 0.110185 0.873945
2 0.542448 0.439815 0.0692708 0.0814815 0.875032
