2 0.888542 0.157407 0.025 0.0425926 0.251823
2 0.345573 0.341204 0.0390625 0.0657407 0.262892
0 0.907292 0.369444 0.0104167 0.0555556 0.378295
2 0.0716146 0.631019 0.0588542 0.10463 0.541865
2 0.799219 0.2625 0.0255208 0.0472222 0.609445
0 0.866667 0.869444 0.025 0.101852 0.635198
7 0.594531 0.661574 0.0859375 0.139815 0.641924
2 0.349219 0.725 0.0859375 0.162963 0.827483
7 0.692708 0.638426 0.09375 0.197222 0.858095
2 0.182812 0.511111 0.065625 0.1 0.863
5 0.419271 0.238426 0.133333 0.126852 0.884636
