9 0.973698 0.738426 0.0119792 0.0527778 0.282484
7 0.119531 0.574074 0.0661458 0.105556 0.338242
2 0.592708 0.168056 0.028125 0.0601852 0.411848
25 0.778646 0.985648 0.0572917 0.025 0.454373
7 0.94974 0.295833 0.100521 0.591667 0.478418
7 0.666927 0.497222 0.0598958 0.0981481 0.50634
2 0.666667 0.497222 0.0604167 0.0981481 0.604425
2 0.810156 0.21713 0.0192708 0.037963 0.613673
0 0.873438 0.823611 0.0229167 0.0953704 0.712192
2 0.11875 0.574537 0.0666667 0.106481 0.712816
7 0.738281 0.496759 0.0671875 0.139815 0.783019
2 0.276823 0.386574 0.0536458 0.0638889 0.823766
2 0.35 0.725463 0.0854167 0.165741 0.827395
5 0.402344 0.250926 0.135937 0.138889 0.892933
