9 0.973698 0.7375 0.0130208 0.0546296 0.256669
2 0.457292 0.255556 0.0375 0.0407407 0.310576
7 0.541667 0.494444 0.075 0.109259 0.324761
0 0.926562 0.73287 0.01875 0.0787037 0.355046
0 0.936979 0.795833 0.021875 0.0675926 0.369213
7 0.305729 0.93287 0.1625 0.128704 0.439261
2 0.236458 0.891667 0.0583333 0.0962963 0.460946
2 0.536979 0.224537 0.0416667 0.0472222 0.516675
2 0.209896 0.284259 0.0375 0.0722222 0.52913
2 0.827344 0.159722 0.0151042 0.0268519 0.590441
2 0.5 0.264352 0.04375 0.0472222 0.650661
5 0.44401 0.216204 0.124479 0.106481 0.650777
0 0.881771 0.746296 0.01875 0.0740741 0.651378
2 0.403125 0.421296 0.0333333 0.0740741 0.67068
2 0.440625 0.484259 0.0510417 0.114815 0.691792
2 0.539323 0.493056 0.0786458 0.110185 0.741498
2 0.396354 0.295833 0.0510417 0.0564815 0.752525
2 0.41849 0.337037 0.0463542 0.0611111 0.819662
7 0.369531 0.825 0.154687 0.253704 0.869977
7 0.517187 0.583796 0.1375 0.250926 0.884198
2 0.788281 0.738426 0.117188 0.180556 0.890441
2 0.664062 0.871759 0.133333 0.193519 0.911019
2 0.66849 0.725926 0.109896 0.148148 0.911744
2 0.804948 0.889352 0.128646 0.189815 0.919294
