2 0.403385 0.296296 0.0411458 0.0574074 0.28381
2 0.396875 0.318981 0.0520833 0.0694444 0.30223
2 0.24375 0.294907 0.01875 0.0324074 0.32964
0 0.911719 0.796296 0.0151042 0.062963 0.338227
0 0.448177 0.660648 0.0317708 0.0935185 0.353036
0 0.947396 0.564815 0.0125 0.0666667 0.378803
0 0.92526 0.75787 0.0171875 0.0583333 0.383384
9 0.974479 0.737037 0.0125 0.05 0.413785
0 0.936458 0.798148 0.01875 0.0703704 0.443629
0 0.896875 0.8 0.015625 0.0611111 0.455819
2 0.384375 0.326389 0.0333333 0.0583333 0.481922
0 0.84974 0.823148 0.0140625 0.062963 0.495164
2 0.269531 0.346759 0.0338542 0.0472222 0.504525
2 0.839063 0.109722 0.0166667 0.0268519 0.505219
2 0.480208 0.228241 0.0375 0.0416667 0.561462
5 0.432813 0.224537 0.096875 0.0972222 0.579979
0 0.88724 0.592593 0.0119792 0.0611111 0.660813
2 0.445312 0.280093 0.0479167 0.0657407 0.776043
5 0.203385 0.417593 0.0994792 0.17037 0.844968
2 0.33099 0.685648 0.0755208 0.150926 0.902716
