0 0.848177 0.837963 0.0140625 0.0611111 0.255309
2 0.402604 0.286111 0.0427083 0.0425926 0.263582
9 0.351562 0.353241 0.0145833 0.0453704 0.269837
2 0.397396 0.318056 0.0520833 0.0712963 0.287084
2 0.870833 0.563426 0.0197917 0.0268519 0.309676
0 0.658854 0.3125 0.0135417 0.075 0.311454
0 0.93724 0.802315 0.0161458 0.062037 0.341096
0 0.889323 0.612963 0.0130208 0.0611111 0.365004
9 0.973958 0.736111 0.0125 0.0518519 0.393403
2 0.839323 0.112037 0.0171875 0.0240741 0.421571
0 0.936198 0.539352 0.0119792 0.062037 0.433183
2 0.25 0.305556 0.0208333 0.0314815 0.440762
5 0.441406 0.217593 0.117188 0.0962963 0.479763
0 0.892708 0.827315 0.015625 0.0638889 0.487239
2 0.386458 0.328241 0.034375 0.0546296 0.491992
2 0.48099 0.230093 0.0359375 0.0435185 0.574694
2 0.270573 0.361574 0.0276042 0.0583333 0.72317
2 0.444792 0.280556 0.0458333 0.0555556 0.762478
2 0.341927 0.70787 0.0817708 0.156481 0.867588
5 0.177344 0.45 0.128646 0.198148 0.880441
