7 0.229948 0.319444 0.0505208 0.0944444 0.26091
3 0.73099 0.726389 0.0442708 0.0694444 0.267504
0 0.352865 0.353704 0.0119792 0.0407407 0.302294
2 0.464583 0.402778 0.0364583 0.0759259 0.306151
9 0.973958 0.739352 0.0114583 0.0527778 0.342999
2 0.572656 0.198148 0.0234375 0.0351852 0.370908
2 0.464063 0.352778 0.0364583 0.0740741 0.394314
2 0.488021 0.27037 0.0427083 0.0444444 0.39717
2 0.532292 0.256481 0.0395833 0.0537037 0.407994
0 0.9375 0.793519 0.0208333 0.0703704 0.412708
7 0.663021 0.251852 0.059375 0.0796296 0.418066
0 0.884115 0.501389 0.0109375 0.0564815 0.421013
0 0.928646 0.743056 0.0145833 0.0657407 0.440853
0 0.911719 0.74537 0.0151042 0.0648148 0.465042
0 0.904167 0.481944 0.0104167 0.0546296 0.488717
2 0.229167 0.882407 0.0895833 0.190741 0.701905
7 0.409635 0.379167 0.0442708 0.147222 0.731511
2 0.433594 0.476852 0.0526042 0.087037 0.821388
2 0.503906 0.475463 0.0703125 0.102778 0.857637
2 0.44349 0.607407 0.0755208 0.118519 0.859127
2 0.49349 0.55463 0.0786458 0.111111 0.877251
2 0.542969 0.440741 0.0692708 0.0814815 0.881406
2 0.384375 0.506019 0.05 0.100926 0.889625
