7 0.438542 0.480093 0.0520833 0.117593 0.252139
2 0.272135 0.855556 0.203646 0.288889 0.265832
9 0.973698 0.7375 0.0130208 0.0546296 0.272059
0 0.927865 0.737963 0.0182292 0.0666667 0.304157
7 0.273958 0.853241 0.208333 0.289815 0.328914
2 0.542708 0.223148 0.0385417 0.0388889 0.345517
2 0.209896 0.284259 0.0375 0.0722222 0.492325
2 0.507552 0.257407 0.0463542 0.0481481 0.532474
2 0.825781 0.164352 0.0171875 0.0287037 0.58322
5 0.273177 0.85463 0.206771 0.290741 0.588432
2 0.4375 0.47963 0.0520833 0.116667 0.593141
0 0.882031 0.745833 0.0182292 0.075 0.599689
5 0.442448 0.217593 0.124479 0.109259 0.657733
2 0.396615 0.295833 0.0515625 0.0564815 0.689939
2 0.965625 0.926852 0.06875 0.138889 0.695197
2 0.529427 0.478704 0.0651042 0.0925926 0.730076
2 0.402344 0.40787 0.0348958 0.075 0.775117
7 0.334115 0.735648 0.105729 0.215741 0.793466
2 0.433073 0.321759 0.0463542 0.0583333 0.821287
2 0.727083 0.678704 0.114583 0.164815 0.889258
7 0.517187 0.583333 0.138542 0.25 0.898929
2 0.668229 0.725926 0.109375 0.148148 0.909955
2 0.795833 0.880093 0.130208 0.191667 0.913354
2 0.661458 0.868519 0.13125 0.190741 0.916121
