0 0.928646 0.743519 0.0145833 0.062963 0.292365
2 0.83776 0.118519 0.0161458 0.0296296 0.310054
0 0.916667 0.738889 0.021875 0.0740741 0.317
7 0.664844 0.258796 0.0609375 0.0935185 0.317271
0 0.938542 0.791204 0.0229167 0.075 0.36942
2 0.596875 0.191667 0.0229167 0.0333333 0.369591
3 0.551302 0.545833 0.0296875 0.0638889 0.383683
9 0.973958 0.738426 0.0114583 0.0527778 0.40559
2 0.532031 0.237037 0.0369792 0.0388889 0.407714
2 0.489844 0.270833 0.0401042 0.0472222 0.427549
0 0.904688 0.483333 0.0104167 0.0518519 0.428097
2 0.464844 0.402315 0.0359375 0.0694444 0.430491
2 0.464323 0.349537 0.0359375 0.0638889 0.450575
7 0.282813 0.381481 0.08125 0.114815 0.556337
7 0.409375 0.380556 0.04375 0.146296 0.682205
2 0.228906 0.881944 0.0880208 0.187963 0.732095
2 0.495313 0.467593 0.0645833 0.0777778 0.765069
2 0.433333 0.475926 0.0520833 0.0888889 0.833729
2 0.438021 0.602315 0.0739583 0.125 0.848716
2 0.384896 0.505556 0.05 0.101852 0.866808
2 0.491146 0.553241 0.0802083 0.110185 0.875685
2 0.542448 0.440278 0.0703125 0.0805556 0.883495
