2 0.315104 0.361574 0.0291667 0.0435185 0.259436
0 0.907031 0.368056 0.00989583 0.0546296 0.327421
2 0.0872396 0.588426 0.0484375 0.0731481 0.390444
0 0.867708 0.865278 0.025 0.0990741 0.473669
2 0.0619792 0.637963 0.0552083 0.0981481 0.564828
2 0.802604 0.252315 0.025 0.0453704 0.649393
2 0.609896 0.628241 0.08125 0.132407 0.710591
7 0.701563 0.606481 0.0854167 0.175926 0.72732
2 0.349219 0.725 0.0859375 0.162963 0.825512
2 0.171094 0.522222 0.0661458 0.101852 0.890048
5 0.417708 0.239815 0.133333 0.12963 0.895614
