0 0.898698 0.92963 0.0203125 0.0722222 0.279095
7 0.95026 0.298148 0.0994792 0.596296 0.283061
2 0.25599 0.31713 0.0223958 0.0342593 0.315419
0 0.856771 0.986111 0.0302083 0.0259259 0.351593
0 0.878125 0.931944 0.0145833 0.0601852 0.372728
0 0.90651 0.400463 0.00989583 0.0490741 0.438266
0 0.0877604 0.516204 0.0255208 0.0712963 0.445316
2 0.310156 0.388889 0.0526042 0.0777778 0.581278
2 0.438021 0.259722 0.0385417 0.0490741 0.581355
2 0.349219 0.724074 0.0848958 0.166667 0.791592
2 0.222135 0.475926 0.0692708 0.103704 0.80062
5 0.443229 0.219444 0.121875 0.118519 0.822553
2 0.73724 0.487037 0.0536458 0.0907407 0.828313
2 0.109375 0.542593 0.0625 0.0925926 0.846869
