2 0.461719 0.296759 0.0421875 0.0509259 0.255126
2 0.491927 0.268519 0.0338542 0.0425926 0.270724
0 0.0875 0.510648 0.0239583 0.0638889 0.29503
2 0.560417 0.208333 0.03125 0.0351852 0.297698
2 0.270052 0.347685 0.0223958 0.0527778 0.303487
2 0.414323 0.422685 0.0505208 0.125 0.303851
2 0.840104 0.100926 0.0177083 0.0277778 0.326172
0 0.959115 0.816204 0.0223958 0.0657407 0.373083
9 0.973698 0.738426 0.0119792 0.0527778 0.384613
5 0.221615 0.303241 0.0505208 0.0953704 0.420962
0 0.914062 0.733796 0.0177083 0.0768519 0.449058
0 0.886198 0.619907 0.0151042 0.0638889 0.476066
0 0.897135 0.461574 0.00989583 0.0453704 0.476343
0 0.9375 0.793981 0.0197917 0.0694444 0.516812
7 0.414323 0.42037 0.0515625 0.131481 0.541887
7 0.815104 0.944907 0.0989583 0.10463 0.561126
2 0.529948 0.237963 0.0390625 0.0388889 0.583889
0 0.929427 0.741667 0.0151042 0.0722222 0.585909
2 0.469271 0.405556 0.0385417 0.0851852 0.681464
2 0.486979 0.328241 0.0375 0.0657407 0.76363
2 0.498177 0.468056 0.0588542 0.0824074 0.763731
5 0.521094 0.176389 0.0984375 0.0953704 0.782212
2 0.740885 0.409722 0.0567708 0.0694444 0.78818
2 0.595312 0.571296 0.096875 0.138889 0.830912
5 0.221875 0.44537 0.0625 0.190741 0.835044
2 0.651042 0.718518 0.115625 0.155556 0.868221
2 0.478385 0.531482 0.0692708 0.101852 0.896423
2 0.476042 0.650926 0.0875 0.138889 0.900889
