5 0.410417 0.387037 0.0427083 0.153704 0.276619
2 0.561458 0.20787 0.03125 0.037963 0.287949
7 0.241927 0.385648 0.0432292 0.0953704 0.297219
0 0.903385 0.480556 0.00989583 0.0555556 0.321252
0 0.928906 0.742593 0.0130208 0.0685185 0.364744
0 0.973958 0.738889 0.0114583 0.0518519 0.379046
9 0.973958 0.738426 0.0114583 0.0527778 0.393006
0 0.936979 0.793519 0.0197917 0.0685185 0.429066
0 0.886458 0.569907 0.0125 0.0657407 0.432025
7 0.670052 0.263426 0.0682292 0.102778 0.44463
2 0.530729 0.237037 0.0375 0.0388889 0.489966
2 0.461979 0.371759 0.0333333 0.075 0.540289
2 0.500521 0.303704 0.040625 0.0574074 0.553696
5 0.210417 0.278704 0.053125 0.0944444 0.569208
2 0.640365 0.825 0.125521 0.17037 0.580024
7 0.410417 0.385185 0.04375 0.153704 0.704758
2 0.476042 0.434259 0.0489583 0.0814815 0.77176
2 0.448438 0.497222 0.059375 0.0981481 0.823631
2 0.538542 0.505093 0.0854167 0.123148 0.826062
2 0.414323 0.561111 0.0651042 0.114815 0.854316
2 0.623698 0.460648 0.0880208 0.0768519 0.856813
2 0.553646 0.617593 0.0947917 0.127778 0.913644
