9 0.351562 0.353241 0.0145833 0.0453704 0.267284
2 0.397396 0.318056 0.0520833 0.0712963 0.269201
2 0.402344 0.286111 0.0421875 0.0425926 0.26996
2 0.870833 0.563426 0.0197917 0.0268519 0.308849
0 0.658854 0.3125 0.0135417 0.075 0.312812
0 0.889323 0.610648 0.0130208 0.0601852 0.314765
0 0.936719 0.801852 0.0151042 0.0611111 0.347304
9 0.974219 0.735648 0.0119792 0.0509259 0.395709
0 0.915625 0.762037 0.0145833 0.0611111 0.420158
2 0.839063 0.112037 0.0166667 0.0240741 0.43112
0 0.848958 0.836574 0.015625 0.0712963 0.453736
0 0.89375 0.824074 0.0166667 0.0703704 0.464774
5 0.436979 0.219444 0.108333 0.0925926 0.47078
2 0.24974 0.30463 0.0203125 0.0314815 0.471358
2 0.385938 0.328704 0.0333333 0.0537037 0.494929
2 0.48099 0.22963 0.0359375 0.0425926 0.578057
2 0.270573 0.359259 0.0286458 0.0537037 0.676039
2 0.444792 0.280556 0.0458333 0.0555556 0.762466
2 0.340625 0.705556 0.0802083 0.153704 0.884701
5 0.182552 0.44537 0.128646 0.192593 0.892816
