2 0.840104 0.108333 0.015625 0.0277778 0.267436
7 0.665625 0.256481 0.0625 0.0888889 0.272323
0 0.973698 0.7375 0.0119792 0.0527778 0.275018
2 0.221094 0.303241 0.0421875 0.0787037 0.279327
9 0.973958 0.737037 0.0125 0.0537037 0.283815
0 0.933073 0.647222 0.0140625 0.0592593 0.351987
0 0.890885 0.462963 0.00989583 0.0481481 0.361498
0 0.0877604 0.510648 0.0255208 0.062037 0.36883
0 0.0552083 0.722222 0.0135417 0.0611111 0.387977
2 0.451042 0.256944 0.0458333 0.0472222 0.390887
0 0.876302 0.753241 0.0140625 0.0694444 0.476026
2 0.486719 0.237963 0.0484375 0.0555556 0.486286
2 0.859115 0.9375 0.131771 0.119444 0.559905
5 0.219531 0.302315 0.0453125 0.0805556 0.593534
2 0.398438 0.314815 0.05625 0.0796296 0.628193
2 0.271094 0.333796 0.0255208 0.0416667 0.658761
2 0.924219 0.891204 0.107813 0.167593 0.681546
5 0.442187 0.218056 0.122917 0.106481 0.687697
2 0.476562 0.566204 0.084375 0.126852 0.877096
2 0.680208 0.789815 0.120833 0.166667 0.908224
