2 0.840104 0.109722 0.0145833 0.0268519 0.262001
0 0.0867188 0.5125 0.0234375 0.062037 0.269603
0 0.448177 0.656018 0.0328125 0.0842593 0.271949
2 0.500781 0.228241 0.0390625 0.0601852 0.272237
7 0.663802 0.252778 0.0567708 0.0814815 0.311778
9 0.974219 0.738889 0.0130208 0.0537037 0.314784
5 0.429167 0.218056 0.0916667 0.0898148 0.333765
2 0.450781 0.259722 0.0432292 0.0453704 0.342724
0 0.922656 0.725 0.0213542 0.0759259 0.3485
2 0.210938 0.283796 0.0375 0.0731481 0.455632
0 0.881771 0.745833 0.0177083 0.0712963 0.473638
0 0.936458 0.795833 0.0239583 0.075 0.493828
0 0.899219 0.552315 0.0130208 0.0675926 0.50572
2 0.567187 0.674074 0.096875 0.122222 0.587052
7 0.866146 0.907407 0.14375 0.17963 0.594689
2 0.395573 0.296296 0.0494792 0.0555556 0.747528
2 0.391146 0.402778 0.0375 0.0777778 0.804929
2 0.573958 0.552315 0.075 0.112037 0.826234
2 0.457031 0.537963 0.0713542 0.107407 0.834249
