7 0.219271 0.3 0.04375 0.0796296 0.2817
0 0.929688 0.638889 0.0145833 0.0574074 0.28196
5 0.219271 0.300926 0.04375 0.0796296 0.282633
0 0.0557292 0.716667 0.0125 0.0592593 0.282975
0 0.973698 0.737963 0.0119792 0.0537037 0.292628
2 0.448698 0.256481 0.0432292 0.0481481 0.303323
2 0.839583 0.109259 0.015625 0.0259259 0.308532
9 0.973958 0.7375 0.0125 0.0527778 0.319308
2 0.219271 0.299537 0.0447917 0.0787037 0.332736
7 0.665104 0.255556 0.0604167 0.087037 0.334379
0 0.890885 0.461111 0.00989583 0.05 0.346476
0 0.876562 0.752778 0.0145833 0.0703704 0.416244
2 0.399219 0.312037 0.0567708 0.0722222 0.529108
2 0.851302 0.9375 0.138021 0.123148 0.547415
2 0.489323 0.234722 0.0494792 0.0527778 0.582533
5 0.441667 0.219907 0.122917 0.110185 0.607421
2 0.269271 0.328241 0.0260417 0.037963 0.684932
2 0.906771 0.876852 0.110417 0.164815 0.844581
2 0.467708 0.55787 0.0822917 0.119444 0.891414
2 0.665104 0.776852 0.120833 0.166667 0.89832
