0 0.913281 0.736574 0.0171875 0.0583333 0.252771
0 0.898698 0.390741 0.00989583 0.0481481 0.265049
2 0.842188 0.102778 0.0135417 0.0259259 0.363268
2 0.427865 0.271759 0.0411458 0.0472222 0.364916
2 0.209635 0.284259 0.0359375 0.0703704 0.383358
9 0.973958 0.737963 0.0125 0.0537037 0.395218
0 0.940104 0.793519 0.0239583 0.0703704 0.418739
5 0.273438 0.460185 0.0416667 0.118519 0.473968
0 0.88099 0.74537 0.0192708 0.0740741 0.498458
7 0.273438 0.460185 0.0416667 0.116667 0.508702
2 0.559896 0.209722 0.0291667 0.037963 0.520618
0 0.929167 0.741667 0.0177083 0.0740741 0.544681
5 0.45026 0.210185 0.111979 0.0981481 0.581212
2 0.527865 0.239352 0.0411458 0.0453704 0.587853
2 0.816667 0.203241 0.01875 0.0342593 0.612906
2 0.424219 0.343056 0.0411458 0.0546296 0.666204
7 0.41849 0.434722 0.0411458 0.106481 0.674529
2 0.482812 0.277315 0.040625 0.0453704 0.710451
2 0.488021 0.416204 0.04375 0.0861111 0.721476
2 0.691146 0.650926 0.0947917 0.127778 0.800818
5 0.185677 0.543519 0.0838542 0.255556 0.852654
7 0.483854 0.543056 0.119792 0.236111 0.859318
2 0.553646 0.513426 0.084375 0.123148 0.882901
2 0.659375 0.720833 0.107292 0.149074 0.897862
2 0.632552 0.846296 0.133854 0.190741 0.912075
2 0.792448 0.877778 0.130729 0.190741 0.913557
