5 0.207292 0.268981 0.0489583 0.0768519 0.254247
9 0.410417 0.380556 0.0427083 0.144444 0.256552
2 0.490885 0.270833 0.0348958 0.0398148 0.266802
0 0.903906 0.484259 0.00989583 0.0537037 0.321307
0 0.9375 0.793519 0.0197917 0.0703704 0.421604
2 0.530208 0.236111 0.0354167 0.037037 0.423857
2 0.563542 0.206019 0.0302083 0.0361111 0.459637
2 0.46276 0.357407 0.0348958 0.0759259 0.470577
0 0.886198 0.531018 0.0109375 0.0564815 0.477022
9 0.974219 0.737963 0.0119792 0.0518519 0.481583
7 0.410417 0.380093 0.04375 0.147222 0.48617
2 0.511979 0.287963 0.0395833 0.0555556 0.503169
0 0.913802 0.736574 0.0161458 0.0805556 0.527981
5 0.234896 0.338426 0.053125 0.100926 0.545782
0 0.929167 0.743056 0.015625 0.0712963 0.55167
5 0.410677 0.380093 0.0442708 0.147222 0.638521
2 0.252604 0.916204 0.103125 0.162037 0.686569
2 0.467187 0.410648 0.0395833 0.0768519 0.688407
2 0.390365 0.51713 0.0557292 0.102778 0.830129
2 0.438021 0.485648 0.05625 0.0898148 0.84881
2 0.517708 0.482407 0.0760417 0.101852 0.85716
2 0.509635 0.690278 0.0901042 0.139815 0.857229
2 0.558594 0.448148 0.0744792 0.0851852 0.859095
2 0.508073 0.571296 0.0838542 0.114815 0.896085
