7 0.667969 0.257407 0.0651042 0.0907407 0.277443
7 0.211979 0.2875 0.0395833 0.0787037 0.312952
0 0.892708 0.431019 0.0104167 0.0416667 0.344496
0 0.921875 0.722685 0.0125 0.0527778 0.387473
0 0.973437 0.738889 0.0125 0.0518519 0.399633
0 0.908594 0.580556 0.0151042 0.062963 0.407767
5 0.211979 0.2875 0.0395833 0.0787037 0.42077
0 0.0580729 0.680556 0.0130208 0.0481481 0.443676
2 0.839583 0.10787 0.015625 0.0287037 0.468827
0 0.882031 0.744907 0.0171875 0.0712963 0.496726
7 0.94349 0.946296 0.106771 0.101852 0.519937
0 0.936458 0.797222 0.0229167 0.0685185 0.541207
2 0.457292 0.265741 0.0510417 0.0574074 0.637846
2 0.55625 0.189352 0.03125 0.0398148 0.688127
5 0.44349 0.21713 0.122396 0.108333 0.7226
2 0.394792 0.294907 0.0489583 0.0564815 0.763423
2 0.397917 0.443519 0.040625 0.0833333 0.829136
2 0.509375 0.606019 0.0854167 0.123148 0.87165
2 0.672656 0.652315 0.0963542 0.134259 0.875118
2 0.651302 0.756944 0.117188 0.156481 0.910107
