2 0.838021 0.122222 0.015625 0.0296296 0.254427
9 0.0598958 0.606019 0.0135417 0.0435185 0.27053
7 0.663021 0.252778 0.05625 0.0814815 0.28201
0 0.922135 0.732407 0.0192708 0.0685185 0.326997
0 0.929948 0.736574 0.0203125 0.0638889 0.351641
9 0.973698 0.737963 0.0119792 0.0537037 0.384189
2 0.209896 0.283333 0.0364583 0.0777778 0.397372
2 0.45 0.257407 0.0416667 0.05 0.477879
5 0.441667 0.219444 0.120833 0.109259 0.490961
0 0.882552 0.746296 0.0182292 0.0777778 0.545751
2 0.538542 0.585648 0.096875 0.158333 0.593106
2 0.502344 0.2125 0.0348958 0.0416667 0.594758
2 0.395573 0.296759 0.0505208 0.0583333 0.683795
2 0.479167 0.291204 0.03125 0.0509259 0.735936
2 0.920313 0.878704 0.119792 0.185185 0.779673
2 0.389323 0.390741 0.0338542 0.0722222 0.781333
2 0.411719 0.449537 0.0432292 0.0731481 0.784438
2 0.423438 0.334722 0.05 0.0601852 0.853774
7 0.736198 0.819444 0.208854 0.353704 0.924612
