0 0.0867188 0.511111 0.0244792 0.0611111 0.259141
7 0.667969 0.259259 0.0682292 0.0962963 0.259187
0 0.911198 0.815741 0.0161458 0.062963 0.2612
2 0.402344 0.286111 0.0421875 0.0425926 0.263572
2 0.397396 0.318056 0.0520833 0.0712963 0.270673
9 0.351562 0.353241 0.0145833 0.0453704 0.277066
0 0.889323 0.608333 0.0130208 0.0555556 0.297475
9 0.847135 0.843982 0.0130208 0.0601852 0.300716
2 0.870833 0.563426 0.0197917 0.0268519 0.31244
0 0.658854 0.3125 0.0135417 0.075 0.314525
0 0.93724 0.799537 0.0171875 0.0657407 0.373617
0 0.915104 0.761574 0.0135417 0.0583333 0.393558
9 0.974219 0.735648 0.0119792 0.0509259 0.411748
2 0.839063 0.112037 0.0166667 0.0240741 0.420002
2 0.24974 0.304167 0.0203125 0.0324074 0.45231
5 0.436719 0.219444 0.107813 0.0925926 0.468723
0 0.892969 0.828241 0.0151042 0.0694444 0.492758
2 0.386198 0.328704 0.0338542 0.0537037 0.493149
2 0.48099 0.22963 0.0359375 0.0425926 0.562372
2 0.270052 0.359722 0.0276042 0.0564815 0.725122
2 0.444792 0.280556 0.0458333 0.0555556 0.75909
2 0.341406 0.707407 0.0828125 0.157407 0.871193
5 0.182552 0.446296 0.128646 0.196296 0.895477
