2 0.0078125 0.983333 0.015625 0.0314815 0.250108
9 0.973698 0.7375 0.0130208 0.0546296 0.277121
7 0.271615 0.853704 0.199479 0.292593 0.298344
0 0.922396 0.732407 0.0229167 0.0703704 0.302036
2 0.542708 0.223148 0.0375 0.0388889 0.355181
5 0.273438 0.85463 0.204167 0.290741 0.439214
2 0.272135 0.855093 0.201562 0.289815 0.486075
2 0.209635 0.284259 0.0380208 0.0722222 0.498002
2 0.4375 0.479167 0.0520833 0.113889 0.520934
2 0.508073 0.258333 0.0463542 0.0444444 0.559558
2 0.9625 0.925 0.075 0.142593 0.589604
2 0.825781 0.164815 0.0171875 0.0296296 0.596574
0 0.882031 0.74537 0.0182292 0.0759259 0.599435
2 0.396875 0.29537 0.0510417 0.0555556 0.672712
2 0.403125 0.407407 0.0375 0.0777778 0.73251
5 0.442708 0.218056 0.123958 0.110185 0.741158
2 0.527604 0.477315 0.0666667 0.0861111 0.763716
7 0.332292 0.729167 0.103125 0.213889 0.78494
2 0.435156 0.319907 0.0453125 0.0564815 0.823434
7 0.517448 0.583333 0.138021 0.25 0.891668
2 0.722917 0.673611 0.11875 0.165741 0.90051
2 0.796094 0.879167 0.130729 0.193519 0.912352
2 0.667708 0.725926 0.109375 0.148148 0.913739
2 0.661198 0.868519 0.130729 0.190741 0.917873
