2 0.844531 0.0981481 0.0161458 0.0259259 0.318252
0 0.88099 0.830556 0.0192708 0.0666667 0.333542
0 0.904688 0.815741 0.0145833 0.0388889 0.348019
9 0.974219 0.7375 0.0119792 0.0527778 0.388598
2 0.294271 0.409722 0.0510417 0.0657407 0.406231
0 0.447917 0.657407 0.0322917 0.0888889 0.416417
7 0.95026 0.297222 0.0994792 0.594444 0.418888
5 0.442187 0.221296 0.120833 0.111111 0.576233
2 0.469531 0.2375 0.0369792 0.0416667 0.707016
2 0.260156 0.406944 0.0609375 0.075 0.81553
2 0.578125 0.912963 0.11875 0.17037 0.82672
2 0.391146 0.321759 0.0510417 0.0638889 0.835428
2 0.349479 0.725926 0.0854167 0.162963 0.854193
