0 0.904688 0.468056 0.0125 0.0675926 0.284771
0 0.936719 0.797222 0.0234375 0.0703704 0.330802
0 0.0617188 0.601389 0.0119792 0.0472222 0.357225
0 0.925521 0.728241 0.021875 0.0842593 0.378279
2 0.450521 0.256944 0.04375 0.0490741 0.395057
9 0.973698 0.738426 0.0109375 0.0527778 0.428596
2 0.209896 0.284722 0.0364583 0.075 0.562941
2 0.510417 0.206944 0.0322917 0.0398148 0.586023
0 0.882031 0.746759 0.0171875 0.0768519 0.628179
2 0.501823 0.546296 0.0890625 0.138889 0.650066
5 0.442448 0.217593 0.122396 0.109259 0.663033
2 0.395052 0.295833 0.0515625 0.0564815 0.7385
2 0.389583 0.390278 0.0354167 0.075 0.764591
2 0.409896 0.443056 0.0395833 0.0731481 0.770645
2 0.484896 0.277778 0.0375 0.0481481 0.778138
2 0.426042 0.331944 0.05 0.0601852 0.856823
7 0.674479 0.760185 0.195833 0.333333 0.893929
2 0.833594 0.791204 0.117188 0.175 0.899282
