5 0.234115 0.331019 0.0536458 0.0990741 0.250686
0 0.904167 0.481944 0.0104167 0.0490741 0.287034
7 0.234115 0.331944 0.0536458 0.0990741 0.295886
0 0.884635 0.522685 0.0119792 0.0601852 0.296963
3 0.879687 0.865278 0.05 0.0805556 0.296981
2 0.490104 0.27037 0.040625 0.0425926 0.300374
2 0.53125 0.235185 0.0354167 0.0351852 0.336399
9 0.973958 0.7375 0.0114583 0.0509259 0.370669
2 0.565625 0.203241 0.0270833 0.0342593 0.372269
0 0.936979 0.795833 0.0177083 0.062037 0.374726
2 0.464063 0.352315 0.0354167 0.0694444 0.413649
0 0.929167 0.737963 0.0135417 0.062963 0.413983
0 0.91224 0.738426 0.0140625 0.0768519 0.464374
7 0.669531 0.263889 0.0703125 0.105556 0.511556
2 0.516927 0.281019 0.0359375 0.0527778 0.593006
7 0.409635 0.379167 0.0442708 0.150926 0.625232
2 0.466146 0.408796 0.0364583 0.0675926 0.6497
2 0.436719 0.480093 0.0536458 0.0953704 0.767626
2 0.511198 0.47963 0.0744792 0.103704 0.820552
2 0.386979 0.510648 0.053125 0.102778 0.825416
2 0.240365 0.904167 0.0942708 0.186111 0.841757
2 0.476823 0.655556 0.0848958 0.138889 0.856289
2 0.550781 0.443981 0.0692708 0.0805556 0.863112
2 0.500521 0.5625 0.0822917 0.115741 0.895305
