2 0.560156 0.208333 0.0296875 0.0388889 0.270856
0 0.448958 0.662963 0.028125 0.1 0.273181
0 0.872396 0.443519 0.0114583 0.0537037 0.282106
0 0.91224 0.742593 0.0151042 0.0555556 0.297603
7 0.664062 0.25787 0.0604167 0.0916667 0.298026
2 0.45599 0.303241 0.0421875 0.0490741 0.33578
9 0.973958 0.737037 0.0125 0.0537037 0.337694
2 0.528646 0.238426 0.0385417 0.037963 0.344613
5 0.228125 0.392593 0.053125 0.151852 0.428115
0 0.938281 0.796296 0.0213542 0.0685185 0.431292
0 0.929427 0.744907 0.0182292 0.0657407 0.468579
2 0.490104 0.27037 0.0416667 0.0444444 0.488497
2 0.799479 0.257407 0.0239583 0.0407407 0.544645
0 0.88125 0.735648 0.0177083 0.0787037 0.55347
7 0.277865 0.354167 0.0338542 0.0805556 0.58239
7 0.227604 0.39213 0.053125 0.150926 0.643099
5 0.271094 0.789815 0.174479 0.388889 0.661956
2 0.480469 0.386111 0.0348958 0.0796296 0.693821
5 0.457292 0.215278 0.117708 0.108333 0.785046
2 0.116667 0.584722 0.0604167 0.0953704 0.800641
2 0.794271 0.747222 0.133333 0.196296 0.862796
2 0.577865 0.547222 0.0776042 0.1 0.866238
2 0.510938 0.47037 0.065625 0.105556 0.873249
7 0.441667 0.480093 0.0895833 0.197222 0.874351
2 0.776563 0.856944 0.129167 0.187963 0.87621
2 0.591927 0.652315 0.0942708 0.132407 0.896938
2 0.617188 0.823148 0.125 0.17963 0.90504
