7 0.666667 0.260185 0.0645833 0.0981481 0.253552
0 0.905729 0.388426 0.0104167 0.0527778 0.266004
0 0.898438 0.97037 0.01875 0.0407407 0.281165
2 0.0265625 0.619907 0.0489583 0.0694444 0.310241
2 0.238281 0.431019 0.0421875 0.0694444 0.332275
0 0.876042 0.976852 0.0177083 0.0444444 0.346937
2 0.558073 0.939352 0.145313 0.115741 0.43372
9 0.974219 0.7375 0.0119792 0.0527778 0.457362
7 0.95 0.297222 0.1 0.590741 0.594415
2 0.413542 0.282407 0.04375 0.05 0.643961
2 0.270052 0.425463 0.0671875 0.0898148 0.673784
5 0.439323 0.222222 0.124479 0.112963 0.752879
2 0.771094 0.37963 0.0411458 0.0685185 0.786743
2 0.174479 0.519907 0.0729167 0.113889 0.825159
2 0.34974 0.725 0.0859375 0.162963 0.826896
