0 0.88724 0.45 0.00989583 0.0444444 0.264082
2 0.839063 0.118056 0.0145833 0.0305556 0.268672
2 0.591667 0.196759 0.0208333 0.0342593 0.28372
9 0.973958 0.744444 0.0114583 0.0481481 0.300059
0 0.658854 0.313426 0.0125 0.075 0.316686
0 0.938542 0.79213 0.0229167 0.075 0.371552
7 0.6625 0.256481 0.059375 0.0907407 0.385341
3 0.560156 0.554167 0.0307292 0.0694444 0.396611
7 0.239844 0.41713 0.0807292 0.125 0.397536
0 0.915365 0.737037 0.0203125 0.0814815 0.418568
0 0.929167 0.738889 0.015625 0.0740741 0.428973
2 0.489844 0.271296 0.0401042 0.0481481 0.436279
0 0.904688 0.483796 0.0104167 0.0527778 0.440475
2 0.464844 0.402315 0.0359375 0.0694444 0.458742
2 0.464583 0.349537 0.0364583 0.0657407 0.487288
5 0.218229 0.297222 0.065625 0.12037 0.49883
2 0.532292 0.236111 0.0395833 0.0407407 0.506914
7 0.409635 0.380556 0.0442708 0.148148 0.642316
5 0.240104 0.416204 0.08125 0.123148 0.665985
2 0.228646 0.882407 0.0875 0.188889 0.731939
2 0.495052 0.466667 0.0661458 0.0944444 0.778452
2 0.433333 0.476389 0.0520833 0.0898148 0.837971
2 0.438021 0.602315 0.0729167 0.125 0.849354
2 0.384375 0.505556 0.05 0.101852 0.873347
2 0.491406 0.553241 0.0786458 0.110185 0.875769
2 0.542448 0.440278 0.0692708 0.0805556 0.881253
