9 0.0609375 0.651852 0.0135417 0.0537037 0.27178
9 0.973698 0.7375 0.0119792 0.0509259 0.285935
0 0.922656 0.722222 0.0161458 0.0685185 0.294342
2 0.840104 0.112037 0.015625 0.0259259 0.299991
0 0.0609375 0.650926 0.0145833 0.0518519 0.32914
2 0.554688 0.191204 0.0354167 0.0490741 0.346928
2 0.210417 0.283333 0.0385417 0.0740741 0.436903
2 0.483854 0.227315 0.0333333 0.037963 0.442981
7 0.757552 0.818056 0.140104 0.212037 0.455813
2 0.757292 0.817593 0.140625 0.212963 0.456138
5 0.440625 0.22037 0.116667 0.101852 0.483516
2 0.450521 0.258796 0.040625 0.0435185 0.553041
0 0.895573 0.512963 0.0130208 0.0592593 0.576737
0 0.881771 0.746759 0.0177083 0.0712963 0.595183
2 0.395573 0.297222 0.0494792 0.0555556 0.729408
2 0.405469 0.360648 0.0463542 0.0675926 0.795698
2 0.492448 0.439815 0.0473958 0.0814815 0.840092
2 0.482552 0.566204 0.0734375 0.121296 0.857449
2 0.409375 0.466667 0.05 0.0907407 0.8634
