7 0.667448 0.257407 0.0640625 0.0907407 0.274867
0 0.892969 0.42963 0.00989583 0.0425926 0.359005
5 0.21224 0.287963 0.0401042 0.0777778 0.360945
2 0.21224 0.287963 0.0401042 0.0796296 0.374594
0 0.922396 0.722222 0.0125 0.0518519 0.380592
0 0.973437 0.738889 0.0125 0.0518519 0.392892
0 0.0583333 0.681019 0.0125 0.0490741 0.404772
2 0.839583 0.10787 0.015625 0.0287037 0.468689
0 0.881771 0.744907 0.0166667 0.0712963 0.484385
0 0.907552 0.579167 0.0140625 0.0638889 0.488092
7 0.940885 0.943519 0.113021 0.107407 0.505478
2 0.461979 0.264815 0.0479167 0.0555556 0.527939
0 0.936458 0.797222 0.0229167 0.0685185 0.530803
2 0.557031 0.188889 0.0296875 0.0388889 0.663006
5 0.44349 0.21713 0.122396 0.108333 0.692583
2 0.395052 0.294907 0.0484375 0.0564815 0.760034
2 0.397135 0.44213 0.0401042 0.0824074 0.846406
2 0.666667 0.649074 0.0947917 0.135185 0.860859
2 0.507812 0.60463 0.084375 0.12037 0.874821
2 0.648958 0.753241 0.117708 0.156481 0.905141
