0 0.892969 0.477778 0.0109375 0.0555556 0.258242
0 0.921875 0.726389 0.0177083 0.0694444 0.276531
0 0.973698 0.739352 0.0119792 0.0527778 0.307031
0 0.938021 0.798611 0.0239583 0.0694444 0.324753
0 0.942969 0.674537 0.0130208 0.0564815 0.329407
2 0.951302 0.975926 0.0869792 0.0444444 0.349122
2 0.839844 0.108796 0.0161458 0.0287037 0.399157
5 0.442969 0.21713 0.123438 0.106481 0.499947
0 0.874219 0.765741 0.0161458 0.0666667 0.545131
7 0.223698 0.307407 0.0494792 0.0907407 0.566469
2 0.396354 0.318519 0.0541667 0.0722222 0.591972
2 0.472396 0.253241 0.0458333 0.0638889 0.616457
2 0.276302 0.354167 0.0276042 0.0527778 0.631778
2 0.98151 0.941667 0.0369792 0.107407 0.748918
2 0.536719 0.636574 0.0994792 0.136111 0.883582
2 0.764323 0.874074 0.126563 0.185185 0.913462
