0 0.973437 0.738889 0.0125 0.0518519 0.266309
0 0.896094 0.589352 0.0223958 0.0694444 0.267469
9 0.973437 0.738426 0.0125 0.0527778 0.295192
2 0.240104 0.285185 0.01875 0.0296296 0.310057
0 0.935417 0.747685 0.0125 0.0435185 0.330601
2 0.840625 0.106944 0.015625 0.0305556 0.334453
0 0.448177 0.661574 0.0276042 0.0898148 0.350704
0 0.935938 0.796759 0.0197917 0.0694444 0.385133
0 0.902865 0.59213 0.0151042 0.0712963 0.42498
0 0.915365 0.780556 0.0192708 0.0648148 0.425198
2 0.481771 0.229167 0.0364583 0.0435185 0.426718
2 0.946615 0.981019 0.0838542 0.0342593 0.452589
2 0.26901 0.336574 0.0286458 0.0416667 0.465948
5 0.429167 0.226852 0.0916667 0.103704 0.519193
0 0.888021 0.582407 0.0125 0.062963 0.54448
0 0.84974 0.825 0.0130208 0.0574074 0.559736
0 0.899479 0.781018 0.015625 0.0731481 0.582805
2 0.395573 0.320833 0.0557292 0.0675926 0.600452
2 0.445312 0.27963 0.046875 0.0611111 0.721325
5 0.219792 0.396759 0.0791667 0.156481 0.798744
2 0.322135 0.666204 0.0734375 0.147222 0.879108
