9 0.0539063 0.728704 0.0109375 0.0462963 0.251021
0 0.923177 0.722222 0.0161458 0.062963 0.25372
0 0.891667 0.486574 0.0104167 0.0490741 0.279316
0 0.946354 0.689815 0.015625 0.0537037 0.287227
0 0.959896 0.814815 0.021875 0.062963 0.331462
0 0.973698 0.739815 0.0119792 0.0518519 0.381064
0 0.870833 0.770833 0.0166667 0.0657407 0.397972
2 0.278646 0.371296 0.0302083 0.0555556 0.424986
0 0.938281 0.798611 0.0244792 0.0694444 0.459228
2 0.839844 0.109722 0.0161458 0.0268519 0.460517
2 0.225781 0.311574 0.0505208 0.0898148 0.496395
5 0.441146 0.22037 0.120833 0.105556 0.534249
2 0.461979 0.260185 0.046875 0.0537037 0.545792
7 0.226042 0.311574 0.05 0.0898148 0.552743
2 0.396354 0.316204 0.0541667 0.0787037 0.717635
2 0.570833 0.674537 0.107292 0.147222 0.867828
2 0.807813 0.908333 0.13125 0.172222 0.91426
