0 0.0276042 0.986111 0.0125 0.0259259 0.260568
7 0.952344 0.298611 0.0942708 0.59537 0.26235
5 0.210156 0.284259 0.0369792 0.0722222 0.262828
2 0.842708 0.101389 0.0145833 0.0287037 0.298196
9 0.351562 0.351852 0.0135417 0.0407407 0.333984
2 0.209896 0.283796 0.0375 0.0712963 0.35853
0 0.928906 0.74213 0.0140625 0.0638889 0.374261
7 0.664323 0.253704 0.0609375 0.0833333 0.420611
9 0.974479 0.738426 0.0114583 0.0527778 0.460524
2 0.517448 0.247222 0.0390625 0.0462963 0.460746
2 0.554167 0.214352 0.03125 0.0398148 0.477446
0 0.934635 0.798611 0.0192708 0.0675926 0.49971
2 0.405469 0.287963 0.0463542 0.0592593 0.520268
7 0.428125 0.456019 0.0510417 0.113889 0.526083
2 0.821354 0.184259 0.0177083 0.0277778 0.527858
5 0.44349 0.215278 0.120312 0.0972222 0.537957
7 0.201562 0.716204 0.0989583 0.362037 0.564192
0 0.88151 0.746296 0.0203125 0.0759259 0.596052
5 0.201302 0.715741 0.101562 0.364815 0.598653
7 0.28151 0.564352 0.0588542 0.150926 0.64645
2 0.465885 0.290278 0.0432292 0.0546296 0.655924
2 0.500781 0.44213 0.0536458 0.0898148 0.672442
2 0.40599 0.374074 0.0411458 0.0685185 0.740701
2 0.605208 0.566667 0.0958333 0.135185 0.816915
7 0.509115 0.581481 0.140104 0.240741 0.881184
2 0.669271 0.72963 0.111458 0.15 0.896013
2 0.819271 0.779167 0.101042 0.152778 0.896162
2 0.646875 0.858796 0.142708 0.189815 0.907808
2 0.795833 0.878704 0.130208 0.190741 0.912381
