2 0.561198 0.209722 0.0328125 0.0398148 0.259105
2 0.242708 0.385185 0.0427083 0.0740741 0.26609
0 0.903646 0.481944 0.009375 0.0546296 0.32843
0 0.928906 0.74213 0.0130208 0.0694444 0.377576
9 0.973958 0.738426 0.0114583 0.0527778 0.389947
0 0.973958 0.738889 0.0114583 0.0518519 0.39142
7 0.670052 0.263426 0.0682292 0.102778 0.401875
0 0.936979 0.793519 0.0197917 0.0685185 0.412366
0 0.8875 0.563426 0.0114583 0.0601852 0.431861
2 0.530208 0.2375 0.0364583 0.0398148 0.434391
5 0.208854 0.278241 0.0520833 0.0953704 0.472642
2 0.501823 0.301852 0.0380208 0.0555556 0.502713
2 0.46224 0.368519 0.0338542 0.0759259 0.505955
2 0.617188 0.803241 0.11875 0.167593 0.594611
7 0.410156 0.382407 0.0432292 0.148148 0.727173
2 0.474479 0.430556 0.0458333 0.0814815 0.754267
2 0.535417 0.498611 0.0833333 0.115741 0.789934
2 0.445833 0.494444 0.059375 0.0962963 0.847714
2 0.408594 0.553241 0.0619792 0.113889 0.856546
2 0.608333 0.460185 0.084375 0.0777778 0.873053
2 0.544792 0.609259 0.0927083 0.12963 0.899343
