0 0.88724 0.44537 0.00989583 0.0388889 0.252665
2 0.838281 0.118056 0.0161458 0.0324074 0.267007
7 0.663021 0.256481 0.0604167 0.0888889 0.267404
0 0.658594 0.313426 0.0130208 0.075 0.274878
9 0.973958 0.738426 0.0114583 0.0527778 0.286785
0 0.916667 0.740278 0.0208333 0.0731481 0.322197
3 0.555729 0.549074 0.0270833 0.0666667 0.325663
0 0.938281 0.79213 0.0234375 0.075 0.340523
2 0.595312 0.194444 0.025 0.0333333 0.365571
0 0.929427 0.738889 0.0151042 0.0685185 0.376906
5 0.21875 0.3 0.0614583 0.114815 0.394988
2 0.532552 0.236111 0.0380208 0.0388889 0.419092
0 0.904167 0.48287 0.0104167 0.0527778 0.423216
2 0.489583 0.270833 0.040625 0.0472222 0.425793
7 0.263021 0.397222 0.0760417 0.118519 0.46091
2 0.464323 0.349537 0.0359375 0.0657407 0.47691
2 0.465104 0.401852 0.0364583 0.0703704 0.492308
7 0.409635 0.380556 0.0442708 0.148148 0.640422
2 0.228646 0.881019 0.0885417 0.189815 0.701491
2 0.494531 0.464815 0.0651042 0.0944444 0.76787
2 0.433333 0.476389 0.0520833 0.0898148 0.836155
2 0.438281 0.602315 0.0734375 0.125 0.843228
2 0.384635 0.506019 0.0494792 0.100926 0.869339
2 0.491406 0.553241 0.0796875 0.110185 0.87827
2 0.542448 0.440278 0.0692708 0.0805556 0.88345
