0 0.44974 0.659259 0.0348958 0.0962963 0.255949
0 0.901302 0.871296 0.0161458 0.0740741 0.331796
2 0.84375 0.0981481 0.0135417 0.0259259 0.384198
0 0.883854 0.871296 0.0166667 0.0740741 0.428727
2 0.458073 0.245833 0.0359375 0.0435185 0.463044
9 0.973958 0.737963 0.0114583 0.0537037 0.50709
2 0.360417 0.339815 0.0510417 0.0666667 0.628447
5 0.442969 0.222685 0.119271 0.113889 0.726578
2 0.666146 0.697685 0.0833333 0.149074 0.803427
2 0.349219 0.723611 0.0848958 0.163889 0.804034
2 0.269792 0.429167 0.0666667 0.0916667 0.810815
2 0.203385 0.456019 0.0619792 0.0861111 0.860983
