0 0.888021 0.543519 0.0104167 0.0518519 0.261827
0 0.9375 0.797685 0.01875 0.0675926 0.268191
0 0.925521 0.751389 0.015625 0.0583333 0.303676
9 0.973437 0.737963 0.0114583 0.0537037 0.308653
0 0.973437 0.738889 0.0114583 0.0537037 0.359633
0 0.908854 0.753241 0.0166667 0.0768519 0.446901
0 0.85026 0.824074 0.0140625 0.062963 0.473085
2 0.840104 0.108333 0.0145833 0.0277778 0.474334
5 0.435417 0.223148 0.110417 0.101852 0.481242
2 0.480469 0.230093 0.0348958 0.0435185 0.489191
0 0.447656 0.6625 0.0317708 0.0972222 0.49277
0 0.947396 0.750926 0.0145833 0.0518519 0.497483
7 0.241406 0.356481 0.0432292 0.124074 0.500841
0 0.98724 0.622685 0.0151042 0.0657407 0.517169
2 0.395573 0.319444 0.0557292 0.0703704 0.727063
2 0.447396 0.274537 0.0447917 0.062037 0.754532
2 0.286198 0.551852 0.0484375 0.112963 0.825316
2 0.820052 0.916204 0.145313 0.165741 0.92272
