0 0.85 0.825 0.0135417 0.0592593 0.279375
0 0.908333 0.756944 0.0145833 0.0694444 0.28673
1 0.976562 0.629167 0.01875 0.037963 0.287728
5 0.238802 0.365278 0.0411458 0.128704 0.297386
0 0.973698 0.737963 0.0109375 0.0518519 0.307127
0 0.979427 0.608796 0.0151042 0.0657407 0.311408
9 0.973437 0.737037 0.0114583 0.0518519 0.33785
7 0.238542 0.364352 0.040625 0.128704 0.359768
0 0.919531 0.763889 0.0192708 0.0648148 0.370457
0 0.888281 0.556481 0.0130208 0.0648148 0.391056
2 0.839583 0.109722 0.0145833 0.025 0.46284
5 0.429167 0.224074 0.0947917 0.1 0.464272
0 0.946615 0.752778 0.0151042 0.0537037 0.477435
0 0.447656 0.6625 0.0317708 0.0972222 0.479501
2 0.480469 0.231944 0.0348958 0.0453704 0.501228
2 0.261719 0.322222 0.0234375 0.0296296 0.592328
2 0.446875 0.274074 0.0447917 0.062963 0.717572
2 0.395833 0.318519 0.05625 0.0722222 0.717871
2 0.844792 0.931944 0.133333 0.132407 0.837205
2 0.294792 0.57963 0.053125 0.124074 0.883329
