7 0.23099 0.32037 0.0515625 0.0925926 0.252227
5 0.451823 0.260185 0.0557292 0.062963 0.267984
2 0.864062 0.0939815 0.0145833 0.0268519 0.302188
0 0.866146 0.777315 0.0135417 0.0564815 0.323461
0 0.936719 0.799537 0.0213542 0.0657407 0.325767
7 0.885938 0.946296 0.111458 0.105556 0.34214
0 0.929948 0.74213 0.0223958 0.0675926 0.356616
5 0.23099 0.321759 0.0515625 0.0898148 0.35719
0 0.889583 0.503704 0.0104167 0.0611111 0.364896
0 0.973177 0.740741 0.0119792 0.0537037 0.40356
2 0.885677 0.947222 0.110937 0.103704 0.423962
2 0.484115 0.227315 0.0380208 0.0398148 0.451482
5 0.441927 0.222222 0.119271 0.0981481 0.45685
0 0.91849 0.726852 0.0182292 0.0740741 0.481093
2 0.839063 0.10787 0.0177083 0.0287037 0.495686
2 0.23099 0.321759 0.0515625 0.0898148 0.540172
0 0.952865 0.71713 0.0151042 0.0675926 0.555157
2 0.396094 0.318981 0.0536458 0.0694444 0.682591
2 0.272656 0.409259 0.0317708 0.062963 0.683829
2 0.454688 0.268981 0.04375 0.0509259 0.756319
2 0.639844 0.745833 0.123438 0.169444 0.911534
