2 0.276302 0.403241 0.0348958 0.100926 0.251606
0 0.91276 0.740278 0.0151042 0.0472222 0.265161
2 0.210417 0.284722 0.0375 0.0731481 0.278002
0 0.898177 0.396296 0.0109375 0.0462963 0.28313
7 0.276302 0.400926 0.0348958 0.101852 0.332453
9 0.973958 0.737963 0.0114583 0.0518519 0.337532
5 0.210417 0.284722 0.0385417 0.075 0.352592
2 0.559896 0.207407 0.03125 0.0407407 0.380251
7 0.413542 0.42037 0.0354167 0.103704 0.388176
2 0.527865 0.241204 0.0369792 0.0398148 0.390983
5 0.480208 0.193981 0.053125 0.0657407 0.42276
0 0.882031 0.743056 0.0182292 0.0657407 0.426798
5 0.431771 0.225 0.0864583 0.105556 0.485042
0 0.929167 0.743981 0.0166667 0.0675926 0.504062
2 0.93776 0.894907 0.124479 0.193519 0.523408
2 0.454948 0.249537 0.0473958 0.0490741 0.527814
2 0.441146 0.320833 0.0416667 0.0564815 0.554279
2 0.809115 0.220833 0.0192708 0.037963 0.622054
2 0.484375 0.400463 0.0364583 0.0768519 0.631217
2 0.489062 0.272222 0.040625 0.0444444 0.699307
2 0.625781 0.590741 0.0848958 0.107407 0.751252
5 0.204948 0.464352 0.0796875 0.20463 0.857709
7 0.461458 0.512037 0.108333 0.218519 0.858747
2 0.532031 0.49213 0.0744792 0.112037 0.868209
2 0.633594 0.693519 0.104687 0.140741 0.896572
2 0.780729 0.862963 0.128125 0.188889 0.919778
2 0.627083 0.83287 0.125 0.184259 0.921535
