2 0.864062 0.0939815 0.0145833 0.0268519 0.25147
2 0.839583 0.111111 0.0145833 0.0259259 0.308871
0 0.941146 0.744907 0.0114583 0.0398148 0.312089
0 0.914844 0.776389 0.0161458 0.0675926 0.3386
2 0.927604 0.974537 0.0947917 0.0490741 0.352207
0 0.936719 0.798611 0.0171875 0.0694444 0.380951
0 0.447135 0.659722 0.0307292 0.0935185 0.390136
9 0.973437 0.738426 0.0125 0.0509259 0.415848
0 0.88776 0.575 0.0119792 0.0574074 0.454243
0 0.899479 0.780093 0.015625 0.075 0.471069
2 0.48099 0.228704 0.0359375 0.0407407 0.477683
0 0.84974 0.824074 0.0140625 0.0592593 0.555363
5 0.442187 0.219907 0.122917 0.112037 0.622376
2 0.265625 0.331481 0.025 0.0444444 0.624712
2 0.395312 0.323611 0.053125 0.0638889 0.696096
2 0.445833 0.277778 0.0489583 0.0611111 0.710711
5 0.225781 0.391204 0.0682292 0.149074 0.840478
2 0.316667 0.651852 0.06875 0.138889 0.877226
