0 0.872135 0.443981 0.0119792 0.0527778 0.256317
0 0.91224 0.74213 0.0140625 0.0546296 0.291883
7 0.665365 0.259722 0.0619792 0.0953704 0.295626
9 0.973958 0.737037 0.0125 0.0537037 0.337503
2 0.528906 0.237963 0.0380208 0.037037 0.345677
0 0.938281 0.796296 0.0213542 0.0685185 0.420041
0 0.929167 0.744907 0.0177083 0.0657407 0.440283
2 0.45599 0.303704 0.0421875 0.0481481 0.476551
5 0.491667 0.199537 0.046875 0.0842593 0.50923
2 0.801302 0.255556 0.0234375 0.0407407 0.515643
2 0.490625 0.269444 0.0395833 0.0444444 0.534557
0 0.880729 0.7375 0.0166667 0.0787037 0.538121
7 0.278125 0.356019 0.034375 0.0861111 0.632486
5 0.229167 0.397222 0.0572917 0.157407 0.667362
2 0.480469 0.386111 0.0348958 0.0796296 0.694254
2 0.108333 0.591667 0.0625 0.0944444 0.758705
5 0.43724 0.221759 0.0776042 0.0953704 0.78135
2 0.801562 0.75 0.132292 0.2 0.849417
2 0.513021 0.471296 0.065625 0.101852 0.863862
2 0.579948 0.547685 0.0776042 0.0990741 0.865476
2 0.776563 0.856481 0.129167 0.188889 0.873702
5 0.279427 0.801389 0.192188 0.391667 0.873869
7 0.443229 0.480556 0.0916667 0.196296 0.885244
2 0.595052 0.655556 0.0963542 0.131481 0.894756
2 0.617708 0.823611 0.126042 0.180556 0.90988
