7 0.228906 0.316667 0.0526042 0.101852 0.256411
0 0.748958 0.715741 0.0166667 0.0425926 0.280728
0 0.352865 0.353704 0.0119792 0.0407407 0.299677
2 0.464583 0.402778 0.0364583 0.0759259 0.313147
2 0.488021 0.269907 0.0427083 0.0453704 0.345077
9 0.973958 0.739352 0.0114583 0.0527778 0.357966
3 0.754687 0.755093 0.0302083 0.062037 0.372072
5 0.228385 0.315278 0.0526042 0.10463 0.372491
2 0.571615 0.198148 0.0223958 0.037037 0.386797
0 0.9375 0.793519 0.0208333 0.0703704 0.392524
2 0.464063 0.352778 0.0364583 0.0740741 0.39294
2 0.529688 0.257407 0.040625 0.0611111 0.411884
7 0.663281 0.252315 0.0598958 0.0824074 0.443859
0 0.883854 0.503241 0.0114583 0.0583333 0.462655
0 0.904167 0.481481 0.0104167 0.0537037 0.467386
0 0.928906 0.741204 0.0151042 0.0694444 0.468863
0 0.9125 0.742593 0.015625 0.0722222 0.492157
2 0.229167 0.88287 0.0895833 0.189815 0.697695
7 0.409635 0.37963 0.0442708 0.148148 0.711408
2 0.434115 0.476852 0.0526042 0.087037 0.820047
2 0.444531 0.608333 0.0755208 0.118519 0.852339
2 0.494271 0.556019 0.0791667 0.110185 0.873316
2 0.504167 0.475926 0.0708333 0.107407 0.87336
2 0.54349 0.440278 0.0692708 0.0805556 0.884197
2 0.384375 0.506481 0.05 0.101852 0.888906
