0 0.44974 0.659722 0.0348958 0.0972222 0.277855
0 0.901302 0.881944 0.0171875 0.0805556 0.32502
0 0.908073 0.408333 0.0130208 0.0574074 0.35011
2 0.84349 0.0986111 0.0130208 0.025 0.363601
9 0.973958 0.737963 0.0114583 0.0537037 0.43411
0 0.882812 0.883333 0.015625 0.062963 0.534774
2 0.454948 0.248148 0.0401042 0.0462963 0.607669
2 0.352865 0.348611 0.0557292 0.0731481 0.665351
2 0.192448 0.464815 0.0640625 0.0888889 0.7634
5 0.443229 0.221759 0.11875 0.113889 0.779294
2 0.264062 0.433333 0.06875 0.0944444 0.785054
2 0.349219 0.723611 0.0848958 0.163889 0.799641
2 0.677604 0.662037 0.0770833 0.144444 0.864396
