0 0.973698 0.739352 0.0119792 0.0564815 0.281466
0 0.882812 0.860185 0.01875 0.0574074 0.281591
0 0.449479 0.660648 0.034375 0.0935185 0.297219
0 0.9 0.870833 0.01875 0.0842593 0.325785
2 0.842969 0.0976852 0.0140625 0.0268519 0.38407
2 0.460417 0.246296 0.0375 0.0425926 0.629597
2 0.363281 0.341667 0.0546875 0.0722222 0.634842
2 0.275 0.422685 0.065625 0.0898148 0.694325
2 0.349219 0.723148 0.0848958 0.164815 0.787064
5 0.443229 0.221296 0.11875 0.114815 0.798337
2 0.214323 0.447222 0.0651042 0.0833333 0.813092
2 0.65625 0.731481 0.0875 0.159259 0.875051
