0 0.974479 0.735185 0.0125 0.0537037 0.27257
2 0.560417 0.184259 0.0291667 0.0333333 0.278393
7 0.671875 0.262963 0.0739583 0.107407 0.348701
7 0.947656 0.298148 0.104687 0.594444 0.354206
2 0.254948 0.31713 0.0213542 0.0342593 0.430849
2 0.772917 0.37963 0.046875 0.103704 0.436501
2 0.802604 0.943981 0.102083 0.108333 0.463468
7 0.0356771 0.656944 0.0598958 0.087963 0.46957
7 0.772917 0.380093 0.0479167 0.10463 0.580859
2 0.820312 0.17963 0.0166667 0.0314815 0.631205
0 0.880469 0.764352 0.0244792 0.0916667 0.715709
2 0.724219 0.35463 0.0411458 0.0648148 0.721565
2 0.547135 0.217593 0.0338542 0.0444444 0.728074
2 0.349479 0.725 0.0864583 0.166667 0.817597
2 0.182812 0.471296 0.0614583 0.0777778 0.831192
5 0.375781 0.266667 0.148438 0.138889 0.851949
