0 0.0872396 0.512037 0.0244792 0.0611111 0.260991
0 0.876042 0.975463 0.0177083 0.0453704 0.303467
9 0.974219 0.7375 0.0119792 0.0527778 0.380556
25 0.861979 0.951389 0.0354167 0.0342593 0.397914
2 0.0294271 0.61713 0.0536458 0.0768519 0.432328
7 0.95026 0.298148 0.0994792 0.590741 0.543278
2 0.24349 0.425926 0.0442708 0.0685185 0.625375
2 0.413281 0.281481 0.0421875 0.0481481 0.691442
2 0.770312 0.384722 0.04375 0.0694444 0.700458
2 0.275781 0.421296 0.0598958 0.087037 0.733121
2 0.555469 0.944907 0.134896 0.10463 0.747124
5 0.439063 0.221296 0.123958 0.114815 0.7706
2 0.177083 0.519444 0.0729167 0.114815 0.831991
2 0.34974 0.725463 0.0859375 0.163889 0.834164
