9 0.352083 0.352315 0.0135417 0.0453704 0.255761
0 0.0507812 0.539352 0.0140625 0.0546296 0.257027
0 0.890365 0.415741 0.0109375 0.0481481 0.257949
9 0.974219 0.738889 0.0119792 0.0537037 0.274089
0 0.0867188 0.512963 0.0234375 0.0648148 0.293401
2 0.210677 0.27963 0.0359375 0.0722222 0.315338
2 0.840104 0.109722 0.015625 0.0268519 0.330023
0 0.922396 0.726389 0.0208333 0.0768519 0.344253
2 0.577604 0.175463 0.028125 0.0324074 0.347189
2 0.486979 0.238426 0.0510417 0.0638889 0.37222
7 0.668229 0.258796 0.065625 0.0972222 0.387083
5 0.434115 0.215741 0.102604 0.0925926 0.406591
5 0.876302 0.9125 0.139062 0.169444 0.443188
0 0.882031 0.745833 0.0171875 0.0712963 0.475969
0 0.936198 0.795833 0.0234375 0.075 0.485473
0 0.901042 0.55463 0.0135417 0.0648148 0.519306
7 0.877344 0.913426 0.128646 0.169444 0.528255
2 0.395312 0.296296 0.05 0.0555556 0.752038
2 0.391146 0.410648 0.0364583 0.0787037 0.772144
2 0.592708 0.573611 0.0791667 0.117593 0.825423
2 0.464323 0.549537 0.0786458 0.108333 0.865504
2 0.582552 0.688426 0.101562 0.139815 0.887222
