2 0.395573 0.313426 0.0557292 0.0787037 0.250132
0 0.830208 0.973148 0.0197917 0.0518519 0.257837
0 0.449219 0.659259 0.0276042 0.0888889 0.259192
2 0.253646 0.319907 0.0239583 0.0361111 0.312318
2 0.480729 0.228704 0.0385417 0.0425926 0.324762
2 0.840885 0.105556 0.0151042 0.0314815 0.335978
0 0.915625 0.477778 0.0145833 0.0666667 0.340102
0 0.910677 0.685648 0.0119792 0.0435185 0.391421
0 0.891406 0.69537 0.0151042 0.062963 0.493596
9 0.973958 0.737963 0.0125 0.0537037 0.502646
2 0.38151 0.325463 0.0348958 0.0564815 0.515228
5 0.434635 0.219907 0.100521 0.0953704 0.538373
2 0.445573 0.279167 0.0463542 0.0564815 0.713958
5 0.0591146 0.584259 0.118229 0.196296 0.805272
2 0.190365 0.503704 0.0598958 0.0833333 0.82136
2 0.349479 0.725926 0.0864583 0.164815 0.862458
