9 0.351562 0.352778 0.0145833 0.0444444 0.307401
2 0.254427 0.317593 0.0203125 0.0314815 0.307456
0 0.905208 0.381481 0.009375 0.0481481 0.309665
7 0.452865 0.925 0.132812 0.148148 0.436763
2 0.453385 0.923611 0.131771 0.150926 0.459655
7 0.949479 0.296296 0.101042 0.592593 0.468344
9 0.974219 0.737037 0.0119792 0.0518519 0.512955
0 0.857031 0.932407 0.0255208 0.087037 0.537059
5 0.436198 0.222222 0.130729 0.118519 0.624196
7 0.596875 0.87963 0.145833 0.237037 0.707045
2 0.39375 0.296759 0.046875 0.0509259 0.727631
2 0.144792 0.551389 0.071875 0.115741 0.758793
2 0.780469 0.336574 0.0348958 0.0583333 0.770598
2 0.20599 0.46713 0.0536458 0.075 0.771183
2 0.250521 0.447222 0.0614583 0.0925926 0.828911
2 0.34974 0.725 0.0859375 0.162963 0.84195
