0 0.233854 0.381481 0.0125 0.0425926 0.258516
7 0.95026 0.297685 0.0994792 0.59537 0.274728
9 0.974219 0.737963 0.0119792 0.0518519 0.482911
2 0.44974 0.253704 0.0421875 0.0444444 0.5511
0 0.882552 0.898148 0.0171875 0.0592593 0.591111
0 0.901563 0.905556 0.0177083 0.0796296 0.618851
5 0.443229 0.220833 0.119792 0.113889 0.76034
2 0.349479 0.724537 0.0854167 0.165741 0.803604
2 0.159896 0.498148 0.0666667 0.0833333 0.809742
2 0.247135 0.45 0.0682292 0.1 0.862323
2 0.707812 0.579167 0.065625 0.115741 0.866313
