2 0.89375 0.924537 0.135417 0.150926 0.254068
0 0.936198 0.731944 0.0151042 0.0416667 0.264341
9 0.973698 0.7375 0.0119792 0.0546296 0.270473
0 0.0583333 0.676389 0.015625 0.0546296 0.271119
0 0.890365 0.422222 0.00885417 0.05 0.277533
0 0.0872396 0.511111 0.0244792 0.062963 0.28213
2 0.466146 0.247222 0.075 0.0666667 0.32831
2 0.839844 0.108796 0.0161458 0.0268519 0.371904
5 0.439063 0.21713 0.114583 0.0990741 0.429819
0 0.881771 0.745833 0.0166667 0.0712963 0.434283
7 0.894792 0.921759 0.136458 0.15463 0.504388
0 0.936198 0.798148 0.0223958 0.0703704 0.528305
2 0.567969 0.181019 0.0223958 0.0305556 0.535452
0 0.902083 0.563426 0.0135417 0.0657407 0.538528
2 0.395573 0.295833 0.0505208 0.0564815 0.734601
2 0.391406 0.422222 0.0338542 0.0796296 0.785358
2 0.476302 0.562037 0.0755208 0.116667 0.868566
2 0.613542 0.595833 0.0833333 0.123148 0.896254
2 0.602865 0.709259 0.108854 0.148148 0.898984
