2 0.426042 0.450463 0.05 0.112037 0.252772
5 0.209896 0.284259 0.0375 0.0722222 0.271446
2 0.842448 0.101852 0.0140625 0.0277778 0.284778
7 0.954427 0.303704 0.0911458 0.607407 0.303956
9 0.351562 0.351389 0.0135417 0.0416667 0.357359
2 0.209635 0.283796 0.0369792 0.0712963 0.371127
0 0.928646 0.742593 0.0145833 0.0666667 0.388744
0 0.934896 0.797685 0.0197917 0.0675926 0.421325
2 0.411719 0.286574 0.0484375 0.0509259 0.424772
7 0.663021 0.251852 0.0572917 0.0814815 0.429089
2 0.55625 0.2125 0.0291667 0.0398148 0.45397
9 0.974479 0.738426 0.0114583 0.0527778 0.468513
2 0.520573 0.245833 0.0369792 0.0453704 0.543286
2 0.472917 0.287037 0.0427083 0.0518519 0.57987
7 0.276563 0.528704 0.053125 0.137037 0.584627
2 0.81901 0.190278 0.0192708 0.0305556 0.594112
0 0.88099 0.745833 0.0203125 0.075 0.594176
2 0.411979 0.363426 0.0427083 0.0657407 0.608094
7 0.42526 0.45 0.0505208 0.111111 0.628908
2 0.496094 0.433333 0.0494792 0.0851852 0.632995
5 0.44401 0.214815 0.119271 0.103704 0.641822
5 0.185156 0.643981 0.0838542 0.336111 0.764113
2 0.777344 0.734259 0.100521 0.151852 0.811382
2 0.585677 0.547222 0.0869792 0.125926 0.822016
7 0.501823 0.569444 0.133854 0.246296 0.868932
2 0.66901 0.728241 0.110937 0.152778 0.895363
2 0.644792 0.856019 0.1375 0.187963 0.912033
2 0.795833 0.878241 0.130208 0.191667 0.920579
