2 0.403125 0.295833 0.040625 0.0564815 0.274788
2 0.396615 0.318981 0.0515625 0.0675926 0.324156
0 0.448177 0.660648 0.0317708 0.0935185 0.353196
0 0.850521 0.820833 0.015625 0.0657407 0.361633
0 0.936979 0.798148 0.0177083 0.0685185 0.377728
0 0.91276 0.804167 0.0182292 0.0564815 0.380701
0 0.908333 0.606019 0.0208333 0.0712963 0.381015
0 0.920313 0.755556 0.0177083 0.0574074 0.400099
9 0.974479 0.737037 0.0125 0.05 0.407931
2 0.246094 0.297685 0.0213542 0.0324074 0.454796
0 0.897656 0.805093 0.0151042 0.062037 0.477536
2 0.384375 0.326852 0.0333333 0.0574074 0.503554
2 0.839583 0.108333 0.0166667 0.0277778 0.522058
2 0.480208 0.228241 0.0375 0.0416667 0.561806
5 0.433333 0.224537 0.0989583 0.0972222 0.574999
0 0.888021 0.600926 0.0145833 0.0648148 0.591524
2 0.26875 0.35 0.0270833 0.0462963 0.601867
2 0.445573 0.280093 0.0473958 0.0657407 0.779936
5 0.194792 0.427315 0.108333 0.180556 0.846064
2 0.335156 0.693981 0.0776042 0.152778 0.900157
