2 0.843229 0.101389 0.0135417 0.025 0.25923
0 0.898177 0.406019 0.0109375 0.0453704 0.265986
0 0.91224 0.743056 0.0140625 0.0546296 0.285024
7 0.666406 0.261574 0.0651042 0.0990741 0.296554
0 0.872135 0.443519 0.0119792 0.0537037 0.32093
9 0.974219 0.737037 0.0119792 0.0537037 0.350827
2 0.528906 0.238889 0.0390625 0.037037 0.365213
0 0.938281 0.796296 0.0223958 0.0685185 0.371983
0 0.929688 0.744444 0.0177083 0.0666667 0.448482
2 0.278125 0.359722 0.0333333 0.087963 0.502261
0 0.88099 0.738426 0.0171875 0.0787037 0.511114
2 0.454427 0.304167 0.0421875 0.0490741 0.523001
2 0.490365 0.27037 0.0401042 0.0444444 0.555364
2 0.802344 0.251389 0.0234375 0.037963 0.574572
2 0.1 0.604167 0.0614583 0.100926 0.639468
7 0.278125 0.359722 0.0333333 0.087963 0.639639
5 0.226562 0.399074 0.059375 0.161111 0.701827
2 0.48099 0.387963 0.0348958 0.0796296 0.702432
5 0.456771 0.214815 0.117708 0.107407 0.765384
2 0.81224 0.763889 0.133854 0.205556 0.808436
5 0.28724 0.807407 0.200521 0.381481 0.863462
2 0.514583 0.471759 0.065625 0.10463 0.87739
2 0.777344 0.855556 0.131771 0.187037 0.882622
2 0.59974 0.658333 0.0973958 0.133333 0.891065
7 0.44375 0.484722 0.09375 0.20463 0.891535
2 0.582031 0.549074 0.0765625 0.101852 0.895492
2 0.619271 0.825 0.126042 0.181481 0.91033
