0 0.899479 0.931944 0.0166667 0.0675926 0.26395
2 0.202083 0.502315 0.034375 0.0564815 0.269888
7 0.95026 0.298611 0.0994792 0.597222 0.295144
2 0.25651 0.317593 0.0234375 0.0351852 0.358856
0 0.855208 0.984259 0.028125 0.0277778 0.374667
0 0.878125 0.933796 0.0145833 0.0638889 0.473797
0 0.0867188 0.516667 0.0223958 0.0740741 0.575575
2 0.309896 0.388889 0.05625 0.0814815 0.634767
2 0.220833 0.474537 0.0677083 0.100926 0.678279
2 0.43724 0.260648 0.0390625 0.0490741 0.698935
2 0.349219 0.724074 0.0848958 0.166667 0.792673
5 0.442708 0.219444 0.121875 0.118519 0.814295
2 0.738802 0.480556 0.0536458 0.0925926 0.83461
2 0.106771 0.547685 0.0635417 0.0953704 0.837114
