2 0.839323 0.111111 0.0161458 0.0259259 0.264994
2 0.564323 0.184722 0.0255208 0.037963 0.27011
9 0.351562 0.353241 0.0135417 0.0416667 0.289084
7 0.210156 0.284259 0.0380208 0.0740741 0.310911
0 0.930208 0.734259 0.0229167 0.0648148 0.315929
0 0.0872396 0.510185 0.0244792 0.062963 0.336392
0 0.973698 0.738426 0.0130208 0.0527778 0.392022
2 0.483333 0.228704 0.0333333 0.0351852 0.430909
0 0.922656 0.723148 0.0171875 0.0740741 0.433298
0 0.0614583 0.643056 0.0145833 0.0527778 0.494688
2 0.450781 0.258333 0.0421875 0.0444444 0.527687
5 0.435937 0.221296 0.105208 0.0944444 0.540872
0 0.881771 0.745833 0.0177083 0.0731481 0.574579
0 0.895052 0.502778 0.0130208 0.0592593 0.587907
2 0.72474 0.790278 0.134896 0.217593 0.608352
2 0.395573 0.296759 0.0494792 0.0564815 0.760693
2 0.480208 0.411111 0.0395833 0.0759259 0.765903
2 0.401823 0.45 0.0432292 0.0833333 0.808117
2 0.409375 0.35463 0.0489583 0.0648148 0.834099
2 0.464323 0.543519 0.0723958 0.109259 0.871447
