0 0.059375 0.627315 0.0114583 0.0472222 0.319927
0 0.935938 0.797222 0.0208333 0.0685185 0.348898
7 0.66276 0.252778 0.0567708 0.0814815 0.355781
2 0.449219 0.258333 0.0411458 0.0462963 0.380372
9 0.974219 0.7375 0.0119792 0.0527778 0.386088
2 0.490365 0.222685 0.0359375 0.0361111 0.420256
7 0.63724 0.69537 0.120312 0.192593 0.44009
0 0.890104 0.478241 0.0114583 0.0564815 0.481812
2 0.209896 0.284259 0.0375 0.0759259 0.512479
2 0.63776 0.696296 0.121354 0.194444 0.529389
0 0.881771 0.746296 0.0177083 0.0740741 0.531723
5 0.441406 0.218981 0.125521 0.108333 0.673553
2 0.396094 0.296296 0.0494792 0.0592593 0.680333
7 0.879948 0.885648 0.203646 0.223148 0.75381
2 0.429688 0.487037 0.0541667 0.0907407 0.811975
2 0.391667 0.405556 0.034375 0.0814815 0.818645
2 0.418229 0.339815 0.0510417 0.062963 0.838342
2 0.469531 0.340741 0.0286458 0.0611111 0.846404
