9 0.410937 0.398611 0.046875 0.156481 0.292772
5 0.219792 0.300926 0.0479167 0.0907407 0.373129
2 0.530729 0.237037 0.0395833 0.0388889 0.399271
2 0.269271 0.333796 0.025 0.0435185 0.401313
0 0.0877604 0.509722 0.0244792 0.0638889 0.411441
7 0.229948 0.415278 0.0557292 0.158333 0.420905
2 0.559896 0.20787 0.0302083 0.0361111 0.424646
5 0.527865 0.163889 0.0890625 0.0796296 0.430163
0 0.898438 0.475926 0.0114583 0.0537037 0.450864
0 0.93724 0.793981 0.0213542 0.0712963 0.457579
0 0.914062 0.733796 0.0177083 0.0842593 0.467228
9 0.974219 0.737963 0.0109375 0.0518519 0.487422
5 0.228906 0.421296 0.0557292 0.148148 0.491412
0 0.886198 0.606481 0.0140625 0.062963 0.525285
7 0.776042 0.922685 0.132292 0.150926 0.526156
0 0.929167 0.741204 0.015625 0.075 0.55399
2 0.466406 0.393981 0.0359375 0.0824074 0.588378
7 0.411458 0.403241 0.046875 0.14537 0.677773
2 0.490365 0.32037 0.0359375 0.0592593 0.722096
2 0.491667 0.457407 0.0552083 0.0833333 0.729324
2 0.574219 0.549074 0.0921875 0.12963 0.761933
2 0.715365 0.438889 0.0734375 0.0740741 0.808219
2 0.466406 0.518056 0.0661458 0.0972222 0.855171
2 0.615885 0.681019 0.107813 0.14537 0.873531
2 0.449219 0.614815 0.0786458 0.131481 0.878767
