7 0.951563 0.306944 0.096875 0.613889 0.254016
5 0.210938 0.284722 0.0385417 0.0731481 0.304018
2 0.210677 0.284722 0.0380208 0.0731481 0.310943
0 0.0242187 0.985648 0.0140625 0.0287037 0.35396
2 0.823177 0.181481 0.0182292 0.0277778 0.379522
2 0.515104 0.25 0.0416667 0.0444444 0.388449
0 0.929427 0.742593 0.0140625 0.0666667 0.406749
7 0.6625 0.251389 0.05625 0.0787037 0.410713
9 0.974219 0.7375 0.0109375 0.0527778 0.419556
2 0.401823 0.290741 0.0463542 0.0592593 0.433864
2 0.551823 0.21713 0.0328125 0.0398148 0.435967
2 0.460156 0.29537 0.0432292 0.0555556 0.490397
5 0.442969 0.215741 0.122396 0.101852 0.528178
0 0.881771 0.742593 0.01875 0.0666667 0.53287
2 0.43125 0.463426 0.0520833 0.115741 0.568897
0 0.935417 0.797685 0.0208333 0.0712963 0.63915
2 0.505729 0.448148 0.0572917 0.0851852 0.646268
2 0.404427 0.381944 0.0411458 0.0675926 0.659819
7 0.289062 0.599537 0.0666667 0.163889 0.797517
5 0.214844 0.764815 0.132812 0.416667 0.815116
2 0.855469 0.818056 0.0994792 0.15463 0.873221
7 0.514063 0.58287 0.139583 0.247222 0.896238
2 0.628125 0.583333 0.1 0.133333 0.910941
2 0.668229 0.728241 0.110417 0.149074 0.916727
2 0.654427 0.861111 0.131771 0.188889 0.918187
2 0.795833 0.879167 0.13125 0.191667 0.921634
