2 0.839583 0.116204 0.015625 0.0268519 0.255508
0 0.916667 0.738889 0.0197917 0.0740741 0.257909
9 0.409896 0.378241 0.0427083 0.143519 0.260658
2 0.57474 0.216667 0.0307292 0.0388889 0.272525
0 0.928646 0.743056 0.0145833 0.0657407 0.281513
3 0.585417 0.575 0.0302083 0.0666667 0.284117
0 0.886198 0.463426 0.0109375 0.0546296 0.290978
0 0.973698 0.738889 0.0109375 0.0537037 0.292805
7 0.665365 0.256481 0.0630208 0.0907407 0.307364
0 0.586458 0.5625 0.01875 0.0453704 0.310489
2 0.6 0.176389 0.021875 0.0287037 0.329592
5 0.223698 0.308796 0.0557292 0.0990741 0.359002
9 0.973958 0.738889 0.0114583 0.0537037 0.370934
0 0.938021 0.793056 0.0208333 0.0694444 0.395346
2 0.4875 0.270833 0.0447917 0.0453704 0.395568
2 0.465365 0.403241 0.0369792 0.0694444 0.456856
3 0.588802 0.593518 0.0296875 0.0537037 0.459165
2 0.464063 0.352315 0.0364583 0.0694444 0.493326
2 0.53151 0.237037 0.0401042 0.0388889 0.513404
0 0.903646 0.483796 0.0104167 0.0527778 0.536952
2 0.227604 0.883333 0.0895833 0.192593 0.621503
7 0.144792 0.50463 0.0854167 0.138889 0.671721
7 0.409896 0.378704 0.04375 0.146296 0.685668
2 0.497917 0.471296 0.0677083 0.0962963 0.759894
2 0.433333 0.477315 0.0520833 0.087963 0.818685
2 0.438021 0.602315 0.0729167 0.125 0.860898
2 0.491927 0.553704 0.0786458 0.111111 0.864233
2 0.543229 0.439815 0.06875 0.0814815 0.874459
2 0.384635 0.506019 0.0505208 0.100926 0.88041
