0 0.907292 0.405556 0.0114583 0.05 0.253838
0 0.449479 0.659722 0.0354167 0.0972222 0.276214
2 0.84375 0.0981481 0.0135417 0.0240741 0.28986
2 0.34375 0.356481 0.0395833 0.0685185 0.317997
9 0.973958 0.737963 0.0114583 0.0537037 0.440075
2 0.451562 0.251852 0.04375 0.0462963 0.512293
0 0.902604 0.898148 0.0166667 0.0796296 0.585037
0 0.883073 0.894907 0.0171875 0.075 0.607141
2 0.171875 0.486111 0.0625 0.0833333 0.789064
2 0.253385 0.442593 0.0671875 0.0962963 0.794268
2 0.349219 0.723611 0.0848958 0.163889 0.803158
5 0.443229 0.221296 0.11875 0.114815 0.818948
2 0.697656 0.605556 0.0723958 0.125926 0.848083
