7 0.229167 0.317593 0.0520833 0.0981481 0.251635
2 0.841146 0.129167 0.0239583 0.0324074 0.260382
5 0.229167 0.316667 0.0510417 0.1 0.276028
0 0.352865 0.353704 0.0119792 0.0407407 0.299588
2 0.464583 0.402778 0.0364583 0.0759259 0.325142
0 0.732552 0.715741 0.0265625 0.062963 0.338646
9 0.973958 0.739352 0.0114583 0.0527778 0.34119
3 0.738802 0.738889 0.0380208 0.0685185 0.359111
2 0.571875 0.197222 0.0229167 0.037037 0.374047
2 0.48776 0.27037 0.0432292 0.0462963 0.404111
2 0.464063 0.352778 0.0364583 0.0740741 0.406816
0 0.9375 0.793519 0.0208333 0.0703704 0.412368
0 0.928646 0.743056 0.0145833 0.0657407 0.433404
7 0.663021 0.252315 0.059375 0.0805556 0.434238
0 0.883854 0.501389 0.0114583 0.0583333 0.445153
0 0.911458 0.747222 0.0145833 0.062963 0.473618
0 0.904427 0.481944 0.0109375 0.0546296 0.480519
2 0.530729 0.25463 0.0416667 0.0592593 0.50667
2 0.229167 0.882407 0.0895833 0.190741 0.704188
7 0.409635 0.379167 0.0442708 0.147222 0.727333
2 0.433594 0.476852 0.0526042 0.087037 0.816861
2 0.503906 0.475 0.0703125 0.105556 0.867218
2 0.44375 0.60787 0.0760417 0.119444 0.872287
2 0.49349 0.553704 0.0786458 0.109259 0.878546
2 0.54349 0.440278 0.0692708 0.0805556 0.884943
2 0.384375 0.506019 0.05 0.100926 0.889785
