2 0.452083 0.259259 0.0416667 0.0425926 0.275402
0 0.920573 0.531482 0.0119792 0.0574074 0.286886
2 0.210677 0.283333 0.0380208 0.0703704 0.345707
0 0.883594 0.736111 0.0171875 0.0555556 0.352775
0 0.925 0.735185 0.021875 0.0833333 0.354931
2 0.441406 0.4875 0.0526042 0.117593 0.428045
7 0.441406 0.487037 0.0526042 0.118519 0.443971
2 0.828385 0.155556 0.0161458 0.0259259 0.448645
9 0.973958 0.7375 0.0114583 0.0546296 0.4587
7 0.553125 0.509259 0.110417 0.153704 0.500797
2 0.532812 0.233796 0.0322917 0.0416667 0.551899
5 0.442969 0.216667 0.122396 0.105556 0.61695
2 0.488021 0.273611 0.0427083 0.0472222 0.650475
2 0.553906 0.511111 0.109896 0.159259 0.665751
2 0.40651 0.431019 0.0348958 0.0694444 0.673892
2 0.403906 0.35787 0.0432292 0.062037 0.696649
2 0.395833 0.29537 0.0510417 0.0574074 0.706522
7 0.456771 0.899074 0.1625 0.196296 0.729986
2 0.866146 0.818056 0.123958 0.186111 0.85483
7 0.516927 0.583796 0.136979 0.256481 0.868868
2 0.669531 0.728241 0.110937 0.149074 0.907937
2 0.834896 0.9125 0.133333 0.171296 0.910345
2 0.675781 0.884722 0.135937 0.19537 0.911322
