0 0.0171875 0.544444 0.0145833 0.0407407 0.253988
0 0.447135 0.656944 0.0296875 0.087963 0.292386
2 0.840365 0.108796 0.0151042 0.0268519 0.320854
0 0.898438 0.461574 0.0104167 0.0509259 0.343839
0 0.922656 0.722222 0.0171875 0.0703704 0.353222
0 0.0877604 0.5125 0.0244792 0.0638889 0.366044
2 0.839063 0.892593 0.14375 0.205556 0.380144
7 0.838802 0.893056 0.144271 0.20463 0.388941
2 0.210417 0.285648 0.0364583 0.0712963 0.420785
9 0.973958 0.7375 0.0114583 0.0509259 0.421615
2 0.590365 0.162037 0.0192708 0.0314815 0.422438
2 0.482552 0.227778 0.0369792 0.0388889 0.432271
0 0.791667 0.980093 0.0166667 0.0361111 0.43456
2 0.517187 0.219907 0.0427083 0.0527778 0.483034
0 0.0611979 0.666667 0.0130208 0.0555556 0.486358
2 0.450521 0.25787 0.0427083 0.0453704 0.497124
5 0.838542 0.89213 0.14375 0.20463 0.510148
5 0.426302 0.224074 0.0859375 0.0944444 0.516533
0 0.882031 0.74537 0.0171875 0.0722222 0.537476
0 0.897917 0.535185 0.0125 0.0611111 0.585613
2 0.395052 0.296296 0.0505208 0.0574074 0.735077
2 0.392708 0.390278 0.0395833 0.0731481 0.787531
2 0.547396 0.519907 0.0666667 0.108333 0.797812
2 0.440365 0.519907 0.0661458 0.0990741 0.845883
2 0.541927 0.641204 0.0921875 0.134259 0.891658
