2 0.839323 0.11713 0.0130208 0.0287037 0.258259
0 0.922396 0.720833 0.015625 0.0694444 0.261586
0 0.935156 0.737037 0.0171875 0.05 0.278637
0 0.973177 0.739352 0.0119792 0.0527778 0.307154
2 0.209896 0.283796 0.0364583 0.0731481 0.351859
9 0.973698 0.738889 0.0119792 0.0537037 0.370815
2 0.44974 0.25787 0.0390625 0.0453704 0.378244
0 0.882292 0.746296 0.0177083 0.0740741 0.47841
2 0.5875 0.642593 0.109375 0.17037 0.541703
2 0.396354 0.295833 0.05 0.0564815 0.609182
2 0.986458 0.941667 0.0270833 0.105556 0.634572
5 0.441146 0.22037 0.122917 0.111111 0.638818
7 0.809896 0.856944 0.213542 0.275 0.645326
5 0.808333 0.858333 0.210417 0.281481 0.649951
2 0.473177 0.312037 0.0286458 0.0518519 0.705417
2 0.389323 0.397685 0.0338542 0.0712963 0.74405
2 0.420052 0.338426 0.0505208 0.0583333 0.814564
2 0.417188 0.465278 0.05 0.0824074 0.816446
