0 0.872656 0.444444 0.0109375 0.0518519 0.279031
2 0.560156 0.207407 0.0307292 0.0388889 0.289785
2 0.840365 0.0981481 0.0171875 0.0296296 0.299635
5 0.236719 0.339352 0.0546875 0.10463 0.304459
0 0.913281 0.737037 0.0140625 0.0592593 0.313348
7 0.236719 0.338426 0.0546875 0.106481 0.32499
9 0.351823 0.352778 0.0130208 0.0425926 0.335664
9 0.973437 0.739815 0.0125 0.0518519 0.341641
2 0.266146 0.318981 0.0354167 0.062037 0.353064
0 0.895573 0.434259 0.00989583 0.0518519 0.376051
2 0.4875 0.269907 0.0447917 0.0453704 0.379788
2 0.459896 0.299537 0.04375 0.0416667 0.385354
0 0.928385 0.741667 0.0140625 0.0685185 0.388527
0 0.938542 0.79213 0.0239583 0.075 0.463512
2 0.53099 0.236574 0.0401042 0.0435185 0.480504
7 0.664844 0.255556 0.0609375 0.0888889 0.487562
0 0.88099 0.683333 0.0130208 0.0611111 0.575789
2 0.234635 0.438426 0.0421875 0.0712963 0.634335
2 0.782552 0.325463 0.0380208 0.0509259 0.668139
2 0.479688 0.363426 0.0333333 0.0694444 0.691012
2 0.486198 0.439352 0.0536458 0.0972222 0.767617
7 0.423698 0.444444 0.0671875 0.17963 0.827011
2 0.669531 0.640278 0.115104 0.156481 0.835249
2 0.538021 0.508796 0.0697917 0.0935185 0.838278
5 0.213281 0.6125 0.0786458 0.300926 0.841872
5 0.482292 0.196759 0.110417 0.106481 0.846705
2 0.533854 0.588889 0.0833333 0.118519 0.890671
2 0.572135 0.775 0.111979 0.172222 0.896046
2 0.746094 0.823611 0.127604 0.182407 0.902359
