0 0.929688 0.752315 0.0145833 0.0472222 0.265704
2 0.402865 0.303241 0.0411458 0.0546296 0.308557
2 0.243229 0.291204 0.0197917 0.0287037 0.330095
0 0.448177 0.661111 0.0317708 0.0925926 0.342085
9 0.974219 0.737037 0.0130208 0.0518519 0.354259
0 0.936198 0.798148 0.0182292 0.0703704 0.357317
0 0.905208 0.593056 0.0135417 0.0601852 0.365942
0 0.896094 0.797222 0.0140625 0.0592593 0.398651
0 0.849479 0.824074 0.0135417 0.0611111 0.427261
2 0.839063 0.110185 0.0166667 0.0259259 0.500853
0 0.88724 0.589352 0.0119792 0.0601852 0.505752
2 0.384115 0.326852 0.0328125 0.0574074 0.519967
2 0.268229 0.343056 0.03125 0.0435185 0.543085
2 0.480208 0.228241 0.0364583 0.0416667 0.553623
5 0.435677 0.223611 0.103646 0.0990741 0.584239
2 0.445573 0.279167 0.0473958 0.062037 0.77319
5 0.208594 0.411111 0.0932292 0.166667 0.837038
2 0.329427 0.680093 0.0744792 0.147222 0.895881
