0 0.875 0.982407 0.0145833 0.0351852 0.285873
2 0.254427 0.31713 0.0203125 0.0324074 0.331886
9 0.351823 0.353241 0.0140625 0.0435185 0.354941
2 0.567708 0.910648 0.1625 0.173148 0.357196
0 0.905469 0.384259 0.00989583 0.0518519 0.373755
5 0.56901 0.910648 0.160938 0.173148 0.380213
2 0.408073 0.972222 0.0890625 0.0518519 0.473686
9 0.974219 0.737037 0.0119792 0.0518519 0.485463
7 0.94974 0.297222 0.100521 0.590741 0.56372
2 0.22474 0.447222 0.0505208 0.0740741 0.610065
2 0.775521 0.356019 0.0364583 0.0657407 0.621487
2 0.438281 0.961111 0.0890625 0.0740741 0.668513
5 0.439323 0.218519 0.125521 0.105556 0.676537
2 0.403646 0.289352 0.0447917 0.0527778 0.677567
2 0.263021 0.432407 0.0604167 0.087037 0.731271
2 0.161979 0.535185 0.071875 0.114815 0.818657
2 0.34974 0.725 0.0859375 0.162963 0.839239
