2 0.839583 0.111111 0.0145833 0.0259259 0.274137
0 0.915885 0.778241 0.0171875 0.0675926 0.328246
0 0.943229 0.746759 0.0135417 0.0453704 0.383416
0 0.447135 0.659722 0.0307292 0.0935185 0.388128
0 0.936458 0.799537 0.0177083 0.0694444 0.397914
9 0.973437 0.737963 0.0125 0.05 0.435953
0 0.88724 0.573148 0.0119792 0.062963 0.455764
2 0.480729 0.228704 0.0354167 0.0407407 0.469648
2 0.91901 0.967593 0.106771 0.0611111 0.485236
0 0.901302 0.776852 0.0182292 0.0759259 0.490258
0 0.84974 0.824074 0.0140625 0.0611111 0.509334
2 0.265365 0.330093 0.0255208 0.0398148 0.650711
5 0.442187 0.219907 0.122917 0.112037 0.652843
2 0.395052 0.323148 0.0536458 0.062963 0.702233
2 0.445573 0.277315 0.0494792 0.062037 0.710026
5 0.226042 0.3875 0.0635417 0.150926 0.838288
2 0.314583 0.644907 0.0666667 0.139815 0.902765
