0 0.917708 0.722685 0.015625 0.0694444 0.262742
0 0.0559896 0.766667 0.0182292 0.0740741 0.306313
2 0.864062 0.0939815 0.0145833 0.0268519 0.318303
5 0.232552 0.326389 0.0557292 0.0972222 0.328923
0 0.936979 0.799537 0.0197917 0.0638889 0.33097
5 0.452083 0.263889 0.0489583 0.062963 0.345836
9 0.973437 0.738426 0.0114583 0.0490741 0.363671
0 0.972917 0.738889 0.0114583 0.05 0.377415
2 0.930469 0.969907 0.0973958 0.0583333 0.406992
0 0.952083 0.730556 0.0145833 0.0611111 0.440076
2 0.232292 0.326389 0.0552083 0.0972222 0.443254
0 0.861458 0.793519 0.0145833 0.0685185 0.446033
2 0.483073 0.227778 0.0338542 0.0388889 0.446919
0 0.889583 0.509259 0.0104167 0.0555556 0.479923
2 0.839063 0.106944 0.0177083 0.0287037 0.483388
7 0.232812 0.327315 0.0552083 0.0953704 0.516776
5 0.440104 0.223611 0.115625 0.0972222 0.532972
2 0.271354 0.431944 0.03125 0.0694444 0.632625
2 0.453385 0.269444 0.0442708 0.0592593 0.684395
2 0.396354 0.316667 0.0541667 0.0759259 0.698442
2 0.670313 0.781482 0.13125 0.181481 0.912835
