2 0.397135 0.291667 0.0411458 0.0407407 0.253415
0 0.449219 0.659259 0.0276042 0.0888889 0.263253
2 0.254167 0.32037 0.0229167 0.037037 0.319955
0 0.829167 0.978704 0.0197917 0.0407407 0.322542
0 0.915104 0.474074 0.0135417 0.062963 0.323521
2 0.48099 0.228704 0.0380208 0.0425926 0.348678
2 0.840885 0.106481 0.0151042 0.0296296 0.356232
0 0.910677 0.688426 0.0119792 0.0398148 0.380448
0 0.890885 0.698611 0.0151042 0.0657407 0.451942
9 0.973958 0.737963 0.0125 0.0537037 0.516689
5 0.439583 0.218981 0.110417 0.0972222 0.573958
2 0.379687 0.325926 0.0333333 0.05 0.715806
2 0.445573 0.27963 0.0463542 0.0555556 0.767976
5 0.0578125 0.582407 0.114583 0.17963 0.78754
2 0.185677 0.508796 0.0609375 0.0842593 0.833897
2 0.349479 0.725926 0.0864583 0.164815 0.862486
