0 0.658333 0.313426 0.0135417 0.0731481 0.315141
0 0.890104 0.853241 0.0166667 0.0694444 0.341589
0 0.845833 0.851389 0.0177083 0.0787037 0.382399
2 0.839063 0.112037 0.0177083 0.0240741 0.390541
2 0.252604 0.309722 0.0208333 0.0287037 0.393072
2 0.391927 0.325926 0.0494792 0.0592593 0.405457
2 0.871354 0.562963 0.0208333 0.0277778 0.405696
0 0.932292 0.527315 0.0135417 0.0657407 0.430543
9 0.974219 0.7375 0.0130208 0.0527778 0.448789
2 0.48151 0.229167 0.0369792 0.0435185 0.451884
5 0.43776 0.221296 0.108854 0.0925926 0.488189
0 0.9125 0.847685 0.0177083 0.0638889 0.525635
0 0.889844 0.623611 0.0119792 0.0601852 0.527663
2 0.267708 0.37963 0.0270833 0.0518519 0.640541
2 0.444792 0.281019 0.0458333 0.0564815 0.772731
2 0.344531 0.712963 0.0828125 0.159259 0.904826
5 0.159115 0.470833 0.138021 0.208333 0.905726
