9 0.351302 0.352778 0.0140625 0.0407407 0.251178
5 0.429427 0.251852 0.0536458 0.0722222 0.335404
2 0.982292 0.938426 0.0354167 0.123148 0.335946
2 0.433073 0.262963 0.0432292 0.0555556 0.350463
2 0.209635 0.284259 0.0359375 0.0703704 0.366
2 0.842188 0.103704 0.0135417 0.0259259 0.383519
9 0.973958 0.738426 0.0125 0.0527778 0.394377
5 0.476823 0.202778 0.0567708 0.0814815 0.411013
0 0.940885 0.793519 0.0244792 0.0703704 0.437213
0 0.88125 0.744444 0.01875 0.0722222 0.465185
0 0.929167 0.744444 0.015625 0.0666667 0.477461
2 0.560417 0.209259 0.0291667 0.037037 0.486059
2 0.527083 0.240278 0.0385417 0.0435185 0.535723
2 0.814323 0.205093 0.0223958 0.0361111 0.5715
5 0.444792 0.216204 0.120833 0.110185 0.578104
7 0.417969 0.43287 0.0401042 0.108333 0.630178
2 0.484635 0.274537 0.0411458 0.0472222 0.675936
7 0.274219 0.444907 0.0421875 0.113889 0.696556
2 0.427604 0.337037 0.0427083 0.0555556 0.762335
5 0.188542 0.523611 0.0854167 0.249074 0.796622
2 0.485417 0.413889 0.04375 0.0851852 0.809626
2 0.677083 0.636111 0.09375 0.122222 0.811028
7 0.479427 0.535185 0.116146 0.231481 0.846038
2 0.547396 0.506944 0.0833333 0.121296 0.855528
2 0.653906 0.715741 0.108854 0.15 0.868495
2 0.791927 0.876389 0.129688 0.191667 0.908665
2 0.629948 0.840741 0.131771 0.185185 0.915319
