9 0.973698 0.738889 0.0130208 0.0537037 0.270932
2 0.839323 0.112963 0.0151042 0.037037 0.317736
1 0.9375 0.795833 0.0197917 0.0657407 0.339009
0 0.922656 0.727315 0.0192708 0.0768519 0.349292
0 0.973437 0.739352 0.0125 0.0527778 0.351113
0 0.930469 0.7375 0.0192708 0.0638889 0.38025
7 0.666146 0.255093 0.0635417 0.0861111 0.403084
2 0.209635 0.280093 0.0369792 0.0805556 0.460718
2 0.450521 0.258333 0.0395833 0.0444444 0.533481
0 0.882292 0.746296 0.01875 0.0759259 0.53417
2 0.959115 0.915741 0.0807292 0.157407 0.558338
2 0.498958 0.215278 0.034375 0.037963 0.574193
5 0.441146 0.219444 0.121875 0.109259 0.583211
2 0.563281 0.616204 0.105729 0.167593 0.613499
2 0.476302 0.300463 0.0286458 0.0527778 0.63952
2 0.395312 0.295833 0.05 0.0564815 0.695551
2 0.415104 0.456019 0.0479167 0.0731481 0.775692
2 0.389323 0.393981 0.0338542 0.0675926 0.785478
2 0.422917 0.335648 0.0489583 0.0601852 0.863779
7 0.775521 0.834259 0.215625 0.325926 0.907443
