7 0.663281 0.25463 0.0578125 0.0833333 0.253838
0 0.960156 0.814815 0.0244792 0.0722222 0.257369
0 0.872917 0.444444 0.0114583 0.0537037 0.284485
0 0.973698 0.7375 0.0130208 0.0546296 0.294891
2 0.458073 0.300926 0.0421875 0.0462963 0.300349
0 0.939844 0.793056 0.0244792 0.0731481 0.342232
0 0.896354 0.41713 0.0104167 0.0564815 0.376453
2 0.528646 0.239352 0.0395833 0.0416667 0.429939
0 0.914323 0.7375 0.0192708 0.0694444 0.433529
2 0.490885 0.269444 0.0401042 0.0444444 0.467058
0 0.882812 0.727778 0.01875 0.0703704 0.478692
2 0.796354 0.266204 0.028125 0.0453704 0.498779
0 0.929688 0.74213 0.0166667 0.0694444 0.516358
7 0.277083 0.34537 0.0333333 0.0759259 0.519678
5 0.492969 0.193519 0.0546875 0.0759259 0.617205
7 0.230729 0.37963 0.0510417 0.146296 0.652054
2 0.480208 0.383796 0.034375 0.0824074 0.759227
2 0.139062 0.555556 0.059375 0.0888889 0.773891
5 0.442187 0.221759 0.0791667 0.0935185 0.807715
2 0.763802 0.722685 0.129688 0.175 0.822653
2 0.507031 0.465278 0.0640625 0.102778 0.869685
2 0.570833 0.542593 0.0760417 0.0981481 0.873368
7 0.4375 0.472222 0.0875 0.196296 0.883343
2 0.776823 0.856019 0.128646 0.187963 0.883896
5 0.258594 0.783333 0.159896 0.42963 0.901302
2 0.58125 0.64213 0.0958333 0.126852 0.906242
2 0.614844 0.819907 0.124479 0.178704 0.916777
