7 0.226823 0.314815 0.0505208 0.0962963 0.255823
2 0.583333 0.190741 0.0270833 0.0277778 0.260443
7 0.66276 0.251852 0.0578125 0.0796296 0.272172
0 0.659375 0.313889 0.0135417 0.0740741 0.293324
3 0.658333 0.650463 0.0385417 0.0675926 0.298629
2 0.464583 0.408796 0.034375 0.0601852 0.321572
0 0.352865 0.353704 0.0119792 0.0407407 0.325763
0 0.93724 0.793519 0.0203125 0.0685185 0.330218
2 0.489062 0.271296 0.040625 0.0444444 0.343273
0 0.91276 0.743056 0.0151042 0.0694444 0.343594
2 0.541406 0.241667 0.0494792 0.0444444 0.373108
0 0.929167 0.738889 0.0145833 0.062963 0.391427
5 0.226823 0.314815 0.0505208 0.0981481 0.406144
0 0.904688 0.481944 0.0104167 0.0546296 0.449004
2 0.463802 0.35463 0.0359375 0.0759259 0.451814
2 0.229427 0.883333 0.0890625 0.190741 0.679265
7 0.409635 0.380093 0.0442708 0.147222 0.756968
2 0.433594 0.477315 0.0515625 0.087963 0.806162
2 0.501042 0.473611 0.06875 0.100926 0.821666
2 0.438021 0.603704 0.0729167 0.124074 0.846498
2 0.490885 0.552778 0.0807292 0.111111 0.87131
2 0.543229 0.440278 0.06875 0.0805556 0.88089
2 0.384375 0.506481 0.05 0.101852 0.881329
