0 0.449219 0.660185 0.0338542 0.0925926 0.281314
0 0.974219 0.738426 0.0119792 0.0546296 0.29155
5 0.466406 0.240278 0.0359375 0.0416667 0.333176
9 0.973958 0.737963 0.0114583 0.0537037 0.345363
0 0.901823 0.844444 0.0192708 0.0759259 0.35885
2 0.842708 0.099537 0.0145833 0.025 0.37633
2 0.28776 0.416667 0.0567708 0.0740741 0.543858
0 0.882031 0.844907 0.0223958 0.075 0.548036
5 0.443229 0.223611 0.11875 0.117593 0.686496
2 0.466146 0.239815 0.0354167 0.0425926 0.752005
2 0.349219 0.723611 0.0848958 0.165741 0.781099
2 0.379167 0.325 0.053125 0.062963 0.815575
2 0.242708 0.419444 0.05625 0.0814815 0.822917
2 0.609896 0.854167 0.107292 0.191667 0.888664
