2 0.452865 0.257407 0.0401042 0.0407407 0.25047
2 0.842188 0.102315 0.0135417 0.025 0.268523
2 0.210677 0.281944 0.0380208 0.0675926 0.303065
2 0.563542 0.169444 0.01875 0.0277778 0.305084
0 0.936719 0.797685 0.0234375 0.0712963 0.339102
7 0.441146 0.487037 0.053125 0.118519 0.349495
0 0.92526 0.735185 0.0213542 0.0851852 0.373293
0 0.882812 0.740278 0.0166667 0.0601852 0.451356
9 0.973958 0.7375 0.0114583 0.0546296 0.458016
2 0.533854 0.232407 0.0333333 0.0444444 0.51778
2 0.828125 0.156944 0.01875 0.025 0.518996
2 0.441406 0.4875 0.0526042 0.117593 0.554875
7 0.54974 0.50463 0.101562 0.140741 0.556913
2 0.550781 0.504167 0.102604 0.139815 0.562532
2 0.40651 0.352315 0.0432292 0.0675926 0.603152
5 0.442708 0.216667 0.122917 0.107407 0.615893
2 0.490365 0.271296 0.0421875 0.0481481 0.661863
2 0.395573 0.295833 0.0505208 0.0583333 0.672931
2 0.40599 0.42963 0.0338542 0.0703704 0.706691
7 0.442448 0.888426 0.161979 0.221296 0.835012
2 0.850521 0.803241 0.123958 0.189815 0.84087
2 0.827604 0.908333 0.130208 0.183333 0.859931
7 0.516927 0.584722 0.136979 0.25463 0.88491
2 0.668229 0.727315 0.110417 0.149074 0.9095
2 0.671615 0.881019 0.135937 0.193519 0.916066
