0 0.959635 0.813426 0.0213542 0.062037 0.270322
2 0.559375 0.207407 0.034375 0.037037 0.279321
9 0.351562 0.350463 0.0125 0.0435185 0.288679
0 0.913021 0.739352 0.015625 0.0694444 0.300961
9 0.973958 0.738426 0.0114583 0.0546296 0.336605
0 0.973958 0.738889 0.0114583 0.0537037 0.362884
5 0.409896 0.389352 0.0427083 0.150926 0.377587
2 0.529688 0.238426 0.0385417 0.037963 0.410719
7 0.239844 0.375463 0.0453125 0.143519 0.426474
0 0.904167 0.480556 0.0114583 0.0574074 0.453559
2 0.498698 0.30787 0.0390625 0.0583333 0.471548
0 0.936979 0.793056 0.0197917 0.0694444 0.483907
5 0.21224 0.279167 0.0567708 0.0953704 0.5243
7 0.671615 0.265278 0.0734375 0.106481 0.545156
0 0.928385 0.742593 0.0140625 0.0703704 0.566716
0 0.886719 0.575 0.0130208 0.0685185 0.598084
7 0.409635 0.3875 0.0442708 0.152778 0.650672
2 0.670052 0.849074 0.126563 0.17963 0.661869
2 0.461458 0.375926 0.0322917 0.0777778 0.694043
2 0.480208 0.44213 0.0458333 0.0805556 0.794935
2 0.645312 0.461111 0.0854167 0.0759259 0.803623
2 0.451823 0.498611 0.0630208 0.0972222 0.836123
2 0.545052 0.512037 0.0828125 0.118519 0.842317
2 0.420573 0.569444 0.0671875 0.12037 0.872252
2 0.564583 0.628241 0.0979167 0.132407 0.895688
