2 0.0182292 0.6375 0.0354167 0.0694444 0.258808
5 0.291927 0.337037 0.100521 0.138889 0.269904
7 0.948958 0.296759 0.102083 0.589815 0.29051
0 0.890625 0.641667 0.021875 0.0648148 0.307321
0 0.0872396 0.514815 0.0255208 0.0703704 0.31368
9 0.973698 0.736574 0.0119792 0.0527778 0.373348
0 0.891146 0.691204 0.0197917 0.0787037 0.511146
5 0.371615 0.274537 0.0765625 0.106481 0.530444
2 0.832292 0.141204 0.0166667 0.0268519 0.544393
2 0.773438 0.234722 0.0239583 0.0435185 0.581202
2 0.463802 0.283796 0.0463542 0.0805556 0.603505
5 0.32526 0.313426 0.168229 0.187963 0.606835
2 0.804688 0.271759 0.034375 0.0675926 0.613566
2 0.542969 0.225463 0.0432292 0.0435185 0.695355
2 0.845312 0.87037 0.0947917 0.17037 0.783664
2 0.349479 0.725463 0.0854167 0.163889 0.829077
2 0.55599 0.934259 0.121354 0.127778 0.860314
2 0.560417 0.761111 0.0885417 0.138889 0.911265
