7 0.663021 0.253241 0.0583333 0.0824074 0.27063
0 0.936979 0.79537 0.01875 0.0592593 0.285041
2 0.985937 0.952315 0.028125 0.0916667 0.387113
2 0.832812 0.144907 0.0177083 0.0268519 0.405198
2 0.210417 0.284259 0.0385417 0.0722222 0.489376
0 0.90599 0.50463 0.0119792 0.0555556 0.524526
9 0.973958 0.736574 0.0114583 0.0509259 0.547932
5 0.44349 0.216667 0.121354 0.111111 0.55519
0 0.882031 0.74537 0.0192708 0.0759259 0.577177
2 0.520833 0.245833 0.0354167 0.0453704 0.603626
2 0.395833 0.29537 0.0489583 0.0574074 0.658862
2 0.467187 0.29213 0.0458333 0.0527778 0.691896
2 0.407031 0.438889 0.0348958 0.0722222 0.696854
2 0.898438 0.952315 0.1125 0.0953704 0.704814
2 0.445573 0.489815 0.0567708 0.12037 0.734014
2 0.391406 0.379167 0.0411458 0.075 0.765155
2 0.627344 0.582407 0.0953125 0.131481 0.830111
7 0.525781 0.593518 0.142188 0.255556 0.874592
2 0.727083 0.783796 0.115625 0.15463 0.89981
2 0.722396 0.915278 0.140625 0.167593 0.903444
