9 0.351302 0.352315 0.0140625 0.0416667 0.252921
0 0.899479 0.391204 0.0104167 0.0472222 0.270993
9 0.959375 0.225 0.08125 0.05 0.277223
5 0.273177 0.455093 0.0401042 0.119444 0.34739
2 0.209635 0.284259 0.0359375 0.0703704 0.360861
2 0.842188 0.102778 0.0135417 0.0259259 0.364493
9 0.973958 0.737963 0.0125 0.0537037 0.407007
2 0.429688 0.270833 0.04375 0.0472222 0.417105
7 0.48724 0.415741 0.0442708 0.0851852 0.428812
0 0.88099 0.744907 0.0182292 0.0712963 0.472202
0 0.940365 0.793981 0.0255208 0.0731481 0.484575
7 0.273177 0.45463 0.0401042 0.118519 0.490383
0 0.929427 0.74213 0.0171875 0.0731481 0.516595
2 0.560156 0.209259 0.0296875 0.037037 0.525032
5 0.452865 0.20787 0.106771 0.0935185 0.543159
2 0.527083 0.239815 0.0416667 0.0444444 0.555704
2 0.816146 0.204167 0.0197917 0.0342593 0.625333
2 0.483854 0.276389 0.040625 0.0472222 0.635244
2 0.4875 0.416667 0.04375 0.0833333 0.637332
7 0.418229 0.433333 0.040625 0.105556 0.70824
2 0.425 0.338889 0.0427083 0.0574074 0.754202
5 0.186198 0.537037 0.0838542 0.25 0.846169
7 0.483073 0.540741 0.119271 0.237037 0.859978
2 0.685156 0.646759 0.0942708 0.123148 0.866044
2 0.657292 0.719907 0.108333 0.147222 0.875237
2 0.552083 0.509722 0.0833333 0.123148 0.883605
2 0.792188 0.877778 0.130208 0.190741 0.916466
2 0.632292 0.843982 0.132292 0.189815 0.917143
