0 0.926562 0.733333 0.01875 0.0740741 0.250128
0 0.93724 0.794907 0.0192708 0.0601852 0.302882
0 0.907552 0.506019 0.0119792 0.0527778 0.31137
2 0.553646 0.175463 0.0354167 0.0342593 0.414704
0 0.928646 0.509259 0.0125 0.05 0.420361
2 0.83151 0.146296 0.0161458 0.0277778 0.484258
2 0.210417 0.284259 0.0385417 0.0722222 0.513413
9 0.973958 0.736574 0.0114583 0.0509259 0.531883
0 0.882031 0.74537 0.0192708 0.0759259 0.587304
2 0.976042 0.929167 0.046875 0.136111 0.594597
5 0.44349 0.21713 0.121354 0.112037 0.611981
2 0.395833 0.29537 0.0489583 0.0574074 0.680858
2 0.522396 0.244907 0.0322917 0.0416667 0.688604
2 0.445052 0.490741 0.0557292 0.122222 0.697601
2 0.407292 0.437037 0.034375 0.0666667 0.704719
2 0.470052 0.289352 0.0453125 0.0527778 0.725506
2 0.889323 0.944907 0.111979 0.108333 0.753553
2 0.391667 0.377315 0.0427083 0.0694444 0.770625
2 0.620833 0.578704 0.0854167 0.125926 0.813713
7 0.523177 0.593056 0.141146 0.258333 0.864869
2 0.716667 0.773611 0.115625 0.15463 0.906703
2 0.710417 0.912037 0.152083 0.174074 0.906944
