2 0.840104 0.1 0.0166667 0.0259259 0.262707
2 0.522656 0.201852 0.0317708 0.0407407 0.266337
0 0.940104 0.791667 0.0239583 0.0722222 0.297834
2 0.560677 0.208796 0.0296875 0.037963 0.302333
7 0.667188 0.258333 0.0645833 0.0925926 0.32983
9 0.973958 0.737037 0.0125 0.0518519 0.339398
0 0.896354 0.421759 0.0104167 0.0490741 0.341915
0 0.914062 0.733796 0.0177083 0.0675926 0.352794
2 0.489062 0.271759 0.040625 0.0435185 0.378085
2 0.529427 0.237963 0.0369792 0.0425926 0.430702
2 0.274219 0.334259 0.0328125 0.0685185 0.436678
2 0.459375 0.298611 0.0416667 0.0453704 0.462196
2 0.791406 0.290278 0.0276042 0.0472222 0.487074
5 0.238281 0.366204 0.0421875 0.125 0.48853
0 0.880208 0.7125 0.015625 0.0731481 0.497152
0 0.928646 0.740278 0.015625 0.0675926 0.50403
2 0.185156 0.50463 0.0557292 0.087037 0.615171
2 0.479427 0.375 0.0338542 0.0777778 0.704272
2 0.718229 0.676852 0.129167 0.174074 0.732023
2 0.497396 0.453704 0.0583333 0.1 0.842781
7 0.429948 0.460648 0.0776042 0.187963 0.858061
5 0.46901 0.205093 0.111979 0.110185 0.860808
5 0.234375 0.707407 0.1125 0.381481 0.87556
2 0.557292 0.529167 0.0739583 0.100926 0.889135
2 0.560938 0.62037 0.0885417 0.125926 0.890517
2 0.605469 0.812037 0.125521 0.177778 0.906864
2 0.771354 0.850463 0.127083 0.186111 0.915273
