0 0.878125 0.641204 0.0260417 0.0787037 0.266172
2 0.870833 0.563889 0.0208333 0.0296296 0.305172
2 0.594271 0.161111 0.0229167 0.0296296 0.313537
7 0.948438 0.297685 0.103125 0.59537 0.344506
7 0.585938 0.896759 0.1125 0.199074 0.351593
9 0.973698 0.737037 0.0119792 0.0537037 0.359708
2 0.832292 0.138426 0.0166667 0.0268519 0.435084
7 0.848698 0.853704 0.0994792 0.190741 0.511784
5 0.315104 0.318981 0.16875 0.182407 0.543378
2 0.848177 0.856944 0.100521 0.186111 0.549491
2 0.807031 0.263889 0.0328125 0.0666667 0.572883
2 0.453385 0.293981 0.0442708 0.0861111 0.608314
2 0.777604 0.226852 0.0239583 0.0388889 0.635656
2 0.533854 0.23287 0.0375 0.0472222 0.639509
0 0.892187 0.681481 0.01875 0.0814815 0.652256
5 0.361979 0.275 0.0760417 0.0962963 0.683145
2 0.586198 0.899074 0.113021 0.192593 0.692444
2 0.349479 0.725463 0.0854167 0.163889 0.825864
2 0.58151 0.714815 0.0828125 0.127778 0.902815
