3 0.253385 0.318519 0.0182292 0.037037 0.276539
0 0.926302 0.92037 0.0223958 0.0777778 0.308892
0 0.910156 0.700463 0.0119792 0.0342593 0.317592
2 0.841146 0.103241 0.0166667 0.0287037 0.329342
9 0.973958 0.738426 0.0125 0.0527778 0.411477
7 0.949479 0.298148 0.101042 0.596296 0.427738
2 0.48099 0.228704 0.0380208 0.0444444 0.468624
5 0.0424479 0.593518 0.0848958 0.135185 0.553563
7 0.0419271 0.593982 0.0838542 0.134259 0.554546
0 0.890625 0.7125 0.0145833 0.0712963 0.584208
5 0.442448 0.218981 0.122396 0.112037 0.743836
2 0.38151 0.327778 0.0567708 0.0796296 0.760335
2 0.446354 0.27963 0.046875 0.0574074 0.818905
2 0.349479 0.725 0.0864583 0.166667 0.828071
2 0.159115 0.537037 0.0630208 0.0925926 0.848395
