0 0.913021 0.7375 0.0145833 0.062037 0.250638
9 0.351823 0.352315 0.0119792 0.0416667 0.25067
2 0.233333 0.326852 0.05 0.105556 0.282555
2 0.261719 0.307407 0.0348958 0.0592593 0.286894
7 0.663281 0.251389 0.0557292 0.0787037 0.28749
0 0.884115 0.665278 0.0119792 0.0546296 0.290995
0 0.928385 0.74213 0.0130208 0.0638889 0.302013
0 0.895573 0.44213 0.00989583 0.0509259 0.34079
2 0.839583 0.0976852 0.01875 0.0324074 0.346207
0 0.936198 0.796759 0.0182292 0.0657407 0.348262
7 0.233073 0.328241 0.0494792 0.102778 0.377573
5 0.233333 0.327315 0.05 0.10463 0.397344
2 0.53099 0.2375 0.0380208 0.037963 0.453207
2 0.489844 0.269907 0.0390625 0.0435185 0.454121
0 0.973698 0.738426 0.0119792 0.0527778 0.468013
2 0.458854 0.299074 0.04375 0.0481481 0.476195
2 0.25651 0.400463 0.0338542 0.062037 0.565521
7 0.419531 0.428241 0.0598958 0.171296 0.638901
2 0.773698 0.351852 0.0380208 0.0555556 0.656198
2 0.480729 0.353241 0.034375 0.0675926 0.697171
5 0.207031 0.547222 0.0734375 0.246296 0.782743
2 0.522135 0.491667 0.0651042 0.0851852 0.807916
5 0.494792 0.1875 0.105208 0.100926 0.817547
2 0.513281 0.569907 0.0786458 0.112037 0.854147
2 0.641667 0.615278 0.108333 0.150926 0.855623
2 0.478125 0.425926 0.0510417 0.0888889 0.859469
2 0.716667 0.788889 0.121875 0.174074 0.891153
2 0.536458 0.73287 0.102083 0.162037 0.907889
