2 0.838021 0.122685 0.015625 0.0305556 0.294394
0 0.921615 0.733333 0.0182292 0.0666667 0.29572
7 0.663021 0.253241 0.05625 0.0824074 0.315642
0 0.929688 0.737037 0.0208333 0.0648148 0.325693
9 0.973698 0.737037 0.0119792 0.0537037 0.378172
2 0.209896 0.283796 0.0364583 0.0768519 0.420054
7 0.536198 0.58287 0.0963542 0.156481 0.444113
2 0.45 0.257407 0.0416667 0.05 0.45698
2 0.536198 0.58287 0.0953125 0.158333 0.487144
2 0.503906 0.211574 0.0328125 0.0416667 0.55889
0 0.882552 0.745833 0.0182292 0.0768519 0.563347
5 0.441927 0.218981 0.121354 0.110185 0.573529
2 0.395833 0.296759 0.0510417 0.0583333 0.675269
2 0.480208 0.290278 0.0322917 0.0527778 0.718859
2 0.410677 0.448148 0.0442708 0.0740741 0.765602
2 0.389583 0.391667 0.034375 0.0740741 0.802788
2 0.915365 0.872685 0.119271 0.178704 0.835301
2 0.423438 0.334259 0.05 0.0592593 0.849735
7 0.732031 0.817593 0.208854 0.355556 0.920696
