7 0.663021 0.253704 0.0583333 0.0833333 0.257188
0 0.936719 0.796296 0.0182292 0.0574074 0.296385
2 0.83099 0.144444 0.0140625 0.0277778 0.34676
2 0.54401 0.182407 0.0255208 0.0314815 0.455574
7 0.446354 0.488889 0.0572917 0.12037 0.471638
0 0.90625 0.505556 0.0125 0.062963 0.506703
2 0.210417 0.284259 0.0385417 0.0722222 0.516705
5 0.44349 0.21713 0.121354 0.110185 0.542963
9 0.973958 0.736574 0.0114583 0.0509259 0.545048
0 0.88151 0.745833 0.0182292 0.0731481 0.572814
2 0.907812 0.957407 0.113542 0.0851852 0.640284
2 0.395833 0.29537 0.0489583 0.0574074 0.680515
2 0.519792 0.24537 0.034375 0.0425926 0.684093
2 0.445833 0.488889 0.05625 0.12037 0.692308
2 0.464323 0.293519 0.0484375 0.0537037 0.745188
2 0.407031 0.438889 0.0348958 0.0722222 0.746401
2 0.391406 0.378704 0.0411458 0.0777778 0.749864
2 0.63099 0.590278 0.0932292 0.132407 0.834238
2 0.739583 0.791204 0.11875 0.160185 0.873312
7 0.527604 0.597685 0.14375 0.258333 0.890857
2 0.729427 0.918056 0.139062 0.163889 0.905571
