0 0.917448 0.718982 0.0171875 0.062037 0.258315
0 0.913802 0.736111 0.0171875 0.062963 0.277286
7 0.66849 0.25787 0.0671875 0.0916667 0.30181
2 0.842188 0.102778 0.0135417 0.0259259 0.355595
2 0.209896 0.284722 0.0364583 0.0712963 0.359353
2 0.427604 0.27037 0.04375 0.0481481 0.365467
9 0.973958 0.737963 0.0125 0.0537037 0.382643
2 0.559635 0.209259 0.0286458 0.037037 0.464956
0 0.88125 0.744907 0.01875 0.0731481 0.50186
0 0.929427 0.741667 0.0171875 0.0740741 0.51657
2 0.527083 0.239815 0.0416667 0.0444444 0.53789
2 0.816406 0.201389 0.0171875 0.0342593 0.579015
7 0.419271 0.436574 0.04375 0.106481 0.581581
5 0.447396 0.206944 0.116667 0.0898148 0.613799
7 0.272656 0.466204 0.0421875 0.119444 0.618208
2 0.482031 0.277778 0.0411458 0.0462963 0.636573
2 0.423958 0.342593 0.040625 0.0592593 0.695503
2 0.488542 0.418981 0.0447917 0.0842593 0.788405
5 0.183594 0.553704 0.0817708 0.251852 0.821416
2 0.698438 0.65787 0.0947917 0.130556 0.835827
7 0.484375 0.545833 0.119792 0.236111 0.870187
2 0.557031 0.51713 0.0828125 0.119444 0.887032
2 0.661719 0.722222 0.107813 0.146296 0.898802
2 0.792969 0.877778 0.128646 0.190741 0.909155
2 0.635938 0.845833 0.129167 0.191667 0.92067
