0 0.352344 0.352778 0.0119792 0.0425926 0.268335
9 0.974219 0.7375 0.0119792 0.0509259 0.286545
2 0.840104 0.111111 0.015625 0.0259259 0.349211
9 0.0611979 0.649537 0.0130208 0.0546296 0.358144
0 0.0609375 0.649074 0.0135417 0.0555556 0.370108
2 0.209896 0.283333 0.0385417 0.0722222 0.444123
2 0.558854 0.1875 0.0291667 0.0416667 0.453646
2 0.483854 0.228704 0.0333333 0.0351852 0.471854
5 0.441927 0.218981 0.121354 0.102778 0.51104
2 0.451562 0.258333 0.0416667 0.0444444 0.565498
0 0.881771 0.746296 0.0177083 0.0722222 0.607738
0 0.894792 0.509722 0.0125 0.0583333 0.653455
2 0.73724 0.805556 0.136979 0.222222 0.665547
2 0.395833 0.296759 0.05 0.0564815 0.73585
2 0.408333 0.356019 0.0489583 0.0638889 0.825185
2 0.484635 0.421296 0.0421875 0.0814815 0.829807
2 0.403906 0.455556 0.0453125 0.0851852 0.842611
2 0.470313 0.554167 0.0739583 0.113889 0.86388
