2 0.208854 0.281944 0.0354167 0.0694444 0.262279
0 0.940104 0.791204 0.0239583 0.0712963 0.271833
2 0.513281 0.206481 0.0359375 0.0388889 0.285335
7 0.949479 0.297222 0.101042 0.592593 0.295024
2 0.560417 0.208796 0.0291667 0.037963 0.302335
2 0.839844 0.100926 0.0171875 0.0277778 0.321853
7 0.276042 0.340278 0.034375 0.0731481 0.322165
7 0.667708 0.259259 0.0645833 0.0925926 0.323782
0 0.914583 0.73287 0.01875 0.0694444 0.344468
9 0.973958 0.737037 0.0125 0.0518519 0.355549
0 0.880469 0.717593 0.0161458 0.062963 0.38622
2 0.275781 0.339815 0.0338542 0.0722222 0.389774
2 0.460417 0.297685 0.0427083 0.0490741 0.416355
2 0.491146 0.269444 0.0385417 0.0425926 0.41774
0 0.929167 0.739815 0.015625 0.0685185 0.424975
0 0.896354 0.418981 0.0104167 0.0527778 0.463693
2 0.79401 0.276852 0.0255208 0.05 0.507161
2 0.528906 0.237963 0.0369792 0.0407407 0.529696
7 0.238542 0.372222 0.0541667 0.140741 0.56743
2 0.479948 0.380556 0.0348958 0.0777778 0.72763
2 0.739062 0.695833 0.127083 0.162037 0.786236
2 0.164844 0.531482 0.0588542 0.0907407 0.802914
2 0.773438 0.853704 0.128125 0.187037 0.843917
5 0.463281 0.208333 0.113021 0.111111 0.844422
2 0.502865 0.460648 0.0630208 0.0990741 0.84584
2 0.564844 0.533333 0.0734375 0.0981481 0.849551
7 0.433594 0.466667 0.0817708 0.190741 0.868684
2 0.571615 0.631019 0.0911458 0.130556 0.878155
5 0.244271 0.747222 0.134375 0.42037 0.886657
2 0.611719 0.815741 0.123438 0.181481 0.894656
