0 0.979948 0.688426 0.0140625 0.0472222 0.298646
2 0.254687 0.31713 0.0208333 0.0324074 0.351043
9 0.351302 0.35463 0.0140625 0.0407407 0.399083
2 0.596875 0.180556 0.028125 0.0333333 0.426694
2 0.545573 0.193056 0.0307292 0.0342593 0.471002
7 0.781771 0.356481 0.046875 0.0981481 0.591812
2 0.735937 0.325463 0.0354167 0.062037 0.598569
0 0.883594 0.74537 0.0213542 0.0814815 0.63172
2 0.823177 0.171296 0.0171875 0.0296296 0.694515
2 0.532031 0.230093 0.0328125 0.0472222 0.701959
2 0.152865 0.499074 0.0609375 0.0759259 0.825542
2 0.349479 0.725463 0.0854167 0.163889 0.838823
2 0.809375 0.935185 0.0979167 0.127778 0.843438
5 0.366146 0.274074 0.15 0.144444 0.851725
