5 0.47526 0.193056 0.0546875 0.062037 0.250891
9 0.973958 0.738889 0.0114583 0.0537037 0.254351
7 0.95 0.297685 0.1 0.59537 0.255119
0 0.449219 0.660185 0.0338542 0.0925926 0.286087
0 0.904427 0.827778 0.0140625 0.0351852 0.341785
0 0.974219 0.738426 0.0119792 0.0546296 0.347563
2 0.842969 0.0990741 0.0140625 0.0259259 0.387694
5 0.465885 0.241204 0.0359375 0.0398148 0.400217
0 0.882031 0.850463 0.0203125 0.0712963 0.450508
5 0.443229 0.224074 0.11875 0.118519 0.696768
2 0.290104 0.414815 0.0677083 0.0833333 0.737375
2 0.465365 0.241667 0.0359375 0.0407407 0.764345
2 0.349219 0.723611 0.0848958 0.165741 0.780646
2 0.235938 0.422685 0.0583333 0.0842593 0.814378
2 0.377344 0.330093 0.0505208 0.0657407 0.862997
2 0.61875 0.82963 0.104167 0.188889 0.882809
