5 0.448698 0.249074 0.0869792 0.0851852 0.259128
0 0.959896 0.813426 0.0208333 0.062037 0.268111
2 0.952083 0.978704 0.078125 0.0388889 0.315921
5 0.235156 0.330093 0.0515625 0.100926 0.322026
0 0.928646 0.747222 0.0145833 0.0666667 0.322782
7 0.235156 0.331019 0.0515625 0.100926 0.341576
0 0.857552 0.798148 0.0203125 0.0759259 0.344454
0 0.890104 0.518981 0.009375 0.0564815 0.359173
0 0.938542 0.799074 0.0145833 0.0537037 0.387791
0 0.973437 0.741204 0.0114583 0.0509259 0.42678
2 0.395312 0.318981 0.05625 0.0675926 0.476167
2 0.234896 0.32963 0.0520833 0.1 0.498751
2 0.839063 0.107407 0.0177083 0.0296296 0.521097
0 0.951823 0.739815 0.0140625 0.0666667 0.539335
2 0.48151 0.228241 0.0348958 0.0398148 0.539548
5 0.442448 0.21713 0.122396 0.106481 0.639666
2 0.271354 0.441667 0.0322917 0.0777778 0.726914
2 0.452083 0.273148 0.046875 0.0574074 0.741475
2 0.692708 0.803704 0.13125 0.187037 0.925116
