0 0.0872396 0.514815 0.0255208 0.0703704 0.290197
7 0.0291667 0.624537 0.05625 0.0712963 0.293802
7 0.949479 0.296759 0.101042 0.589815 0.29563
2 0.870833 0.563426 0.0208333 0.0287037 0.300338
2 0.0294271 0.623148 0.0557292 0.0722222 0.355145
0 0.888281 0.705093 0.0213542 0.0824074 0.37079
9 0.973698 0.736574 0.0119792 0.0527778 0.386464
0 0.904948 0.651389 0.0171875 0.0694444 0.413167
2 0.484115 0.243519 0.0338542 0.0388889 0.441854
2 0.770052 0.248148 0.0265625 0.0444444 0.522519
2 0.801302 0.281944 0.0359375 0.0731481 0.58936
2 0.838542 0.886574 0.0958333 0.176852 0.597937
2 0.832031 0.143056 0.0213542 0.0287037 0.60884
2 0.551302 0.219907 0.0369792 0.0435185 0.688681
2 0.471875 0.280093 0.0427083 0.0638889 0.711945
2 0.541406 0.973611 0.0911458 0.0490741 0.741805
2 0.349479 0.725463 0.0854167 0.163889 0.826247
5 0.329427 0.305556 0.164062 0.17963 0.863566
2 0.536979 0.809259 0.0958333 0.15 0.896429
