0 0.908333 0.728241 0.0135417 0.0361111 0.285549
5 0.478906 0.194907 0.0505208 0.062037 0.308633
0 0.909896 0.450926 0.0125 0.0555556 0.321859
2 0.479948 0.228704 0.0338542 0.0388889 0.412729
0 0.888021 0.748611 0.0145833 0.0787037 0.42634
0 0.0867188 0.510185 0.0244792 0.062963 0.464264
9 0.974219 0.7375 0.0130208 0.0509259 0.516692
5 0.426302 0.22963 0.0848958 0.1 0.591576
2 0.361719 0.337963 0.0640625 0.0851852 0.709116
2 0.439583 0.27963 0.0458333 0.0574074 0.741172
2 0.0973958 0.603241 0.065625 0.0916667 0.742865
2 0.34974 0.726389 0.0859375 0.163889 0.85454
