7 0.672135 0.262963 0.0734375 0.107407 0.324263
5 0.426042 0.236574 0.0614583 0.0824074 0.400879
0 0.973958 0.738426 0.0125 0.0564815 0.416529
7 0.947396 0.298148 0.105208 0.594444 0.45245
2 0.254948 0.317593 0.0223958 0.0351852 0.464722
7 0.0596354 0.636574 0.0609375 0.108333 0.511891
2 0.558854 0.20787 0.0302083 0.0509259 0.579004
2 0.0596354 0.636111 0.0598958 0.109259 0.588111
2 0.795052 0.956481 0.0890625 0.0833333 0.599612
5 0.361979 0.274074 0.09375 0.114815 0.613241
7 0.764844 0.406944 0.0536458 0.110185 0.68818
2 0.817708 0.188889 0.01875 0.037037 0.689821
2 0.711198 0.390741 0.0453125 0.0759259 0.721259
0 0.878646 0.784722 0.0229167 0.0990741 0.811274
2 0.349479 0.725 0.0864583 0.166667 0.825977
2 0.211979 0.442593 0.0572917 0.0740741 0.847529
