0 0.352865 0.353704 0.0119792 0.0407407 0.27848
2 0.464844 0.405093 0.0348958 0.0657407 0.296292
0 0.691406 0.656018 0.0161458 0.0453704 0.304955
2 0.488542 0.270833 0.0416667 0.0453704 0.305882
9 0.974479 0.738889 0.0114583 0.0537037 0.31353
0 0.93724 0.793056 0.0203125 0.0675926 0.315363
7 0.6625 0.251389 0.0583333 0.0787037 0.330432
3 0.692969 0.700926 0.0401042 0.0796296 0.381892
7 0.226823 0.313426 0.0515625 0.100926 0.38756
2 0.463802 0.353241 0.0359375 0.0731481 0.401717
2 0.5375 0.248611 0.0458333 0.0509259 0.404549
0 0.91276 0.74213 0.0151042 0.0731481 0.419144
0 0.929688 0.740741 0.0145833 0.0648148 0.444589
0 0.904427 0.481944 0.00989583 0.0546296 0.460122
2 0.228906 0.88287 0.0901042 0.189815 0.670663
7 0.409635 0.37963 0.0442708 0.148148 0.732829
2 0.434375 0.476852 0.053125 0.087037 0.800644
2 0.491667 0.553704 0.0802083 0.111111 0.839229
2 0.502865 0.475926 0.0692708 0.1 0.850322
2 0.439323 0.602315 0.0734375 0.121296 0.862203
2 0.54349 0.440741 0.0692708 0.0814815 0.874498
2 0.384375 0.506481 0.05 0.101852 0.877229
