5 0.435417 0.256481 0.0677083 0.0981481 0.255456
2 0.481771 0.229167 0.034375 0.037963 0.277393
7 0.477865 0.193981 0.0557292 0.0638889 0.278673
2 0.441927 0.273611 0.0526042 0.075 0.29503
0 0.932292 0.743981 0.0197917 0.0638889 0.307324
9 0.973958 0.7375 0.0125 0.0509259 0.307647
7 0.66849 0.259259 0.0671875 0.0962963 0.307736
0 0.914062 0.597222 0.0145833 0.0685185 0.333659
0 0.973698 0.737963 0.0119792 0.0518519 0.342852
0 0.921875 0.725926 0.0166667 0.0666667 0.343957
2 0.247917 0.294907 0.028125 0.0416667 0.350471
0 0.895573 0.436574 0.00989583 0.0435185 0.361304
5 0.478125 0.193519 0.0552083 0.0611111 0.409524
9 0.352083 0.352778 0.0125 0.0444444 0.412583
0 0.936719 0.797685 0.0223958 0.0675926 0.441307
2 0.839844 0.106481 0.0161458 0.0296296 0.451179
7 0.213021 0.287963 0.040625 0.0814815 0.463888
5 0.213281 0.2875 0.0411458 0.0824074 0.507934
0 0.882031 0.74537 0.0171875 0.0722222 0.53762
5 0.423698 0.228704 0.0807292 0.0888889 0.603031
2 0.542448 0.199537 0.0296875 0.0435185 0.616542
2 0.394271 0.29537 0.0479167 0.0574074 0.712112
2 0.541667 0.643981 0.0947917 0.134259 0.814552
2 0.407813 0.47037 0.0510417 0.0925926 0.866578
2 0.695833 0.802778 0.122917 0.174074 0.888593
2 0.724479 0.704167 0.102083 0.147222 0.890129
