2 0.843229 0.100926 0.0135417 0.0259259 0.261008
2 0.289323 0.814352 0.207813 0.371296 0.268907
0 0.921094 0.737037 0.0286458 0.0759259 0.273957
7 0.666927 0.262037 0.0661458 0.1 0.295543
0 0.898177 0.406944 0.0109375 0.0472222 0.301379
0 0.913281 0.739352 0.0171875 0.0657407 0.317515
2 0.528906 0.238426 0.0380208 0.037963 0.330872
0 0.872135 0.443519 0.0119792 0.0537037 0.333925
5 0.486979 0.197222 0.0552083 0.0796296 0.338505
9 0.973958 0.737037 0.0125 0.0537037 0.349771
0 0.938802 0.79537 0.0234375 0.0703704 0.432544
2 0.454167 0.30463 0.0427083 0.0537037 0.436591
2 0.278646 0.363889 0.0333333 0.087037 0.445828
0 0.88125 0.730093 0.0166667 0.0601852 0.458137
2 0.803385 0.249537 0.0244792 0.0342593 0.497834
2 0.491146 0.27037 0.0385417 0.0425926 0.521865
0 0.929688 0.743981 0.01875 0.0675926 0.569188
2 0.0932292 0.610648 0.0635417 0.0972222 0.641742
7 0.278646 0.363889 0.0333333 0.087037 0.663869
5 0.22474 0.405093 0.0619792 0.165741 0.672536
2 0.480729 0.388889 0.0364583 0.0814815 0.675179
5 0.448177 0.218056 0.0994792 0.100926 0.720684
2 0.820573 0.780093 0.132812 0.187963 0.746596
5 0.291667 0.812037 0.210417 0.372222 0.81816
2 0.602083 0.660185 0.0989583 0.135185 0.86242
2 0.514844 0.473148 0.0661458 0.103704 0.876257
2 0.584375 0.551389 0.0760417 0.10463 0.884133
7 0.445052 0.488426 0.0942708 0.206481 0.888662
2 0.777344 0.854167 0.130729 0.191667 0.898374
2 0.620313 0.825463 0.123958 0.182407 0.922879
