0 0.0877604 0.511111 0.0255208 0.062963 0.26664
0 0.923437 0.721759 0.0166667 0.0657407 0.278002
0 0.936198 0.796296 0.0223958 0.0703704 0.318769
2 0.448698 0.258333 0.0411458 0.0444444 0.319843
0 0.0591146 0.631944 0.0140625 0.0564815 0.321618
2 0.209635 0.282407 0.0369792 0.0777778 0.331849
7 0.663281 0.252778 0.0557292 0.0814815 0.334963
2 0.488021 0.225 0.0354167 0.037037 0.340054
7 0.661198 0.722685 0.124479 0.19537 0.351946
7 0.908333 0.901852 0.179167 0.194444 0.356094
9 0.973958 0.737963 0.0125 0.0537037 0.407673
2 0.660937 0.722685 0.125 0.19537 0.445953
5 0.661458 0.722685 0.126042 0.197222 0.476191
2 0.406771 0.325926 0.0572917 0.0703704 0.505834
0 0.892708 0.487963 0.0125 0.0592593 0.550707
0 0.882031 0.745833 0.0171875 0.0731481 0.571937
5 0.441667 0.220833 0.122917 0.108333 0.625032
2 0.396354 0.296296 0.05 0.0574074 0.761301
2 0.39349 0.420833 0.0348958 0.075 0.796028
2 0.436458 0.495833 0.05625 0.0990741 0.824753
2 0.417969 0.341667 0.0494792 0.062963 0.851239
2 0.46901 0.358796 0.0296875 0.0638889 0.858532
