0 0.945573 0.684722 0.0130208 0.0490741 0.259745
0 0.891667 0.483796 0.0104167 0.0527778 0.273807
0 0.922917 0.724537 0.0177083 0.0675926 0.280216
0 0.959896 0.814352 0.021875 0.062037 0.304595
0 0.973437 0.739815 0.0114583 0.0518519 0.314037
2 0.281771 0.366204 0.0364583 0.0583333 0.333618
0 0.938281 0.798611 0.0244792 0.0694444 0.443204
2 0.839583 0.109722 0.015625 0.0268519 0.464814
0 0.872135 0.76713 0.0161458 0.0657407 0.499076
5 0.441927 0.217593 0.125521 0.109259 0.59189
7 0.225521 0.310648 0.0510417 0.0898148 0.619552
2 0.463021 0.259722 0.0447917 0.0546296 0.703244
2 0.396354 0.316204 0.0541667 0.0787037 0.722015
2 0.564844 0.668056 0.104687 0.143519 0.855548
2 0.8 0.906018 0.13125 0.182407 0.902628
