58 0.0289063 0.785185 0.0557292 0.146296 0.250667
7 0.241667 0.806019 0.182292 0.378704 0.254049
7 0.210938 0.285648 0.0395833 0.0712963 0.257311
2 0.59401 0.146296 0.0192708 0.0296296 0.298047
2 0.824479 0.175926 0.015625 0.0277778 0.324872
0 0.973958 0.7375 0.0114583 0.0527778 0.327733
9 0.974219 0.7375 0.0119792 0.0527778 0.38039
2 0.210417 0.284259 0.0385417 0.0722222 0.387266
0 0.0109375 0.983796 0.0197917 0.0305556 0.390663
7 0.6625 0.251389 0.0552083 0.0768519 0.400226
2 0.510938 0.256481 0.0416667 0.0407407 0.409923
0 0.93776 0.794444 0.0213542 0.0703704 0.451038
5 0.477083 0.210185 0.0552083 0.0944444 0.471738
0 0.929427 0.743056 0.0151042 0.0657407 0.494795
2 0.514323 0.4625 0.0588542 0.087963 0.499397
5 0.424479 0.222222 0.0822917 0.0962963 0.509093
2 0.548177 0.221296 0.0338542 0.0388889 0.514358
2 0.397135 0.294444 0.0473958 0.0592593 0.565344
2 0.402344 0.393981 0.0380208 0.0731481 0.595687
2 0.909375 0.874074 0.102083 0.162963 0.663419
0 0.881771 0.746296 0.0208333 0.0777778 0.663489
2 0.435156 0.471296 0.0536458 0.116667 0.712801
2 0.45 0.306944 0.0447917 0.0546296 0.733875
7 0.302865 0.655556 0.0807292 0.187037 0.742643
5 0.240104 0.806944 0.180208 0.380556 0.782741
2 0.669531 0.62037 0.106771 0.142593 0.904822
7 0.516927 0.58287 0.139062 0.247222 0.904871
2 0.668229 0.727315 0.110417 0.149074 0.911961
2 0.65599 0.866204 0.135937 0.191667 0.915287
2 0.795833 0.87963 0.130208 0.192593 0.918303
