0 0.916146 0.738889 0.0177083 0.0814815 0.255004
0 0.9375 0.801852 0.015625 0.0574074 0.294513
0 0.959896 0.814815 0.0229167 0.0648148 0.332961
5 0.23724 0.334259 0.0505208 0.103704 0.380575
0 0.889583 0.526389 0.0104167 0.0583333 0.407551
7 0.2375 0.334722 0.05 0.10463 0.445935
0 0.973958 0.739815 0.0114583 0.0537037 0.472363
0 0.952083 0.747222 0.015625 0.0611111 0.47876
2 0.840104 0.10787 0.0166667 0.0305556 0.490955
2 0.482031 0.228241 0.0369792 0.0416667 0.558185
5 0.44349 0.218981 0.119271 0.100926 0.599113
2 0.395052 0.321296 0.0557292 0.0648148 0.657252
2 0.271615 0.465278 0.0359375 0.0990741 0.726887
2 0.450521 0.273611 0.04375 0.0583333 0.776014
2 0.728125 0.838889 0.139583 0.2 0.907607
