2 0.843229 0.101389 0.0135417 0.025 0.261558
0 0.913021 0.740278 0.0166667 0.062037 0.289036
0 0.898177 0.406481 0.0109375 0.0462963 0.302353
7 0.666927 0.262037 0.0661458 0.1 0.312332
2 0.285937 0.810185 0.205208 0.37963 0.31593
0 0.872135 0.443519 0.0119792 0.0537037 0.334893
9 0.973958 0.737037 0.0125 0.0537037 0.342424
2 0.529167 0.238426 0.0375 0.037963 0.353405
7 0.0966146 0.607407 0.0630208 0.1 0.39591
7 0.226042 0.401852 0.0625 0.166667 0.408396
0 0.938802 0.79537 0.0234375 0.0703704 0.422668
0 0.88099 0.736574 0.0171875 0.075 0.482852
2 0.096875 0.608333 0.0625 0.0981481 0.504309
2 0.490365 0.270833 0.0390625 0.0435185 0.517241
5 0.227865 0.402315 0.0651042 0.165741 0.529742
2 0.278125 0.360185 0.034375 0.0907407 0.53274
2 0.802083 0.251389 0.0229167 0.037963 0.536865
0 0.929688 0.744444 0.01875 0.0666667 0.537005
2 0.454427 0.303704 0.0421875 0.05 0.548406
7 0.278125 0.360185 0.034375 0.0907407 0.688614
2 0.48099 0.388889 0.0359375 0.0796296 0.71883
5 0.455469 0.216667 0.116146 0.105556 0.750559
2 0.817187 0.774074 0.133333 0.185185 0.797706
5 0.288542 0.808796 0.20625 0.380556 0.822451
2 0.582812 0.551389 0.0770833 0.106481 0.886128
2 0.514323 0.471759 0.0661458 0.102778 0.886503
7 0.444531 0.484722 0.0932292 0.202778 0.890069
2 0.601302 0.660648 0.0994792 0.132407 0.892069
2 0.777344 0.85463 0.130729 0.190741 0.894009
2 0.619531 0.825 0.124479 0.181481 0.914225
