0 0.973958 0.738889 0.0114583 0.0537037 0.254926
7 0.66901 0.261111 0.0692708 0.0981481 0.274766
0 0.0869792 0.511111 0.0239583 0.062963 0.302718
0 0.889063 0.418981 0.009375 0.0509259 0.316034
0 0.932813 0.744907 0.0208333 0.0638889 0.333533
2 0.211198 0.283796 0.0380208 0.0768519 0.351696
9 0.974219 0.738426 0.0119792 0.0527778 0.358816
0 0.922656 0.722685 0.0171875 0.0712963 0.36258
0 0.901042 0.553704 0.0145833 0.0703704 0.39636
2 0.840104 0.108796 0.0166667 0.0305556 0.407833
2 0.571354 0.176852 0.0208333 0.0296296 0.426274
0 0.936198 0.796759 0.0223958 0.0712963 0.449298
5 0.441927 0.214352 0.124479 0.100926 0.457277
2 0.483594 0.240741 0.0546875 0.0648148 0.473997
0 0.882292 0.74537 0.0177083 0.0722222 0.505568
7 0.885677 0.91713 0.132812 0.163889 0.586363
2 0.395312 0.29537 0.0489583 0.0574074 0.765042
2 0.390625 0.414352 0.034375 0.0768519 0.770422
2 0.589323 0.694444 0.103646 0.142593 0.875419
2 0.468229 0.553241 0.0770833 0.113889 0.878085
2 0.598177 0.581019 0.0796875 0.119444 0.879047
