2 0.559375 0.206481 0.0322917 0.0351852 0.329446
2 0.53099 0.2375 0.0390625 0.0398148 0.344478
2 0.464583 0.387963 0.034375 0.087037 0.402422
9 0.974219 0.738426 0.0109375 0.0509259 0.41547
0 0.885938 0.593518 0.0114583 0.0555556 0.447627
0 0.898438 0.480556 0.0114583 0.0518519 0.45348
9 0.410417 0.391667 0.04375 0.159259 0.478901
0 0.914323 0.733333 0.0182292 0.0833333 0.500888
0 0.9375 0.793056 0.0208333 0.0694444 0.550611
5 0.213802 0.283796 0.0546875 0.100926 0.567055
5 0.533333 0.164352 0.0739583 0.0787037 0.58582
7 0.232812 0.394907 0.0458333 0.150926 0.630568
0 0.928385 0.742593 0.0140625 0.0722222 0.652997
7 0.738281 0.906944 0.131771 0.180556 0.668007
7 0.410156 0.39213 0.0442708 0.158333 0.677652
2 0.494271 0.314352 0.0385417 0.0601852 0.698595
2 0.485417 0.450926 0.0520833 0.0814815 0.813569
2 0.692708 0.45 0.08125 0.0722222 0.816958
2 0.561458 0.531018 0.0895833 0.121296 0.8297
2 0.439323 0.597222 0.0755208 0.12963 0.86095
2 0.459115 0.508333 0.0640625 0.0962963 0.864707
2 0.594792 0.659259 0.103125 0.138889 0.892041
