7 0.797917 0.297222 0.040625 0.0796296 0.291509
7 0.669792 0.262963 0.0677083 0.101852 0.296485
0 0.924479 0.660648 0.015625 0.0657407 0.322647
0 0.0872396 0.518519 0.0234375 0.0740741 0.370484
9 0.973698 0.736574 0.0130208 0.0546296 0.409507
2 0.797656 0.298148 0.0401042 0.0796296 0.471698
2 0.76224 0.263889 0.0286458 0.0481481 0.472441
2 0.563542 0.211111 0.034375 0.0462963 0.480321
2 0.501562 0.224074 0.0302083 0.0333333 0.515584
2 0.827865 0.150926 0.0151042 0.0296296 0.584193
0 0.886719 0.709722 0.0203125 0.0787037 0.630063
2 0.488281 0.26713 0.0401042 0.0546296 0.701961
2 0.83151 0.905556 0.0994792 0.17963 0.78198
2 0.0630208 0.59213 0.0614583 0.0861111 0.809923
2 0.349479 0.725463 0.0864583 0.163889 0.825012
5 0.339844 0.301389 0.158854 0.178704 0.879973
2 0.497656 0.897222 0.107813 0.17037 0.883157
