0 0.936458 0.797222 0.0229167 0.0703704 0.255757
0 0.00807292 0.985648 0.0161458 0.0268519 0.271234
0 0.0872396 0.511111 0.0255208 0.062963 0.281029
7 0.671354 0.263426 0.0708333 0.102778 0.303238
0 0.0609375 0.660648 0.0145833 0.0583333 0.309078
2 0.211198 0.280556 0.0369792 0.0666667 0.339094
0 0.895833 0.456944 0.0104167 0.0435185 0.375045
5 0.428125 0.221296 0.0875 0.0907407 0.391069
0 0.922396 0.723148 0.0166667 0.0685185 0.399271
2 0.528906 0.212037 0.0411458 0.0444444 0.422098
2 0.840104 0.109722 0.0166667 0.0268519 0.443934
9 0.973958 0.7375 0.0114583 0.0490741 0.460717
2 0.450521 0.257407 0.0427083 0.0462963 0.48896
2 0.483594 0.227315 0.0359375 0.037963 0.554164
0 0.897135 0.527315 0.0130208 0.0638889 0.573687
0 0.882031 0.746296 0.0171875 0.0722222 0.580795
7 0.807031 0.872222 0.141146 0.222222 0.656069
2 0.395833 0.296296 0.0510417 0.0574074 0.703291
2 0.42526 0.495833 0.0598958 0.100926 0.8077
2 0.521094 0.484722 0.0567708 0.0935185 0.849058
2 0.397396 0.377778 0.0447917 0.0722222 0.852504
2 0.515885 0.6125 0.0838542 0.126852 0.882034
