7 0.948958 0.297222 0.102083 0.594444 0.262836
7 0.779948 0.221759 0.0234375 0.0398148 0.276801
2 0.779688 0.221759 0.0239583 0.0398148 0.285795
7 0.446615 0.294907 0.0442708 0.0953704 0.288174
9 0.973698 0.7375 0.0119792 0.0546296 0.354815
2 0.833333 0.137963 0.015625 0.0259259 0.412818
2 0.808073 0.258333 0.0317708 0.0648148 0.46193
7 0.854948 0.851389 0.0921875 0.187963 0.478572
2 0.446354 0.298611 0.04375 0.0898148 0.495546
0 0.893229 0.681019 0.0208333 0.0824074 0.638587
2 0.53099 0.237037 0.0401042 0.0462963 0.649805
2 0.854948 0.851852 0.0932292 0.188889 0.761594
2 0.349479 0.725463 0.0854167 0.163889 0.824842
5 0.361198 0.277778 0.0755208 0.1 0.834115
2 0.603906 0.859259 0.107813 0.198148 0.836752
2 0.591927 0.6875 0.0786458 0.121296 0.88639
5 0.279687 0.346296 0.107292 0.148148 0.891794
