0 0.90651 0.763426 0.0171875 0.0675926 0.270918
0 0.976042 0.606944 0.0145833 0.0768519 0.283381
0 0.84974 0.825463 0.0130208 0.0564815 0.338843
0 0.888542 0.560185 0.0125 0.0666667 0.372678
0 0.947396 0.748611 0.0145833 0.0435185 0.393025
0 0.973698 0.737963 0.0109375 0.0518519 0.405428
7 0.236719 0.370833 0.0411458 0.137963 0.417511
0 0.936458 0.799537 0.0166667 0.0638889 0.421214
2 0.839323 0.110185 0.0151042 0.0240741 0.44361
2 0.261719 0.322685 0.0244792 0.037963 0.446225
2 0.482031 0.22963 0.0380208 0.0425926 0.462093
0 0.447656 0.662963 0.0328125 0.1 0.467677
5 0.440625 0.218981 0.125 0.108333 0.519225
2 0.85651 0.937963 0.129688 0.122222 0.721912
2 0.395573 0.32037 0.0546875 0.0703704 0.734677
2 0.446354 0.275926 0.0458333 0.0611111 0.741995
2 0.298177 0.594907 0.0567708 0.125 0.868824
