7 0.790104 0.858796 0.141667 0.230556 0.277008
1 0.936458 0.797222 0.0229167 0.0703704 0.292777
2 0.535677 0.206019 0.0442708 0.0527778 0.305217
5 0.426823 0.222222 0.0848958 0.0888889 0.34714
7 0.671094 0.263889 0.0723958 0.103704 0.366162
2 0.839583 0.110648 0.0166667 0.0268519 0.39157
9 0.973958 0.737037 0.0125 0.05 0.404029
0 0.922396 0.724537 0.0177083 0.0712963 0.405018
2 0.791146 0.859259 0.141667 0.227778 0.438087
2 0.45 0.25787 0.0427083 0.0453704 0.527497
2 0.483594 0.227778 0.0369792 0.0388889 0.536494
0 0.881771 0.746759 0.0166667 0.0712963 0.559799
0 0.897135 0.524537 0.0130208 0.0638889 0.584023
5 0.789323 0.857407 0.142188 0.22963 0.674418
2 0.395573 0.296296 0.0505208 0.0574074 0.722547
2 0.399479 0.371759 0.04375 0.0712963 0.802923
2 0.510677 0.471296 0.0557292 0.0981481 0.847313
2 0.419531 0.484722 0.0546875 0.0898148 0.867774
2 0.504427 0.596296 0.0796875 0.122222 0.890603
