2 0.255469 0.318981 0.0223958 0.0361111 0.278045
0 0.91224 0.471759 0.0119792 0.0583333 0.278142
5 0.446094 0.250463 0.0921875 0.0972222 0.294034
0 0.889583 0.981481 0.0145833 0.037037 0.298962
0 0.923177 0.908333 0.0213542 0.0740741 0.327201
7 0.949479 0.298148 0.101042 0.596296 0.330004
2 0.840365 0.106019 0.0161458 0.0268519 0.361499
9 0.974219 0.737963 0.0119792 0.0537037 0.394679
0 0.910417 0.689815 0.0125 0.0407407 0.396606
2 0.48099 0.228704 0.0369792 0.0425926 0.488921
0 0.890625 0.705093 0.0166667 0.0731481 0.535162
5 0.0505208 0.589815 0.1 0.159259 0.625363
2 0.385677 0.321296 0.0536458 0.0685185 0.658884
5 0.442448 0.218981 0.122396 0.110185 0.696447
2 0.446354 0.27963 0.0458333 0.0574074 0.814149
2 0.349479 0.725 0.0864583 0.166667 0.830325
2 0.174479 0.519444 0.0625 0.0888889 0.851519
