0 0.0875 0.510648 0.0260417 0.0601852 0.250015
0 0.939844 0.791667 0.0234375 0.0703704 0.254967
7 0.276042 0.339815 0.034375 0.0722222 0.261025
7 0.94974 0.297222 0.100521 0.592593 0.277381
2 0.560417 0.208796 0.0291667 0.037963 0.312227
7 0.667188 0.258796 0.0635417 0.0916667 0.314158
0 0.914323 0.734722 0.0171875 0.0657407 0.318768
2 0.840104 0.100463 0.0166667 0.0268519 0.319864
0 0.880208 0.715741 0.015625 0.0666667 0.326304
9 0.973698 0.737037 0.0119792 0.0518519 0.36607
5 0.236979 0.368519 0.0489583 0.135185 0.399688
0 0.929427 0.739815 0.0151042 0.0666667 0.407227
7 0.236979 0.368981 0.0489583 0.136111 0.414667
2 0.459375 0.298611 0.040625 0.0453704 0.422701
2 0.490104 0.269444 0.0395833 0.0425926 0.440318
0 0.896354 0.419907 0.0104167 0.0509259 0.441794
2 0.529167 0.237963 0.0364583 0.0407407 0.499272
2 0.276302 0.339815 0.0338542 0.0722222 0.513079
2 0.79375 0.277315 0.025 0.0490741 0.537458
2 0.479688 0.37963 0.0354167 0.0759259 0.721004
2 0.167708 0.528704 0.0572917 0.0888889 0.764467
2 0.564062 0.530093 0.0729167 0.0990741 0.820164
2 0.502604 0.460185 0.0614583 0.1 0.844003
5 0.463802 0.208333 0.113021 0.111111 0.850616
2 0.773698 0.853241 0.127604 0.186111 0.851826
7 0.433594 0.465278 0.0817708 0.191667 0.8659
2 0.736198 0.694907 0.126563 0.162037 0.875159
2 0.570052 0.628704 0.0901042 0.131481 0.883938
5 0.24401 0.741204 0.133854 0.413889 0.884073
2 0.61224 0.816204 0.126563 0.180556 0.905793
