7 0.921094 0.912037 0.156771 0.166667 0.259189
2 0.838542 0.112963 0.0166667 0.0296296 0.270321
9 0.352083 0.355093 0.0135417 0.0435185 0.307401
1 0.936198 0.796759 0.0234375 0.0731481 0.323553
0 0.928646 0.735185 0.0239583 0.0685185 0.335131
7 0.663021 0.253241 0.05625 0.0824074 0.339534
2 0.209896 0.282407 0.0375 0.0796296 0.346681
2 0.48724 0.225463 0.0369792 0.037963 0.372854
0 0.0604167 0.635648 0.0125 0.0583333 0.382305
9 0.973958 0.737963 0.0125 0.0537037 0.382523
0 0.0877604 0.511111 0.0255208 0.0648148 0.401835
9 0.590365 0.17037 0.0161458 0.0351852 0.411318
0 0.922656 0.724074 0.0182292 0.0722222 0.468058
2 0.45026 0.258796 0.0421875 0.0435185 0.474851
0 0.893229 0.489352 0.0125 0.0583333 0.530137
0 0.882292 0.746296 0.0177083 0.0722222 0.59637
2 0.680208 0.741204 0.128125 0.20463 0.6854
5 0.441927 0.218981 0.122396 0.110185 0.716411
2 0.396354 0.297222 0.05 0.0592593 0.765203
2 0.395833 0.427778 0.0364583 0.0759259 0.774269
2 0.444271 0.509722 0.0604167 0.102778 0.786358
2 0.470052 0.373611 0.0328125 0.0675926 0.797287
2 0.416146 0.343056 0.0489583 0.0638889 0.852051
