0 0.896354 0.421759 0.0104167 0.0472222 0.265836
7 0.947917 0.297222 0.104167 0.592593 0.266529
0 0.939844 0.791667 0.0234375 0.0722222 0.268525
2 0.208854 0.282407 0.034375 0.0722222 0.283542
2 0.528906 0.239815 0.0359375 0.0388889 0.291713
2 0.840625 0.100926 0.015625 0.0259259 0.301624
0 0.921354 0.735185 0.0291667 0.0796296 0.313361
7 0.240104 0.361111 0.046875 0.131481 0.318815
9 0.973958 0.7375 0.0125 0.0527778 0.331527
7 0.664844 0.256944 0.0598958 0.0898148 0.341537
0 0.913281 0.735185 0.0171875 0.0703704 0.377792
2 0.488542 0.271296 0.0416667 0.0444444 0.428776
2 0.459635 0.298148 0.0421875 0.0462963 0.506988
5 0.240365 0.361574 0.0473958 0.132407 0.509237
2 0.274219 0.331944 0.0348958 0.0657407 0.536831
2 0.790625 0.293056 0.0260417 0.0453704 0.53758
0 0.928646 0.740278 0.0145833 0.0731481 0.539464
0 0.880208 0.711574 0.015625 0.075 0.596312
2 0.191406 0.500463 0.0557292 0.0898148 0.610201
2 0.479688 0.373148 0.0333333 0.0777778 0.670385
5 0.469792 0.205093 0.1125 0.110185 0.762883
2 0.7125 0.673611 0.123958 0.169444 0.805722
7 0.429688 0.458333 0.0760417 0.185185 0.826458
2 0.496615 0.450926 0.0578125 0.101852 0.833664
5 0.232031 0.702778 0.109896 0.37037 0.849882
2 0.55651 0.526389 0.0734375 0.0972222 0.875046
2 0.604427 0.809722 0.125521 0.178704 0.886944
2 0.558333 0.617593 0.0885417 0.122222 0.899965
2 0.769792 0.849537 0.129167 0.186111 0.911436
