7 0.477865 0.193981 0.0557292 0.0638889 0.25031
0 0.447917 0.658333 0.028125 0.0888889 0.258183
7 0.66901 0.260185 0.0682292 0.0981481 0.305298
9 0.973958 0.7375 0.0125 0.0509259 0.309226
2 0.48151 0.229167 0.0348958 0.037963 0.3196
0 0.932292 0.743981 0.0197917 0.0638889 0.323741
0 0.921875 0.725926 0.0166667 0.0666667 0.348146
0 0.973698 0.737963 0.0119792 0.0518519 0.351795
0 0.936458 0.799074 0.021875 0.0648148 0.389142
2 0.248698 0.296296 0.0255208 0.0407407 0.3897
7 0.21276 0.288889 0.0411458 0.0796296 0.406897
9 0.351823 0.352315 0.0130208 0.0435185 0.415078
5 0.478125 0.193519 0.0552083 0.0611111 0.421089
0 0.895052 0.436574 0.00989583 0.0435185 0.429775
0 0.914844 0.597222 0.0151042 0.0703704 0.441141
2 0.839844 0.106481 0.0161458 0.0296296 0.45689
2 0.440365 0.276389 0.0515625 0.0712963 0.483471
5 0.213281 0.288426 0.0411458 0.0787037 0.528109
0 0.882292 0.744907 0.0177083 0.0731481 0.552317
2 0.540365 0.201389 0.0307292 0.0416667 0.568033
5 0.423958 0.226389 0.08125 0.087963 0.613181
2 0.394271 0.29537 0.0479167 0.0574074 0.734345
2 0.545573 0.647685 0.0932292 0.137963 0.759769
2 0.408333 0.472222 0.0510417 0.0888889 0.874993
2 0.699479 0.805093 0.125 0.167593 0.902744
2 0.729167 0.709722 0.103125 0.147222 0.910421
