2 0.489583 0.223611 0.034375 0.0361111 0.304754
0 0.922656 0.723148 0.0171875 0.0703704 0.324011
7 0.663021 0.253241 0.0572917 0.0824074 0.361202
2 0.449219 0.25787 0.0411458 0.0453704 0.369789
9 0.974219 0.737963 0.0119792 0.0537037 0.373601
0 0.935938 0.796759 0.021875 0.0694444 0.392009
2 0.209896 0.28287 0.0375 0.0787037 0.508096
0 0.890885 0.478704 0.0119792 0.0537037 0.543586
0 0.881771 0.745833 0.0177083 0.0731481 0.571884
2 0.64375 0.704167 0.123958 0.191667 0.641046
2 0.396354 0.296296 0.05 0.0592593 0.665046
5 0.441146 0.218981 0.125 0.108333 0.698974
7 0.886719 0.889352 0.204688 0.217593 0.787257
2 0.432813 0.490741 0.0510417 0.087037 0.809297
2 0.391667 0.408796 0.034375 0.0824074 0.811662
2 0.46875 0.343981 0.0291667 0.0601852 0.852561
2 0.418229 0.340278 0.0510417 0.062037 0.858359
