0 0.0872396 0.513889 0.0255208 0.0703704 0.277703
2 0.871094 0.563889 0.0213542 0.0296296 0.29262
7 0.948698 0.297222 0.102604 0.594444 0.321423
9 0.973698 0.737037 0.0119792 0.0537037 0.358284
0 0.891667 0.688426 0.01875 0.0768519 0.487842
5 0.31276 0.323148 0.151562 0.174074 0.560627
2 0.832552 0.140741 0.0171875 0.0259259 0.570918
2 0.77474 0.231481 0.0234375 0.0407407 0.595625
7 0.847135 0.865278 0.0953125 0.171296 0.596549
2 0.846875 0.865278 0.0947917 0.173148 0.618887
2 0.804167 0.268056 0.0302083 0.0657407 0.633139
2 0.459896 0.283796 0.0447917 0.0898148 0.659194
5 0.366667 0.274537 0.06875 0.100926 0.680718
2 0.538021 0.226852 0.0395833 0.0444444 0.703785
2 0.349479 0.725463 0.0854167 0.163889 0.829677
2 0.567448 0.919907 0.118229 0.15463 0.879871
2 0.56875 0.741204 0.0875 0.136111 0.909151
