7 0.672135 0.263426 0.0734375 0.108333 0.382617
0 0.973958 0.738426 0.0125 0.0564815 0.416063
7 0.947656 0.298148 0.104687 0.594444 0.450398
2 0.255208 0.31713 0.021875 0.0342593 0.498335
2 0.709635 0.394907 0.0463542 0.0768519 0.536751
2 0.561458 0.205093 0.03125 0.0472222 0.539913
2 0.794271 0.958333 0.0885417 0.0814815 0.59714
7 0.709635 0.394444 0.0463542 0.0777778 0.606424
7 0.0604167 0.634259 0.0645833 0.111111 0.611441
2 0.817708 0.191204 0.01875 0.0361111 0.663555
7 0.763281 0.410648 0.0536458 0.110185 0.679845
5 0.3875 0.260185 0.14375 0.137037 0.689119
0 0.878125 0.787037 0.0239583 0.103704 0.776009
2 0.349479 0.725 0.0864583 0.166667 0.823594
2 0.214844 0.440741 0.0588542 0.0759259 0.861218
