0 0.946875 0.706481 0.0166667 0.0685185 0.276235
5 0.454688 0.253704 0.0583333 0.0666667 0.312021
0 0.959896 0.815278 0.0229167 0.0638889 0.330491
0 0.973437 0.738426 0.0125 0.0546296 0.36329
0 0.86875 0.772685 0.015625 0.062037 0.385681
0 0.890625 0.491667 0.0104167 0.0481481 0.399513
2 0.839844 0.109722 0.0151042 0.0268519 0.469587
2 0.276302 0.385185 0.0307292 0.0537037 0.50112
7 0.226823 0.314815 0.0526042 0.0925926 0.511167
5 0.439583 0.222222 0.117708 0.101852 0.521329
0 0.92474 0.728704 0.0234375 0.0814815 0.527651
0 0.93776 0.798611 0.0244792 0.0694444 0.553606
2 0.226823 0.314352 0.0526042 0.0916667 0.5655
2 0.396615 0.316667 0.0546875 0.0777778 0.707109
2 0.459375 0.2625 0.046875 0.0546296 0.734133
2 0.836458 0.924537 0.1375 0.147222 0.891366
2 0.59375 0.697685 0.1125 0.15463 0.903899
