0 0.959635 0.815741 0.0213542 0.0648148 0.26519
7 0.208594 0.274537 0.0526042 0.0898148 0.286164
0 0.91224 0.740741 0.0151042 0.0611111 0.287576
9 0.410417 0.381019 0.0427083 0.14537 0.331407
0 0.88724 0.552315 0.0119792 0.0601852 0.375048
0 0.9375 0.793519 0.0208333 0.0685185 0.417342
9 0.973698 0.738426 0.0119792 0.0527778 0.421919
0 0.903125 0.481944 0.0104167 0.0583333 0.439864
2 0.561719 0.205556 0.0317708 0.0351852 0.459752
0 0.928646 0.742593 0.0145833 0.0703704 0.471249
2 0.4625 0.362037 0.0364583 0.0759259 0.489965
2 0.505469 0.3 0.0401042 0.0537037 0.523524
2 0.530469 0.237037 0.0380208 0.0388889 0.538677
5 0.208594 0.276389 0.0526042 0.0916667 0.542663
2 0.284375 0.956019 0.0958333 0.0861111 0.586418
2 0.578125 0.763426 0.109375 0.156481 0.665232
7 0.410417 0.380093 0.04375 0.149074 0.697471
2 0.471875 0.424537 0.0427083 0.0768519 0.751781
2 0.402083 0.539815 0.0583333 0.112963 0.813197
2 0.527083 0.490741 0.0791667 0.109259 0.850802
2 0.586458 0.45787 0.0802083 0.0824074 0.8624
2 0.442708 0.491204 0.059375 0.0972222 0.862908
2 0.53099 0.593982 0.0901042 0.119444 0.907697
