0 0.904948 0.500463 0.0119792 0.062037 0.287754
5 0.451823 0.255556 0.0578125 0.0648148 0.333383
0 0.93724 0.799074 0.0223958 0.0666667 0.364662
2 0.483333 0.227778 0.03125 0.037037 0.376892
0 0.973437 0.738426 0.0114583 0.0509259 0.377788
5 0.228906 0.32037 0.0505208 0.0907407 0.38445
2 0.229167 0.319444 0.0510417 0.0907407 0.384458
0 0.890885 0.497685 0.00989583 0.0583333 0.395804
0 0.951042 0.709259 0.0145833 0.0555556 0.412792
0 0.867448 0.773148 0.0130208 0.0518519 0.434757
2 0.840365 0.105556 0.0171875 0.0314815 0.443624
7 0.229167 0.319907 0.05 0.0898148 0.463741
0 0.921094 0.724537 0.0203125 0.0731481 0.529663
5 0.442708 0.220833 0.120833 0.0990741 0.567358
2 0.273958 0.393519 0.0302083 0.062963 0.654368
2 0.396094 0.318056 0.0536458 0.0712963 0.660766
2 0.455208 0.265278 0.0447917 0.0527778 0.799348
2 0.8625 0.938426 0.144792 0.119444 0.858885
2 0.617708 0.723148 0.119792 0.162963 0.914952
