5 0.227344 0.315741 0.0526042 0.0962963 0.268064
0 0.0539063 0.74213 0.0171875 0.0731481 0.295653
5 0.455729 0.257407 0.053125 0.062963 0.323749
0 0.948177 0.710185 0.0161458 0.0703704 0.325515
0 0.959896 0.815278 0.0229167 0.0638889 0.340536
0 0.973437 0.738426 0.0125 0.0546296 0.349346
0 0.890365 0.49213 0.00989583 0.0472222 0.362719
0 0.868229 0.772222 0.0145833 0.0555556 0.4322
2 0.839844 0.109722 0.0151042 0.0268519 0.47356
5 0.436198 0.223611 0.108854 0.0972222 0.516544
7 0.227344 0.315741 0.0526042 0.0944444 0.522686
0 0.924219 0.729167 0.0234375 0.0824074 0.539465
0 0.93776 0.798611 0.0244792 0.0694444 0.561178
2 0.226823 0.315278 0.0526042 0.0953704 0.562622
2 0.276823 0.388889 0.0307292 0.0518519 0.65676
2 0.396094 0.318056 0.0546875 0.0731481 0.706103
2 0.458594 0.2625 0.0473958 0.0546296 0.764566
2 0.844531 0.926389 0.129688 0.14537 0.885698
2 0.597656 0.7 0.111979 0.153704 0.907797
