2 0.916667 0.962037 0.103125 0.0759259 0.269926
2 0.210156 0.285185 0.0380208 0.0740741 0.423014
2 0.54375 0.182407 0.0260417 0.0314815 0.453453
2 0.832031 0.144444 0.0171875 0.0277778 0.462605
0 0.905729 0.503704 0.0125 0.0574074 0.486435
5 0.443229 0.216667 0.121875 0.111111 0.510053
9 0.973958 0.736574 0.0114583 0.0509259 0.510951
0 0.882031 0.744907 0.0203125 0.0768519 0.5728
2 0.519792 0.246759 0.0354167 0.0490741 0.633586
2 0.395573 0.295833 0.0484375 0.0583333 0.640165
2 0.446615 0.490278 0.0578125 0.121296 0.732519
2 0.46276 0.293981 0.0463542 0.0546296 0.738688
2 0.40651 0.440278 0.0328125 0.0657407 0.783662
2 0.391146 0.381019 0.0416667 0.0712963 0.79099
2 0.747917 0.797222 0.125 0.157407 0.842824
2 0.732813 0.920833 0.1375 0.156481 0.866332
2 0.634896 0.593518 0.0958333 0.127778 0.880577
7 0.529427 0.6 0.144271 0.257407 0.894827
