5 0.276563 0.394907 0.034375 0.0972222 0.265273
2 0.527865 0.24213 0.0369792 0.037963 0.289345
2 0.460677 0.246296 0.0442708 0.0462963 0.293595
0 0.913281 0.738889 0.0140625 0.0444444 0.298183
9 0.973958 0.737963 0.0114583 0.0518519 0.311293
7 0.0328125 0.664815 0.0572917 0.0740741 0.311598
5 0.476823 0.2 0.0598958 0.0814815 0.332578
7 0.414062 0.414815 0.034375 0.1 0.339881
2 0.43776 0.324537 0.0276042 0.0398148 0.372605
5 0.210677 0.284722 0.0380208 0.0731481 0.37485
7 0.277083 0.393519 0.034375 0.0962963 0.389721
0 0.929427 0.743056 0.0161458 0.0675926 0.488155
2 0.808333 0.226389 0.0197917 0.0361111 0.515639
0 0.881771 0.741667 0.015625 0.0685185 0.534227
5 0.44401 0.218981 0.111979 0.106481 0.582623
7 0.917448 0.873611 0.135937 0.202778 0.602513
2 0.490104 0.271296 0.040625 0.0425926 0.608746
2 0.482552 0.397685 0.0380208 0.0768519 0.630972
5 0.327344 0.868981 0.215104 0.256481 0.702023
5 0.206771 0.447685 0.0760417 0.197222 0.781946
7 0.457292 0.510648 0.104167 0.219444 0.849245
2 0.614062 0.581019 0.08125 0.110185 0.879459
2 0.528125 0.487037 0.0739583 0.105556 0.888193
2 0.628125 0.689352 0.104167 0.143519 0.892589
2 0.778385 0.856944 0.127604 0.191667 0.898853
2 0.62474 0.831019 0.125521 0.184259 0.917329
