7 0.21849 0.299074 0.0421875 0.0796296 0.265554
0 0.0554687 0.712037 0.0119792 0.0537037 0.267759
2 0.450781 0.257407 0.0432292 0.0444444 0.285137
0 0.0872396 0.512963 0.0255208 0.062963 0.338024
2 0.839844 0.109259 0.0151042 0.0259259 0.341598
0 0.926302 0.642593 0.0171875 0.0574074 0.346743
0 0.922135 0.731944 0.0182292 0.0694444 0.353715
0 0.973437 0.738426 0.0125 0.0527778 0.363867
0 0.929427 0.740741 0.0223958 0.0685185 0.389886
2 0.218229 0.298148 0.0427083 0.0796296 0.390998
7 0.66849 0.258333 0.0682292 0.0944444 0.41314
0 0.878385 0.75 0.0151042 0.0740741 0.464214
0 0.891146 0.45787 0.0104167 0.0453704 0.487893
2 0.490104 0.232407 0.0510417 0.0481481 0.537438
2 0.39974 0.305093 0.0578125 0.0731481 0.587808
2 0.268229 0.327778 0.0270833 0.0388889 0.606701
5 0.441667 0.219907 0.122917 0.112037 0.621397
2 0.892448 0.864352 0.110937 0.163889 0.752696
2 0.654688 0.764352 0.11875 0.160185 0.88892
2 0.4625 0.550926 0.08125 0.112963 0.892026
