0 0.941146 0.791204 0.0208333 0.0638889 0.261254
7 0.666927 0.256944 0.0630208 0.0898148 0.304528
5 0.210417 0.284722 0.0375 0.0712963 0.326815
2 0.209896 0.284259 0.0364583 0.0703704 0.340011
5 0.444271 0.249537 0.0666667 0.0712963 0.352208
0 0.9 0.393519 0.0114583 0.0481481 0.356699
2 0.436979 0.3 0.0427083 0.107407 0.359022
2 0.361198 0.911574 0.0578125 0.087963 0.367904
5 0.478646 0.198148 0.0520833 0.0703704 0.37162
2 0.560938 0.208333 0.0291667 0.037037 0.371999
9 0.973958 0.7375 0.0125 0.0527778 0.418749
2 0.527344 0.240741 0.0369792 0.0407407 0.442654
5 0.445052 0.218519 0.118229 0.111111 0.469406
0 0.929167 0.743056 0.0166667 0.0712963 0.502934
0 0.880729 0.745833 0.0177083 0.0712963 0.50567
2 0.441667 0.259259 0.0427083 0.0537037 0.526953
2 0.813542 0.209722 0.0197917 0.0398148 0.531133
7 0.273698 0.428704 0.0380208 0.101852 0.538045
2 0.48724 0.273611 0.0401042 0.0453704 0.554272
2 0.485677 0.408333 0.0401042 0.0814815 0.649512
2 0.966406 0.92037 0.0671875 0.146296 0.66789
7 0.415625 0.427315 0.0354167 0.106481 0.687572
2 0.433594 0.32963 0.0411458 0.0555556 0.723233
5 0.192188 0.500926 0.0833333 0.22963 0.761716
2 0.542969 0.499074 0.0828125 0.124074 0.836779
7 0.471615 0.525463 0.111979 0.223148 0.843827
2 0.646354 0.705093 0.10625 0.141667 0.897945
2 0.653646 0.618981 0.0895833 0.119444 0.8982
2 0.791406 0.875 0.128646 0.192593 0.900998
2 0.627604 0.840278 0.128125 0.193519 0.912922
