0 0.9375 0.799074 0.021875 0.0648148 0.26737
7 0.665104 0.255093 0.0614583 0.0861111 0.288083
0 0.0539063 0.725926 0.0119792 0.0462963 0.30765
2 0.839844 0.108796 0.0151042 0.0268519 0.332428
0 0.973437 0.7375 0.0125 0.0527778 0.348368
0 0.891146 0.468519 0.009375 0.0462963 0.370427
0 0.0880208 0.509722 0.0260417 0.0638889 0.386505
0 0.875781 0.756019 0.0140625 0.0694444 0.472935
5 0.442448 0.218519 0.123438 0.109259 0.564283
0 0.936458 0.662037 0.0145833 0.0611111 0.569297
7 0.95651 0.921296 0.0869792 0.15 0.575951
2 0.479948 0.24213 0.0421875 0.0657407 0.582128
5 0.219271 0.305556 0.0479167 0.0851852 0.606454
2 0.272917 0.341667 0.025 0.0462963 0.608357
2 0.95651 0.921759 0.0869792 0.152778 0.682021
2 0.396354 0.317593 0.0583333 0.0777778 0.723681
2 0.502604 0.597685 0.0895833 0.132407 0.851438
2 0.716406 0.825463 0.125521 0.175 0.911072
