3 0.946875 0.917593 0.0510417 0.0888889 0.25531
5 0.207292 0.269444 0.0489583 0.0777778 0.274722
2 0.490885 0.27037 0.0348958 0.0388889 0.293126
3 0.95651 0.933796 0.0338542 0.0657407 0.31611
0 0.903906 0.484259 0.00989583 0.0537037 0.329794
2 0.530208 0.236111 0.0354167 0.037037 0.403612
0 0.93776 0.793519 0.0203125 0.0703704 0.426999
2 0.4625 0.355556 0.034375 0.0722222 0.43037
2 0.511979 0.2875 0.0375 0.0546296 0.436828
0 0.885677 0.531482 0.0109375 0.0574074 0.454375
2 0.563542 0.206019 0.0302083 0.0342593 0.457668
7 0.410417 0.380093 0.04375 0.147222 0.465016
9 0.973958 0.738426 0.0114583 0.0509259 0.502445
5 0.235417 0.335185 0.0520833 0.101852 0.56319
0 0.913021 0.737037 0.015625 0.0796296 0.56551
0 0.929167 0.743056 0.015625 0.0712963 0.586296
5 0.410677 0.380093 0.0442708 0.147222 0.658926
2 0.466667 0.409259 0.0385417 0.0777778 0.709816
2 0.249479 0.912037 0.0979167 0.174074 0.762525
2 0.501823 0.683796 0.0911458 0.137963 0.82044
2 0.438021 0.485185 0.05625 0.0888889 0.830919
2 0.390625 0.51713 0.0541667 0.106481 0.842462
2 0.516406 0.483333 0.0765625 0.107407 0.860747
2 0.557552 0.446759 0.0744792 0.0824074 0.876034
2 0.507292 0.569907 0.084375 0.113889 0.899773
