2 0.334635 0.293056 0.0442708 0.0490741 0.263436
0 0.900781 0.914815 0.0182292 0.0666667 0.281479
0 0.90651 0.400926 0.0109375 0.0481481 0.354313
7 0.95 0.297222 0.1 0.594444 0.464705
2 0.25599 0.31713 0.0223958 0.0342593 0.484271
0 0.879427 0.919907 0.0151042 0.0638889 0.486593
2 0.320573 0.375463 0.0619792 0.0861111 0.559456
2 0.442187 0.257407 0.0395833 0.0462963 0.661821
2 0.23125 0.463889 0.06875 0.103704 0.776971
2 0.349479 0.723611 0.0854167 0.167593 0.777268
2 0.728646 0.516667 0.0572917 0.0981481 0.798544
5 0.44375 0.218981 0.120833 0.115741 0.811505
2 0.127083 0.527315 0.0645833 0.0916667 0.836441
