2 0.489844 0.270833 0.0401042 0.0435185 0.256818
0 0.904167 0.48287 0.0104167 0.0490741 0.295013
5 0.232292 0.325463 0.0510417 0.0953704 0.304398
0 0.884635 0.509259 0.00989583 0.0537037 0.325468
9 0.973958 0.7375 0.0114583 0.0527778 0.326957
0 0.929427 0.737037 0.0130208 0.062963 0.377648
2 0.464323 0.351389 0.0359375 0.0694444 0.37844
2 0.568229 0.201852 0.0229167 0.0333333 0.387402
2 0.521615 0.276852 0.0348958 0.0462963 0.409241
0 0.913021 0.7375 0.0145833 0.0805556 0.417712
0 0.936979 0.795833 0.0177083 0.062037 0.423892
7 0.667188 0.260185 0.065625 0.0981481 0.431998
2 0.464583 0.402778 0.0364583 0.0759259 0.444482
7 0.410156 0.378704 0.0442708 0.15 0.673799
2 0.230729 0.888426 0.090625 0.184259 0.733614
2 0.435417 0.477778 0.053125 0.0907407 0.792918
2 0.459375 0.629167 0.0822917 0.128704 0.841192
2 0.384896 0.506019 0.05 0.100926 0.852472
2 0.507812 0.475463 0.071875 0.102778 0.856226
2 0.496615 0.558333 0.0796875 0.112963 0.888533
2 0.547135 0.441667 0.0682292 0.0814815 0.89095
