7 0.667188 0.256944 0.0635417 0.0898148 0.258698
2 0.2125 0.2875 0.0395833 0.0787037 0.267628
0 0.893229 0.429167 0.0104167 0.0398148 0.314717
5 0.21276 0.287037 0.0390625 0.0777778 0.350898
0 0.973698 0.738889 0.0119792 0.0518519 0.373577
0 0.922135 0.722222 0.0130208 0.0555556 0.385332
5 0.451562 0.250463 0.06875 0.0805556 0.390315
7 0.952604 0.943981 0.0947917 0.108333 0.401467
2 0.839583 0.108333 0.015625 0.0277778 0.478861
0 0.882031 0.744907 0.0171875 0.0712963 0.479567
0 0.0578125 0.680556 0.0114583 0.0481481 0.481438
0 0.936458 0.797222 0.0229167 0.0685185 0.54177
0 0.910677 0.582407 0.0140625 0.0611111 0.550826
5 0.44349 0.218056 0.122396 0.108333 0.641952
2 0.454688 0.271296 0.0458333 0.0611111 0.642975
2 0.553385 0.191204 0.0317708 0.037963 0.699696
2 0.395052 0.29537 0.0494792 0.0574074 0.77404
2 0.513802 0.615741 0.0921875 0.127778 0.827837
2 0.398958 0.448611 0.0427083 0.087963 0.835522
2 0.683073 0.665741 0.0973958 0.140741 0.889637
2 0.661979 0.767593 0.11875 0.164815 0.909395
