9 0.973958 0.738889 0.0125 0.0537037 0.276935
0 0.973437 0.739352 0.0125 0.0527778 0.325284
0 0.922396 0.727315 0.0197917 0.075 0.348091
2 0.839583 0.114815 0.0145833 0.0388889 0.349854
0 0.930729 0.737037 0.01875 0.062963 0.393984
7 0.666146 0.255556 0.0635417 0.087037 0.399497
2 0.209635 0.280093 0.0369792 0.0805556 0.466318
2 0.450521 0.258796 0.0395833 0.0435185 0.478413
7 0.555729 0.606481 0.104167 0.162963 0.520128
0 0.882031 0.746296 0.0182292 0.0759259 0.526419
2 0.55599 0.606019 0.103646 0.165741 0.548369
2 0.49974 0.215278 0.0338542 0.037963 0.572349
5 0.441146 0.218981 0.121875 0.110185 0.634507
2 0.395833 0.295833 0.05 0.0564815 0.708109
2 0.413802 0.454167 0.0453125 0.0731481 0.709753
2 0.477865 0.296759 0.0307292 0.0509259 0.719407
2 0.95026 0.907407 0.0984375 0.17037 0.777885
2 0.389323 0.393981 0.0338542 0.0657407 0.779631
2 0.423177 0.336111 0.0505208 0.0592593 0.861095
7 0.7625 0.831019 0.216667 0.330556 0.86511
