2 0.589844 0.162037 0.0223958 0.0314815 0.259182
2 0.622656 0.158333 0.0161458 0.0333333 0.266099
9 0.351302 0.352778 0.0130208 0.037037 0.271902
7 0.947396 0.298148 0.105208 0.596296 0.34216
7 0.671875 0.262963 0.0739583 0.107407 0.388429
0 0.973958 0.738426 0.0125 0.0564815 0.408339
2 0.254948 0.31713 0.0213542 0.0342593 0.46596
2 0.571094 0.193981 0.0223958 0.0416667 0.61934
2 0.238802 0.418519 0.0567708 0.0685185 0.64812
2 0.815625 0.199537 0.01875 0.037963 0.655331
7 0.755208 0.439815 0.0583333 0.124074 0.699743
2 0.695312 0.428241 0.0510417 0.0842593 0.718298
2 0.789844 0.965741 0.0796875 0.0648148 0.73998
2 0.0830729 0.613426 0.0651042 0.113889 0.799015
0 0.877604 0.796759 0.0229167 0.0861111 0.811299
2 0.349479 0.725 0.0864583 0.166667 0.825133
5 0.391406 0.254167 0.146354 0.139815 0.883425
