0 0.90599 0.371759 0.00989583 0.0546296 0.267518
0 0.973698 0.737963 0.0130208 0.0555556 0.33009
2 0.254427 0.317593 0.0213542 0.0314815 0.453921
2 0.357552 0.32037 0.0526042 0.0518519 0.582029
2 0.0919271 0.608796 0.0734375 0.119444 0.626848
2 0.554688 0.744907 0.0979167 0.158333 0.636602
2 0.79375 0.284259 0.028125 0.0518519 0.654816
0 0.863802 0.888889 0.0255208 0.087037 0.728724
5 0.426042 0.235648 0.127083 0.123148 0.731009
7 0.667188 0.707407 0.108333 0.212963 0.754443
2 0.20651 0.485648 0.0640625 0.0953704 0.77828
2 0.348958 0.724074 0.0854167 0.162963 0.817801
