0 0.927344 0.717593 0.0171875 0.0611111 0.250189
0 0.914323 0.52037 0.0119792 0.0518519 0.253503
2 0.556771 0.171296 0.0270833 0.0314815 0.388361
2 0.442187 0.489352 0.0510417 0.121296 0.436296
7 0.513021 0.940741 0.153125 0.112963 0.443629
7 0.441927 0.488889 0.0515625 0.12037 0.457447
2 0.210417 0.284259 0.0385417 0.0722222 0.457977
0 0.930208 0.527778 0.0145833 0.0722222 0.498697
9 0.974219 0.736111 0.0109375 0.0518519 0.532437
2 0.83099 0.15 0.0171875 0.0277778 0.55569
2 0.40651 0.436111 0.0338542 0.0648148 0.609674
2 0.395833 0.296296 0.0489583 0.0574074 0.620756
0 0.882292 0.74537 0.0197917 0.0759259 0.643492
5 0.444271 0.216204 0.120833 0.106481 0.644373
2 0.527083 0.237037 0.0322917 0.0407407 0.66641
2 0.479688 0.280093 0.0427083 0.0509259 0.758174
2 0.394531 0.372222 0.0421875 0.0648148 0.782345
2 0.59349 0.552778 0.0828125 0.116667 0.786292
2 0.935677 0.886111 0.125521 0.194444 0.828962
2 0.866146 0.928704 0.1375 0.137037 0.856462
7 0.51849 0.585185 0.139062 0.255556 0.886485
2 0.693229 0.9 0.135417 0.194444 0.895128
2 0.682552 0.742593 0.110937 0.15 0.902247
