2 0.25625 0.318056 0.0239583 0.0361111 0.268031
7 0.949479 0.298611 0.101042 0.597222 0.269008
9 0.974219 0.738426 0.0130208 0.0546296 0.359899
2 0.840365 0.106481 0.0161458 0.0259259 0.372354
0 0.910677 0.693056 0.0119792 0.0361111 0.417753
0 0.928646 0.906482 0.03125 0.0944444 0.45119
2 0.48125 0.228241 0.0375 0.0435185 0.488951
0 0.890365 0.708796 0.0161458 0.0694444 0.594234
5 0.442187 0.219444 0.122917 0.111111 0.703931
5 0.046875 0.589352 0.09375 0.14537 0.789
2 0.385677 0.323148 0.0578125 0.0759259 0.789232
2 0.446354 0.279167 0.0458333 0.0564815 0.812717
2 0.349479 0.725 0.0864583 0.166667 0.829477
2 0.169792 0.527778 0.0604167 0.0888889 0.873621
