0 0.448177 0.659722 0.0317708 0.0898148 0.260628
0 0.907812 0.612037 0.01875 0.0648148 0.301714
9 0.973958 0.737963 0.0125 0.0518519 0.337338
0 0.916146 0.762963 0.0145833 0.0685185 0.369229
0 0.895573 0.815278 0.0151042 0.0601852 0.415317
2 0.392969 0.325 0.0505208 0.062963 0.423274
0 0.848437 0.833796 0.015625 0.0731481 0.442144
0 0.889063 0.611111 0.0145833 0.0703704 0.463632
2 0.839323 0.109259 0.0171875 0.0259259 0.504672
0 0.9375 0.547222 0.0125 0.0592593 0.513108
2 0.248698 0.301852 0.0213542 0.0333333 0.515391
2 0.26849 0.355093 0.0296875 0.0601852 0.571558
2 0.48099 0.228704 0.0359375 0.0425926 0.575052
5 0.439844 0.222685 0.115104 0.100926 0.579541
2 0.445573 0.281019 0.0473958 0.062037 0.774153
2 0.340365 0.702778 0.0828125 0.159259 0.893054
5 0.184635 0.440278 0.124479 0.187963 0.906913
