0 0.93776 0.794444 0.0192708 0.0666667 0.26603
2 0.839063 0.116667 0.0145833 0.0277778 0.273811
2 0.578646 0.211111 0.0333333 0.0444444 0.296323
0 0.913802 0.737963 0.0171875 0.0759259 0.306468
0 0.352604 0.351389 0.0125 0.0435185 0.317943
7 0.666927 0.259259 0.0651042 0.0944444 0.327146
9 0.973437 0.739815 0.0114583 0.0555556 0.357588
0 0.885938 0.462037 0.0104167 0.0537037 0.377086
0 0.928646 0.741204 0.0145833 0.0694444 0.382165
2 0.485677 0.269907 0.0484375 0.0472222 0.391728
0 0.580208 0.566204 0.0291667 0.0601852 0.412436
5 0.217448 0.294907 0.0682292 0.128704 0.427877
9 0.409635 0.379167 0.0421875 0.14537 0.446346
2 0.53099 0.236574 0.0411458 0.0435185 0.449474
2 0.465104 0.40787 0.0354167 0.0583333 0.491005
3 0.58125 0.575926 0.03125 0.0666667 0.500558
2 0.464323 0.353241 0.0369792 0.0731481 0.544024
0 0.903646 0.481944 0.0104167 0.0546296 0.566323
7 0.409635 0.378704 0.0432292 0.148148 0.673352
7 0.158073 0.493981 0.0859375 0.136111 0.698906
2 0.497135 0.468981 0.0703125 0.102778 0.722008
2 0.228646 0.883333 0.0875 0.190741 0.738356
2 0.433073 0.476389 0.0515625 0.0898148 0.836074
2 0.438021 0.602778 0.0729167 0.125926 0.852963
2 0.542969 0.439815 0.0682292 0.0796296 0.877138
2 0.384375 0.505556 0.0510417 0.101852 0.878415
2 0.492188 0.553241 0.078125 0.110185 0.885201
