2 0.254687 0.31713 0.0197917 0.0324074 0.300578
0 0.876823 0.978241 0.0192708 0.0416667 0.30301
2 0.235417 0.434259 0.053125 0.0796296 0.315021
9 0.351562 0.353241 0.0135417 0.0435185 0.347357
0 0.905469 0.386111 0.00989583 0.0481481 0.355315
2 0.420052 0.979167 0.0776042 0.037963 0.361691
9 0.974219 0.737037 0.0119792 0.0518519 0.452638
2 0.561198 0.927315 0.147396 0.139815 0.571068
7 0.94974 0.297222 0.100521 0.590741 0.582924
2 0.407813 0.287037 0.0458333 0.05 0.640073
2 0.772656 0.370833 0.0411458 0.0675926 0.695841
5 0.439063 0.217593 0.125 0.105556 0.732098
2 0.26875 0.427778 0.0614583 0.0888889 0.780338
2 0.169271 0.527778 0.0729167 0.111111 0.804968
2 0.34974 0.725 0.0859375 0.162963 0.833546
