2 0.842969 0.100463 0.0151042 0.0287037 0.271076
0 0.0867188 0.5125 0.0244792 0.062037 0.271319
0 0.910156 0.452315 0.0119792 0.0564815 0.277773
0 0.90599 0.741204 0.0161458 0.075 0.407101
2 0.479688 0.228241 0.0354167 0.0416667 0.511459
9 0.974219 0.737963 0.0130208 0.0518519 0.52086
0 0.888542 0.738426 0.0145833 0.075 0.55205
5 0.441146 0.223611 0.115625 0.110185 0.603288
2 0.441406 0.280556 0.0463542 0.0574074 0.805199
2 0.363542 0.335185 0.0677083 0.0851852 0.838162
2 0.105729 0.593518 0.0677083 0.0944444 0.849427
2 0.34974 0.726389 0.0859375 0.163889 0.855061
