2 0.424219 0.337963 0.0380208 0.0592593 0.253173
9 0.351042 0.351389 0.0125 0.0416667 0.267564
2 0.839583 0.0986111 0.01875 0.0324074 0.287319
0 0.913021 0.738426 0.0145833 0.062037 0.294567
0 0.928906 0.738426 0.0140625 0.0657407 0.310683
2 0.260417 0.309259 0.0322917 0.0555556 0.311329
0 0.936458 0.796759 0.0177083 0.0657407 0.340337
7 0.230469 0.322222 0.0515625 0.0981481 0.342058
2 0.260938 0.391204 0.0333333 0.0527778 0.367023
5 0.230729 0.321759 0.0520833 0.0990741 0.384028
2 0.459115 0.299537 0.0432292 0.0490741 0.388009
0 0.895312 0.445833 0.009375 0.0472222 0.389254
2 0.490104 0.270833 0.0385417 0.0416667 0.411792
0 0.884896 0.656482 0.0145833 0.0666667 0.414445
0 0.973698 0.738426 0.0119792 0.0527778 0.460589
2 0.530729 0.236111 0.0395833 0.0388889 0.471927
2 0.76875 0.363426 0.0427083 0.0601852 0.52973
7 0.416927 0.42037 0.0567708 0.166667 0.719609
5 0.497917 0.184259 0.103125 0.0981481 0.72091
2 0.481771 0.346296 0.0354167 0.0648148 0.732317
2 0.516406 0.487963 0.0630208 0.087037 0.804107
2 0.475521 0.422222 0.0489583 0.0907407 0.804663
5 0.209115 0.517593 0.0734375 0.248148 0.848732
2 0.521875 0.710185 0.101042 0.166667 0.867324
2 0.701823 0.773611 0.124479 0.171296 0.877261
2 0.632552 0.607407 0.105729 0.144444 0.880041
2 0.50625 0.561111 0.0760417 0.109259 0.882829
