2 0.839583 0.111111 0.0145833 0.0259259 0.287793
0 0.915365 0.776852 0.0161458 0.0666667 0.310836
2 0.921354 0.969907 0.105208 0.0564815 0.335364
2 0.236198 0.27963 0.0171875 0.0314815 0.339125
0 0.90026 0.77963 0.0151042 0.0722222 0.376492
0 0.447135 0.659722 0.0307292 0.0935185 0.391145
0 0.942969 0.746759 0.0140625 0.0472222 0.398741
0 0.936458 0.799537 0.0177083 0.0694444 0.410205
0 0.8875 0.574074 0.0125 0.0611111 0.415218
9 0.973437 0.737963 0.0125 0.05 0.434126
2 0.48099 0.229167 0.0359375 0.0416667 0.447958
0 0.84974 0.824074 0.0140625 0.0611111 0.522632
5 0.442187 0.219907 0.122917 0.112037 0.598063
2 0.265104 0.331019 0.025 0.0416667 0.649638
2 0.394792 0.323148 0.053125 0.062963 0.702342
2 0.445573 0.277315 0.0484375 0.0601852 0.720857
5 0.226042 0.389815 0.0645833 0.151852 0.774196
2 0.315104 0.647685 0.0666667 0.141667 0.890502
