0 0.44974 0.659259 0.0348958 0.0962963 0.25433
2 0.84401 0.0981481 0.0130208 0.0259259 0.379142
0 0.908333 0.408796 0.0125 0.0564815 0.389645
0 0.883594 0.875 0.0161458 0.0574074 0.421719
9 0.973958 0.737963 0.0114583 0.0537037 0.494286
0 0.900781 0.880556 0.0192708 0.0814815 0.534816
2 0.457031 0.247222 0.0359375 0.0444444 0.543698
2 0.353646 0.346759 0.05625 0.075 0.720723
2 0.266146 0.432407 0.0666667 0.0925926 0.778661
2 0.674479 0.675463 0.0791667 0.14537 0.784235
5 0.44349 0.222222 0.119271 0.116667 0.793791
2 0.349219 0.723611 0.0848958 0.163889 0.803046
2 0.197135 0.4625 0.0640625 0.0824074 0.822881
