2 0.210677 0.284259 0.0380208 0.0722222 0.25124
0 0.900521 0.403241 0.0125 0.0509259 0.305748
9 0.973698 0.738426 0.0119792 0.0527778 0.327711
2 0.34401 0.925 0.149479 0.144444 0.337019
2 0.560677 0.206481 0.0307292 0.0425926 0.337218
0 0.940365 0.793519 0.0213542 0.0703704 0.349223
2 0.841146 0.099537 0.015625 0.0268519 0.390672
0 0.914844 0.735648 0.0192708 0.0731481 0.401677
5 0.484375 0.194907 0.0572917 0.075 0.423094
2 0.529427 0.238889 0.0390625 0.0388889 0.447218
2 0.447917 0.311111 0.040625 0.05 0.450526
7 0.277865 0.374074 0.0369792 0.0888889 0.517713
2 0.490625 0.270833 0.0395833 0.0453704 0.523804
0 0.88151 0.734722 0.0171875 0.0657407 0.539948
2 0.805469 0.239815 0.0213542 0.037037 0.54493
0 0.929688 0.743519 0.0197917 0.0740741 0.623749
2 0.0635417 0.642593 0.0677083 0.105556 0.653346
2 0.859896 0.818981 0.135417 0.193519 0.66447
5 0.216406 0.422685 0.0640625 0.171296 0.664667
2 0.48151 0.392593 0.0338542 0.0759259 0.700675
5 0.434115 0.221759 0.0848958 0.0990741 0.701202
5 0.30625 0.834259 0.228125 0.325926 0.812248
7 0.449219 0.494444 0.102604 0.207407 0.860144
2 0.614844 0.674537 0.101562 0.136111 0.887906
2 0.520312 0.480093 0.0697917 0.100926 0.889102
2 0.777604 0.855556 0.130208 0.190741 0.894465
2 0.594792 0.563889 0.078125 0.101852 0.906672
2 0.620833 0.828704 0.125 0.181481 0.911421
