5 0.448698 0.246759 0.0880208 0.087963 0.253124
0 0.890104 0.518981 0.009375 0.0527778 0.31154
2 0.964583 0.983796 0.0677083 0.0287037 0.314117
7 0.234115 0.326852 0.0536458 0.107407 0.323491
0 0.959635 0.814352 0.0213542 0.0638889 0.342744
0 0.938542 0.798611 0.015625 0.0564815 0.417937
0 0.928906 0.746296 0.0140625 0.0703704 0.430277
2 0.233594 0.325926 0.0546875 0.109259 0.438098
0 0.973177 0.74213 0.0109375 0.0509259 0.459761
2 0.395573 0.318981 0.0567708 0.0675926 0.509389
2 0.839063 0.107407 0.0177083 0.0296296 0.51934
2 0.481771 0.228241 0.034375 0.0398148 0.543855
0 0.951823 0.743519 0.0140625 0.0666667 0.577776
5 0.442708 0.21713 0.122917 0.106481 0.644831
2 0.451823 0.273148 0.0453125 0.0574074 0.735961
2 0.271094 0.451389 0.0328125 0.0787037 0.747716
2 0.702865 0.813889 0.133854 0.194444 0.917272
