0 0.352865 0.353241 0.0119792 0.0416667 0.300779
2 0.464844 0.403241 0.0369792 0.0768519 0.318745
9 0.973958 0.738889 0.0114583 0.0537037 0.33036
0 0.717188 0.695833 0.0322917 0.075 0.342634
3 0.721354 0.722222 0.0416667 0.0685185 0.356601
0 0.884115 0.501389 0.0109375 0.0564815 0.391027
2 0.573698 0.197222 0.0234375 0.0333333 0.393612
2 0.464063 0.352778 0.0364583 0.0740741 0.406806
7 0.663021 0.252315 0.059375 0.0805556 0.407252
2 0.488021 0.270833 0.0427083 0.0453704 0.419789
0 0.9375 0.793519 0.0208333 0.0703704 0.422655
2 0.534896 0.256944 0.0354167 0.0453704 0.431662
0 0.929167 0.743056 0.0145833 0.0657407 0.467081
0 0.911979 0.743981 0.015625 0.0675926 0.473386
0 0.904167 0.481481 0.0104167 0.0537037 0.484419
2 0.229167 0.882407 0.0895833 0.190741 0.710054
7 0.409635 0.37963 0.0442708 0.148148 0.72047
2 0.433594 0.476852 0.0526042 0.087037 0.818594
2 0.441667 0.605556 0.0739583 0.118519 0.825347
2 0.49349 0.554167 0.0776042 0.110185 0.863957
2 0.503385 0.475926 0.0703125 0.103704 0.871612
2 0.543229 0.440741 0.06875 0.0814815 0.887804
2 0.384375 0.506019 0.05 0.100926 0.891234
