0 0.923958 0.730556 0.0229167 0.0796296 0.262883
1 0.9375 0.797222 0.0229167 0.0685185 0.273538
9 0.0611979 0.603241 0.0119792 0.0435185 0.287433
0 0.90625 0.459259 0.0145833 0.062963 0.288455
2 0.40651 0.313889 0.0588542 0.062963 0.406348
2 0.448958 0.256481 0.0416667 0.0481481 0.408582
9 0.973698 0.738426 0.0109375 0.0527778 0.438045
2 0.209896 0.284722 0.0364583 0.075 0.517823
5 0.442448 0.218519 0.122396 0.109259 0.52872
2 0.514844 0.563426 0.0911458 0.14537 0.532095
0 0.882812 0.739815 0.0166667 0.062963 0.56152
2 0.506771 0.211574 0.0322917 0.0435185 0.633099
2 0.482552 0.284259 0.0338542 0.05 0.692823
2 0.395312 0.295833 0.0520833 0.0564815 0.718039
2 0.410156 0.44537 0.0411458 0.0685185 0.786888
2 0.389844 0.390741 0.0359375 0.0740741 0.78738
2 0.424219 0.332407 0.0494792 0.0592593 0.853917
2 0.867708 0.827778 0.11875 0.177778 0.908012
7 0.699479 0.790741 0.201042 0.359259 0.908187
