0 0.891406 0.485648 0.00989583 0.0490741 0.278983
0 0.946354 0.685648 0.0145833 0.0453704 0.285913
0 0.959896 0.814352 0.021875 0.062037 0.295971
0 0.871094 0.769444 0.0161458 0.0648148 0.337059
0 0.973698 0.739815 0.0119792 0.0518519 0.347815
0 0.938281 0.798611 0.0244792 0.0694444 0.42821
2 0.839583 0.109722 0.015625 0.0268519 0.458719
2 0.276042 0.369444 0.025 0.0537037 0.459821
2 0.225781 0.311111 0.0505208 0.0888889 0.479164
7 0.225781 0.311111 0.0505208 0.0888889 0.565106
5 0.442187 0.21713 0.125 0.110185 0.605185
2 0.464583 0.259259 0.0427083 0.0574074 0.642232
2 0.396354 0.316667 0.0541667 0.0777778 0.715878
2 0.568229 0.67037 0.107292 0.146296 0.894341
2 0.805469 0.906482 0.131771 0.17963 0.913998
