7 0.229167 0.316667 0.0510417 0.0981481 0.275179
0 0.352865 0.353241 0.0119792 0.0416667 0.304868
2 0.464583 0.402778 0.0364583 0.0759259 0.321375
3 0.733333 0.731481 0.028125 0.0666667 0.325662
9 0.973958 0.738889 0.0114583 0.0537037 0.330362
7 0.663021 0.252315 0.059375 0.0805556 0.404679
2 0.464063 0.352778 0.0364583 0.0740741 0.407243
2 0.573438 0.198148 0.0239583 0.0333333 0.416289
2 0.488281 0.270833 0.0432292 0.0453704 0.423548
0 0.93776 0.793519 0.0213542 0.0703704 0.427074
2 0.531771 0.250463 0.0427083 0.0601852 0.44412
0 0.928906 0.743056 0.0140625 0.0657407 0.464125
0 0.911979 0.743981 0.015625 0.0675926 0.47169
0 0.884115 0.502315 0.0109375 0.0564815 0.489534
0 0.904167 0.481481 0.0104167 0.0537037 0.498489
2 0.229167 0.882407 0.0895833 0.190741 0.713545
7 0.409635 0.379167 0.0442708 0.147222 0.727153
2 0.433594 0.477315 0.0526042 0.087963 0.822026
2 0.503646 0.475463 0.0697917 0.100926 0.866793
2 0.442187 0.606019 0.075 0.117593 0.868235
2 0.493229 0.55463 0.078125 0.111111 0.881939
2 0.543229 0.440741 0.06875 0.0814815 0.885978
2 0.384375 0.506019 0.05 0.100926 0.892666
