0 0.93099 0.74537 0.0192708 0.0666667 0.271954
0 0.917448 0.727778 0.0171875 0.0740741 0.273043
0 0.0565104 0.765278 0.0161458 0.0675926 0.282274
2 0.864062 0.0939815 0.0145833 0.0268519 0.319021
0 0.972917 0.738889 0.0114583 0.0481481 0.331649
9 0.973437 0.738889 0.0114583 0.05 0.383477
2 0.484115 0.226852 0.0369792 0.0407407 0.398629
5 0.232292 0.325 0.0541667 0.0962963 0.407022
0 0.861458 0.793981 0.0166667 0.0712963 0.412043
7 0.232552 0.325926 0.0536458 0.0962963 0.441731
2 0.921094 0.961574 0.105729 0.075 0.470649
5 0.435937 0.224537 0.107292 0.0953704 0.490329
0 0.889844 0.50787 0.00989583 0.0546296 0.492747
0 0.953125 0.725926 0.0135417 0.0555556 0.499657
2 0.839063 0.106944 0.0177083 0.0287037 0.500417
2 0.232292 0.324537 0.0541667 0.0972222 0.577573
2 0.396094 0.31713 0.0546875 0.0731481 0.70459
2 0.270833 0.428241 0.0322917 0.0657407 0.737826
2 0.453385 0.268981 0.0442708 0.0564815 0.74846
2 0.664062 0.773611 0.128125 0.178704 0.921566
