9 0.350521 0.353704 0.0145833 0.0444444 0.281472
2 0.255208 0.315741 0.021875 0.0333333 0.322965
0 0.942969 0.675926 0.0192708 0.0703704 0.348607
9 0.973437 0.736111 0.0135417 0.0555556 0.377031
2 0.516667 0.216667 0.034375 0.0407407 0.421032
0 0.0864583 0.514352 0.0229167 0.0657407 0.426429
2 0.572917 0.201389 0.0291667 0.0361111 0.476083
2 0.791146 0.317593 0.0395833 0.0796296 0.573518
2 0.753646 0.282407 0.03125 0.05 0.628362
2 0.826563 0.158333 0.015625 0.0277778 0.662468
2 0.50599 0.253704 0.0390625 0.05 0.701932
0 0.884635 0.725 0.0192708 0.0814815 0.713847
2 0.454167 0.947685 0.1125 0.100926 0.785745
2 0.0966146 0.550926 0.0598958 0.0814815 0.819413
5 0.35 0.296296 0.157292 0.168519 0.835643
2 0.821354 0.916204 0.103125 0.165741 0.835677
2 0.34974 0.725463 0.0859375 0.163889 0.838287
