9 0.622135 0.145833 0.0119792 0.0305556 0.253997
0 0.0875 0.513426 0.0260417 0.0675926 0.257309
7 0.949219 0.297222 0.101562 0.594444 0.290863
0 0.920833 0.656018 0.015625 0.0657407 0.307879
2 0.870833 0.563426 0.0208333 0.0287037 0.31912
9 0.973437 0.737037 0.0125 0.0537037 0.335984
2 0.498437 0.227315 0.03125 0.0342593 0.400231
2 0.559896 0.211574 0.0354167 0.0472222 0.605443
2 0.830729 0.146759 0.0177083 0.0305556 0.612821
2 0.764063 0.259722 0.028125 0.0509259 0.654736
2 0.798958 0.291204 0.0416667 0.0768519 0.659067
0 0.88724 0.706481 0.0213542 0.0796296 0.698971
2 0.483854 0.268056 0.0427083 0.0583333 0.722232
2 0.0544271 0.6 0.0578125 0.0833333 0.796903
2 0.349479 0.725463 0.0854167 0.163889 0.822667
2 0.833333 0.901852 0.0979167 0.181481 0.83679
5 0.334635 0.302315 0.167187 0.171296 0.854615
2 0.507812 0.875 0.103125 0.168519 0.912365
