2 0.842188 0.102315 0.0135417 0.025 0.252807
2 0.210677 0.282407 0.0380208 0.0685185 0.311709
2 0.45625 0.25463 0.0395833 0.0444444 0.318809
0 0.925521 0.734722 0.0208333 0.0861111 0.414723
9 0.974219 0.737037 0.0119792 0.0555556 0.449609
2 0.403385 0.324074 0.0505208 0.0666667 0.479448
2 0.441406 0.484722 0.0515625 0.115741 0.494342
0 0.936458 0.797222 0.0229167 0.0722222 0.496598
2 0.53724 0.228241 0.0338542 0.0435185 0.536351
7 0.441406 0.484259 0.0526042 0.116667 0.54176
2 0.495313 0.267593 0.0416667 0.0462963 0.548181
2 0.828906 0.158333 0.0182292 0.0259259 0.587775
2 0.404687 0.423611 0.034375 0.0731481 0.590056
5 0.442969 0.216667 0.122396 0.107407 0.592659
0 0.88151 0.746296 0.0171875 0.0740741 0.621921
2 0.547917 0.498611 0.0708333 0.112037 0.641032
2 0.395312 0.295833 0.05 0.0583333 0.660031
2 0.414323 0.339815 0.0453125 0.0592593 0.768847
7 0.395833 0.850463 0.140625 0.250926 0.858716
7 0.517187 0.584722 0.1375 0.252778 0.883157
2 0.80599 0.756019 0.121354 0.184259 0.894191
2 0.668229 0.726852 0.110417 0.15 0.910146
2 0.665365 0.873611 0.131771 0.193519 0.910374
2 0.810417 0.896296 0.130208 0.190741 0.921403
