0 0.916667 0.739352 0.0197917 0.0731481 0.256523
9 0.409896 0.378241 0.0427083 0.143519 0.26167
3 0.588021 0.58287 0.0322917 0.0712963 0.272031
2 0.839583 0.115741 0.015625 0.0277778 0.279451
0 0.928646 0.743056 0.0145833 0.0657407 0.290589
0 0.973698 0.738889 0.0109375 0.0537037 0.298675
7 0.666146 0.257407 0.0645833 0.0925926 0.298762
2 0.599479 0.176852 0.0229167 0.0296296 0.30587
2 0.574219 0.218056 0.0296875 0.037963 0.340246
9 0.973958 0.738889 0.0114583 0.0537037 0.364582
5 0.222135 0.306481 0.0588542 0.105556 0.36576
0 0.938021 0.793056 0.0208333 0.0694444 0.393033
2 0.4875 0.270833 0.0447917 0.0453704 0.412346
2 0.465365 0.403241 0.0369792 0.0694444 0.470198
2 0.464063 0.352315 0.0364583 0.0694444 0.504701
0 0.903646 0.484259 0.0104167 0.0518519 0.522779
2 0.53125 0.237037 0.0395833 0.0388889 0.533762
2 0.227604 0.883333 0.0895833 0.192593 0.616409
7 0.409896 0.378704 0.04375 0.146296 0.688285
7 0.13776 0.508333 0.0848958 0.138889 0.761704
2 0.497917 0.471296 0.0677083 0.0962963 0.76187
2 0.433333 0.477315 0.0520833 0.087963 0.82152
2 0.438021 0.602315 0.0729167 0.125 0.860792
2 0.491927 0.553704 0.0786458 0.111111 0.864382
2 0.543229 0.439815 0.06875 0.0814815 0.875377
2 0.384635 0.506019 0.0505208 0.100926 0.881631
