0 0.923437 0.722222 0.0166667 0.0666667 0.278219
0 0.936198 0.796296 0.0223958 0.0703704 0.33118
0 0.0875 0.511111 0.025 0.062963 0.352143
7 0.663021 0.252778 0.05625 0.0814815 0.365017
0 0.0604167 0.634722 0.0114583 0.0564815 0.367876
2 0.448958 0.258333 0.0416667 0.0444444 0.373347
9 0.973958 0.738426 0.0125 0.0546296 0.391432
2 0.48776 0.223611 0.0359375 0.037963 0.417125
2 0.209635 0.283796 0.0369792 0.0768519 0.453677
2 0.404167 0.322222 0.0572917 0.0703704 0.509636
0 0.893229 0.487963 0.0125 0.0592593 0.548941
5 0.663802 0.727315 0.126563 0.199074 0.56562
0 0.882031 0.746296 0.0171875 0.0722222 0.576447
2 0.663542 0.727315 0.126042 0.197222 0.607017
5 0.441927 0.219907 0.121354 0.110185 0.69238
2 0.396354 0.296759 0.05 0.0583333 0.745401
2 0.39401 0.421759 0.0348958 0.0787037 0.788577
2 0.469271 0.361574 0.03125 0.0657407 0.840576
2 0.4375 0.499074 0.059375 0.101852 0.848181
2 0.417448 0.341667 0.0505208 0.062963 0.853114
