5 0.210417 0.286111 0.0375 0.0740741 0.255256
0 0.922917 0.735185 0.0208333 0.0777778 0.276524
9 0.973698 0.737963 0.0119792 0.0537037 0.323512
2 0.834896 0.137963 0.0135417 0.0240741 0.344447
0 0.0609375 0.587037 0.0145833 0.0518519 0.354498
0 0.90625 0.473611 0.0125 0.0601852 0.406247
2 0.210156 0.285648 0.0380208 0.0731481 0.436668
2 0.451302 0.257407 0.0411458 0.0444444 0.485628
2 0.522917 0.196296 0.0302083 0.0314815 0.544547
7 0.46875 0.512037 0.0770833 0.127778 0.566753
0 0.936458 0.796296 0.0229167 0.0722222 0.583957
0 0.882552 0.745833 0.0182292 0.0731481 0.589636
2 0.46875 0.5125 0.0770833 0.128704 0.613537
2 0.396615 0.294907 0.0515625 0.0564815 0.686438
2 0.969271 0.936574 0.0604167 0.121296 0.735881
2 0.495313 0.268519 0.0364583 0.0444444 0.759112
2 0.390625 0.389815 0.0385417 0.0722222 0.770037
5 0.44401 0.217593 0.123438 0.109259 0.778132
2 0.408333 0.440278 0.0375 0.0712963 0.817477
2 0.433594 0.324074 0.0536458 0.0574074 0.862951
2 0.740625 0.69537 0.1125 0.151852 0.878402
7 0.607031 0.691667 0.179688 0.307407 0.884217
