5 0.209635 0.283796 0.0369792 0.0712963 0.295872
2 0.841927 0.101852 0.0140625 0.0277778 0.295977
0 0.913542 0.735648 0.0145833 0.0638889 0.297079
9 0.351042 0.350926 0.0135417 0.0425926 0.298855
2 0.556771 0.211574 0.0302083 0.0398148 0.300719
2 0.27474 0.504167 0.0484375 0.130556 0.348739
2 0.422656 0.446759 0.0463542 0.110185 0.36288
0 0.928906 0.739815 0.0161458 0.0722222 0.38877
2 0.209635 0.28287 0.0369792 0.0694444 0.401147
9 0.973958 0.737963 0.0114583 0.0537037 0.401236
7 0.663021 0.251852 0.0572917 0.0796296 0.408702
7 0.422656 0.446759 0.0463542 0.110185 0.537145
2 0.415885 0.279167 0.0453125 0.0509259 0.553966
7 0.274479 0.504167 0.0489583 0.128704 0.554337
0 0.935677 0.797222 0.0213542 0.0722222 0.571855
5 0.445312 0.211111 0.116667 0.0981481 0.577663
0 0.88125 0.746296 0.0197917 0.0759259 0.60555
2 0.81849 0.192593 0.0182292 0.0296296 0.609118
2 0.492188 0.428241 0.05 0.0861111 0.701047
2 0.522656 0.244444 0.0359375 0.0444444 0.706177
2 0.477344 0.282407 0.0421875 0.0481481 0.712104
2 0.415104 0.356481 0.04375 0.062963 0.739168
2 0.572135 0.531482 0.0880208 0.127778 0.811604
5 0.179688 0.609259 0.08125 0.301852 0.845362
2 0.748177 0.705556 0.0963542 0.137037 0.883498
7 0.494792 0.559722 0.132292 0.234259 0.888754
2 0.66875 0.728241 0.109375 0.150926 0.898771
2 0.795313 0.879167 0.130208 0.191667 0.91622
2 0.642969 0.852315 0.131771 0.187963 0.919939
