7 0.302344 0.925926 0.176563 0.142593 0.262658
9 0.973698 0.7375 0.0130208 0.0546296 0.264763
0 0.936979 0.795833 0.021875 0.0675926 0.369642
0 0.924479 0.731481 0.021875 0.0814815 0.374383
7 0.546354 0.498611 0.0708333 0.110185 0.387782
7 0.440365 0.485185 0.0515625 0.116667 0.433426
2 0.209896 0.284259 0.0375 0.0722222 0.525694
2 0.536719 0.225463 0.0401042 0.0472222 0.560951
2 0.827604 0.158796 0.015625 0.025 0.568897
2 0.440625 0.486111 0.0510417 0.116667 0.612464
0 0.882031 0.74537 0.0192708 0.0759259 0.642817
5 0.44375 0.216204 0.123958 0.106481 0.659685
2 0.403385 0.425463 0.0338542 0.0731481 0.687147
2 0.497917 0.266667 0.0427083 0.0462963 0.717202
2 0.545833 0.497685 0.0729167 0.110185 0.732459
2 0.395833 0.295833 0.05 0.0564815 0.740409
2 0.416146 0.338426 0.0447917 0.0601852 0.822562
7 0.376302 0.838889 0.160938 0.259259 0.851785
2 0.797656 0.745833 0.120312 0.186111 0.856568
7 0.517187 0.583333 0.1375 0.251852 0.880253
2 0.66875 0.725926 0.110417 0.148148 0.911895
2 0.664844 0.872685 0.134896 0.193519 0.914872
2 0.80651 0.89213 0.132812 0.189815 0.926498
