5 0.452344 0.258796 0.0557292 0.0638889 0.274129
9 0.973437 0.738426 0.0125 0.0527778 0.298277
2 0.864062 0.0939815 0.0145833 0.0268519 0.312894
0 0.936979 0.799537 0.021875 0.0657407 0.33718
0 0.972917 0.738889 0.0125 0.0518519 0.355904
0 0.867188 0.773611 0.0135417 0.0546296 0.413334
2 0.484635 0.227315 0.0369792 0.0398148 0.422364
7 0.230208 0.320833 0.0520833 0.0916667 0.424408
0 0.890365 0.498148 0.00989583 0.0555556 0.437477
2 0.839063 0.10787 0.0177083 0.0287037 0.500729
5 0.442187 0.217593 0.123958 0.107407 0.514622
2 0.229948 0.32037 0.0526042 0.0925926 0.525254
0 0.920313 0.724537 0.0197917 0.0731481 0.542686
0 0.952344 0.716204 0.0161458 0.075 0.564737
2 0.273438 0.403704 0.0322917 0.0537037 0.681515
2 0.395833 0.318519 0.0541667 0.0703704 0.69069
2 0.876042 0.942593 0.105208 0.112963 0.711565
2 0.454688 0.268056 0.04375 0.0527778 0.764883
2 0.630208 0.736111 0.125 0.166667 0.919684
