7 0.95 0.296759 0.1 0.593518 0.295691
9 0.973958 0.738426 0.0125 0.0527778 0.324766
7 0.0236979 0.621759 0.0473958 0.110185 0.344055
0 0.90625 0.73287 0.0166667 0.0842593 0.393394
0 0.889844 0.727315 0.0151042 0.062037 0.431973
2 0.841146 0.104167 0.0166667 0.0287037 0.457778
0 0.929688 0.957407 0.021875 0.0796296 0.480093
5 0.436198 0.227315 0.105729 0.10463 0.552072
2 0.375521 0.332407 0.0572917 0.0814815 0.791205
2 0.444531 0.278704 0.0442708 0.0574074 0.804953
2 0.349479 0.725463 0.0864583 0.165741 0.832089
2 0.129167 0.571296 0.0625 0.0925926 0.83999
