2 0.560677 0.208796 0.0286458 0.037963 0.253368
0 0.939844 0.791667 0.0234375 0.0703704 0.267786
0 0.0875 0.509722 0.025 0.062037 0.283001
2 0.840104 0.100463 0.0166667 0.0268519 0.289541
7 0.236719 0.368981 0.0442708 0.130556 0.305772
7 0.275781 0.3375 0.0348958 0.0712963 0.320181
0 0.914323 0.733333 0.0171875 0.0666667 0.329618
7 0.667448 0.258796 0.0651042 0.0935185 0.329778
2 0.276563 0.337037 0.034375 0.0703704 0.330632
2 0.489844 0.269907 0.0401042 0.0435185 0.341005
9 0.973958 0.737037 0.0125 0.0518519 0.346019
2 0.459635 0.299074 0.0411458 0.0462963 0.393021
2 0.529167 0.238426 0.0364583 0.0398148 0.398566
5 0.23724 0.368519 0.0432292 0.131481 0.417345
0 0.929167 0.739815 0.0145833 0.0666667 0.438719
0 0.896354 0.419444 0.0104167 0.05 0.449426
0 0.879948 0.716204 0.0151042 0.0712963 0.498927
2 0.792448 0.281019 0.0244792 0.0509259 0.499735
2 0.176563 0.519444 0.0572917 0.0907407 0.576412
2 0.479688 0.378241 0.034375 0.0787037 0.647754
2 0.500781 0.457407 0.0619792 0.101852 0.740775
5 0.466927 0.207407 0.114063 0.109259 0.849919
2 0.560938 0.530556 0.0739583 0.0981481 0.857004
5 0.240365 0.726389 0.125521 0.399074 0.869942
7 0.43151 0.462963 0.0786458 0.188889 0.879596
2 0.773698 0.852315 0.127604 0.186111 0.880218
2 0.566146 0.626389 0.0895833 0.126852 0.884619
2 0.728125 0.688426 0.126042 0.162037 0.886568
2 0.609635 0.815278 0.124479 0.176852 0.911159
