9 0.872135 0.447685 0.0119792 0.0472222 0.26718
0 0.658333 0.313426 0.0135417 0.0731481 0.317761
0 0.938281 0.799074 0.0171875 0.0648148 0.322592
2 0.871354 0.562963 0.0208333 0.0277778 0.335603
2 0.382812 0.328704 0.03125 0.0555556 0.394293
0 0.890885 0.84537 0.0161458 0.0759259 0.399833
2 0.839063 0.111574 0.0177083 0.025 0.403186
2 0.395573 0.31713 0.0557292 0.0731481 0.408002
2 0.251302 0.30787 0.0213542 0.0305556 0.409789
2 0.48151 0.229167 0.0369792 0.0435185 0.466499
9 0.974219 0.7375 0.0119792 0.0509259 0.466668
0 0.910937 0.839815 0.0177083 0.0722222 0.478817
2 0.268229 0.36713 0.025 0.0638889 0.486782
5 0.438802 0.220833 0.110937 0.0935185 0.493309
0 0.889323 0.619444 0.0130208 0.062963 0.495568
0 0.846354 0.841204 0.015625 0.0675926 0.501682
0 0.933594 0.533333 0.0130208 0.0648148 0.558713
2 0.444792 0.280556 0.0458333 0.0574074 0.778707
2 0.34375 0.712037 0.0833333 0.159259 0.892879
5 0.166146 0.4625 0.134375 0.200926 0.898143
