9 0.409375 0.381019 0.0427083 0.14537 0.253516
2 0.580729 0.208796 0.0302083 0.037963 0.275135
0 0.659115 0.313889 0.0130208 0.0759259 0.279375
0 0.576302 0.564352 0.0265625 0.0601852 0.282636
2 0.839063 0.118056 0.0135417 0.0268519 0.311045
0 0.886198 0.459722 0.0109375 0.0509259 0.329451
0 0.9375 0.794444 0.0208333 0.0703704 0.341059
7 0.6625 0.255093 0.059375 0.0861111 0.358015
3 0.577344 0.575 0.0286458 0.0611111 0.370253
2 0.465365 0.40787 0.0348958 0.0601852 0.382078
0 0.915104 0.7375 0.01875 0.0787037 0.390088
0 0.904688 0.48287 0.0104167 0.0527778 0.400493
9 0.973958 0.738426 0.0114583 0.0546296 0.408664
0 0.928906 0.739352 0.0161458 0.0731481 0.409351
5 0.217448 0.296296 0.0661458 0.127778 0.426768
2 0.489844 0.270833 0.0401042 0.0453704 0.436153
2 0.464323 0.351852 0.0369792 0.0703704 0.461943
2 0.53125 0.236574 0.0375 0.0398148 0.563885
7 0.409635 0.380556 0.0442708 0.148148 0.654607
2 0.228125 0.882407 0.0885417 0.190741 0.69713
2 0.496354 0.4625 0.065625 0.0972222 0.736108
7 0.177604 0.475 0.0833333 0.135185 0.789795
2 0.433333 0.476852 0.0520833 0.0888889 0.838734
2 0.438021 0.602315 0.0729167 0.125 0.839873
2 0.491406 0.553241 0.0786458 0.110185 0.872331
2 0.384375 0.505556 0.05 0.101852 0.87332
2 0.542708 0.439815 0.0697917 0.0796296 0.879517
