0 0.90625 0.371759 0.0104167 0.0546296 0.299812
0 0.973698 0.737963 0.0130208 0.0555556 0.331971
2 0.254167 0.317593 0.0208333 0.0314815 0.434871
7 0.558594 0.7375 0.0973958 0.158333 0.513462
2 0.135937 0.538426 0.0541667 0.0712963 0.603525
2 0.794792 0.27963 0.028125 0.0555556 0.629136
0 0.864844 0.887037 0.0244792 0.0814815 0.684935
2 0.35651 0.322685 0.0526042 0.0546296 0.719906
7 0.669792 0.7 0.105208 0.211111 0.755611
2 0.0893229 0.614815 0.0744792 0.118519 0.759588
2 0.203646 0.489352 0.0635417 0.0935185 0.779521
2 0.348958 0.724074 0.0854167 0.162963 0.816785
5 0.423177 0.235648 0.126563 0.125 0.822279
