7 0.666927 0.256481 0.0640625 0.0888889 0.256503
0 0.898958 0.391204 0.0104167 0.0472222 0.266545
2 0.417969 0.430556 0.0411458 0.109259 0.273178
5 0.432031 0.25463 0.0494792 0.0648148 0.32931
2 0.209635 0.284259 0.0359375 0.0703704 0.35915
2 0.841927 0.103704 0.0140625 0.0259259 0.384663
9 0.973958 0.738426 0.0125 0.0527778 0.390052
5 0.476302 0.203704 0.0578125 0.0833333 0.392794
0 0.941146 0.793519 0.0239583 0.0703704 0.431761
0 0.88125 0.744444 0.01875 0.0722222 0.459084
2 0.560417 0.208796 0.0291667 0.0361111 0.461787
0 0.929167 0.744444 0.015625 0.0666667 0.47892
2 0.434896 0.262037 0.04375 0.0555556 0.488087
2 0.430729 0.303704 0.0395833 0.0962963 0.495445
2 0.527865 0.239815 0.0390625 0.0425926 0.507792
2 0.98151 0.936111 0.0369792 0.127778 0.533076
5 0.447396 0.211111 0.116667 0.101852 0.577801
2 0.813802 0.206944 0.0213542 0.0342593 0.579269
2 0.486198 0.273611 0.0401042 0.0472222 0.642784
7 0.417188 0.431481 0.040625 0.107407 0.65703
7 0.273958 0.441667 0.0395833 0.109259 0.680918
2 0.428125 0.336111 0.0416667 0.0555556 0.749733
2 0.485417 0.414815 0.04375 0.0851852 0.791784
2 0.671875 0.635648 0.090625 0.119444 0.812615
5 0.190365 0.521759 0.0869792 0.243519 0.820136
7 0.477344 0.536111 0.115104 0.235185 0.850505
2 0.546875 0.506019 0.0802083 0.121296 0.854361
2 0.653646 0.714815 0.108333 0.153704 0.863307
2 0.791406 0.876852 0.128646 0.192593 0.905677
2 0.629167 0.839815 0.132292 0.185185 0.91819
