0 0.0872396 0.511111 0.0244792 0.062963 0.265374
0 0.948698 0.55463 0.0161458 0.0611111 0.271906
9 0.973698 0.737037 0.0119792 0.0537037 0.286102
2 0.508073 0.256481 0.0432292 0.0444444 0.295825
5 0.270312 0.849537 0.198958 0.291667 0.309745
0 0.928906 0.74213 0.0140625 0.0638889 0.328295
2 0.300781 0.928704 0.140104 0.138889 0.389617
0 0.91849 0.720833 0.0182292 0.075 0.408407
2 0.54375 0.222685 0.0333333 0.0398148 0.427278
0 0.00833333 0.983796 0.0166667 0.0305556 0.438991
2 0.209896 0.284259 0.0375 0.0722222 0.472149
2 0.198698 0.721296 0.0703125 0.0814815 0.474181
2 0.270833 0.852315 0.198958 0.289815 0.521498
2 0.825 0.168519 0.0177083 0.0277778 0.580144
5 0.442187 0.217593 0.123958 0.109259 0.588297
2 0.43724 0.478241 0.0536458 0.119444 0.599917
0 0.882031 0.745833 0.0182292 0.075 0.619311
2 0.397135 0.294907 0.0515625 0.0564815 0.662904
2 0.955208 0.918981 0.0875 0.156481 0.694257
2 0.402344 0.40463 0.0369792 0.0777778 0.741149
2 0.438542 0.316204 0.0447917 0.0546296 0.753951
2 0.52474 0.475 0.0640625 0.087037 0.758732
7 0.32474 0.712037 0.0994792 0.205556 0.779938
2 0.71224 0.6625 0.113021 0.162037 0.88669
7 0.517187 0.58287 0.1375 0.250926 0.892159
2 0.667708 0.725463 0.109375 0.150926 0.911084
2 0.796094 0.879167 0.130729 0.191667 0.916227
2 0.660417 0.867593 0.13125 0.190741 0.917922
