7 0.95026 0.297222 0.0994792 0.594444 0.33484
0 0.904688 0.819907 0.0166667 0.0564815 0.371133
9 0.974219 0.7375 0.0119792 0.0527778 0.384971
0 0.447917 0.657407 0.0322917 0.0888889 0.424646
2 0.298698 0.40787 0.0546875 0.062037 0.439823
2 0.25651 0.31713 0.0234375 0.0305556 0.441414
0 0.88099 0.823148 0.0192708 0.062963 0.468707
5 0.441667 0.222222 0.119792 0.111111 0.558081
2 0.470052 0.237037 0.0369792 0.0425926 0.727015
2 0.267188 0.403241 0.0625 0.0712963 0.798429
2 0.394271 0.319444 0.0552083 0.0648148 0.83408
2 0.349479 0.725926 0.0854167 0.164815 0.853888
2 0.569531 0.925463 0.120312 0.14537 0.904575
