5 0.465885 0.201852 0.0744792 0.0777778 0.284076
0 0.908854 0.665278 0.0166667 0.0712963 0.30733
7 0.948958 0.297685 0.102083 0.59537 0.311811
0 0.920052 0.501389 0.0130208 0.0657407 0.317515
9 0.352604 0.351389 0.0135417 0.0453704 0.332822
5 0.436458 0.224537 0.111458 0.110185 0.360675
0 0.886979 0.911111 0.0166667 0.0666667 0.377519
2 0.841667 0.107407 0.015625 0.0314815 0.39758
0 0.90625 0.831019 0.021875 0.0787037 0.439073
2 0.395573 0.319444 0.0546875 0.0703704 0.467224
0 0.838542 0.9125 0.01875 0.0805556 0.526635
0 0.891406 0.657407 0.0130208 0.062963 0.557514
9 0.974219 0.7375 0.0119792 0.0509259 0.570034
2 0.444792 0.280556 0.0489583 0.0611111 0.670851
2 0.245833 0.430556 0.0416667 0.0685185 0.787497
2 0.348958 0.723148 0.0854167 0.161111 0.809076
5 0.104687 0.532407 0.165625 0.227778 0.897053
