0 0.909635 0.444444 0.0130208 0.0592593 0.254902
5 0.433073 0.271296 0.0609375 0.087037 0.269199
2 0.841927 0.103241 0.0161458 0.0305556 0.280648
2 0.478646 0.23287 0.0354167 0.0342593 0.284157
5 0.476823 0.193056 0.0557292 0.0601852 0.396051
0 0.0830729 0.965278 0.0276042 0.0675926 0.42794
0 0.904688 0.765741 0.0166667 0.0740741 0.430564
9 0.973958 0.737963 0.0114583 0.0518519 0.445507
0 0.884896 0.76713 0.015625 0.0694444 0.509379
5 0.421094 0.236111 0.0786458 0.0981481 0.525317
2 0.344271 0.348611 0.075 0.0842593 0.610054
2 0.43125 0.290278 0.0458333 0.0564815 0.772575
2 0.35 0.726389 0.0864583 0.163889 0.859004
2 0.0674479 0.631481 0.0671875 0.0962963 0.860068
