9 0.872135 0.446759 0.0119792 0.0472222 0.255533
0 0.845833 0.847685 0.01875 0.0731481 0.273374
0 0.658333 0.313426 0.0135417 0.0731481 0.311713
2 0.252865 0.311574 0.0213542 0.0287037 0.326411
0 0.913542 0.849537 0.0177083 0.062037 0.373009
2 0.838802 0.112037 0.0171875 0.0240741 0.382885
2 0.395573 0.316667 0.0557292 0.0722222 0.383512
2 0.382812 0.328704 0.03125 0.0537037 0.410787
2 0.871354 0.562963 0.0208333 0.0277778 0.414619
9 0.974219 0.7375 0.0130208 0.0527778 0.450399
2 0.48151 0.229167 0.0369792 0.0435185 0.457634
5 0.438281 0.220833 0.109896 0.0935185 0.488092
0 0.932552 0.526852 0.0140625 0.062963 0.517356
0 0.890625 0.625463 0.0125 0.0601852 0.520992
2 0.267708 0.380556 0.0270833 0.0537037 0.63606
2 0.444792 0.281019 0.0458333 0.0564815 0.774793
5 0.157031 0.472222 0.139062 0.209259 0.900267
2 0.344271 0.713889 0.0822917 0.159259 0.90379
