0 0.901563 0.566667 0.0125 0.062963 0.262132
2 0.839323 0.110185 0.0151042 0.0259259 0.285318
0 0.90026 0.780556 0.0130208 0.0611111 0.293694
0 0.447135 0.659722 0.0307292 0.0935185 0.369316
0 0.85 0.824537 0.0135417 0.0601852 0.394518
0 0.945833 0.752315 0.0145833 0.0472222 0.407727
0 0.88776 0.564815 0.0130208 0.0685185 0.412757
9 0.973437 0.737963 0.0125 0.0518519 0.424924
2 0.48151 0.228704 0.0359375 0.0407407 0.438254
0 0.935677 0.799537 0.0151042 0.062037 0.453749
2 0.263281 0.322685 0.0255208 0.037963 0.546478
5 0.442448 0.22037 0.123438 0.112963 0.610514
2 0.395052 0.324074 0.0536458 0.062963 0.676483
5 0.232552 0.375463 0.0494792 0.136111 0.681705
2 0.445312 0.276852 0.046875 0.0611111 0.713536
2 0.881771 0.947685 0.11875 0.102778 0.765851
2 0.303125 0.6125 0.0604167 0.130556 0.863589
