0 0.930208 0.733796 0.021875 0.0638889 0.280075
9 0.351562 0.353704 0.0125 0.0425926 0.28347
2 0.839323 0.111111 0.0161458 0.0259259 0.302183
2 0.56276 0.184722 0.0276042 0.0398148 0.315767
7 0.210156 0.284259 0.0380208 0.0740741 0.329771
0 0.0875 0.511111 0.025 0.062963 0.332817
0 0.973437 0.738426 0.0125 0.0527778 0.378185
0 0.922656 0.722685 0.0171875 0.0731481 0.409478
2 0.483594 0.228704 0.0338542 0.0351852 0.464357
5 0.433594 0.222222 0.101562 0.0944444 0.501144
2 0.450521 0.258796 0.0416667 0.0435185 0.515158
0 0.0614583 0.642593 0.0145833 0.0537037 0.52519
0 0.894792 0.506019 0.0135417 0.0638889 0.528866
0 0.881771 0.745833 0.0177083 0.0731481 0.573494
2 0.729167 0.793519 0.135417 0.218519 0.613384
2 0.48125 0.413426 0.0395833 0.0787037 0.750328
2 0.395573 0.296759 0.0494792 0.0564815 0.75234
2 0.409375 0.35463 0.046875 0.0648148 0.818304
2 0.403125 0.45 0.0447917 0.0851852 0.843181
2 0.465365 0.544907 0.0723958 0.110185 0.84498
