9 0.351042 0.351852 0.0125 0.0425926 0.262524
2 0.839583 0.0986111 0.01875 0.0324074 0.280686
0 0.913021 0.738426 0.0145833 0.0601852 0.295715
0 0.895312 0.444444 0.009375 0.05 0.316092
7 0.229948 0.325926 0.0557292 0.0981481 0.321414
0 0.928906 0.737963 0.0140625 0.0666667 0.322087
2 0.423698 0.339815 0.0380208 0.0574074 0.336987
0 0.936458 0.796759 0.0177083 0.0657407 0.352159
5 0.230208 0.326389 0.05625 0.0990741 0.361082
2 0.229948 0.325463 0.0567708 0.0990741 0.376077
2 0.458854 0.299074 0.0427083 0.0481481 0.396704
2 0.490365 0.269907 0.0380208 0.0416667 0.430093
0 0.884375 0.662963 0.0125 0.0666667 0.43102
0 0.973698 0.738426 0.0119792 0.0527778 0.461221
2 0.53125 0.237037 0.0395833 0.0388889 0.473982
2 0.259375 0.39537 0.0354167 0.0574074 0.511417
2 0.770833 0.359259 0.040625 0.062963 0.634442
7 0.41849 0.425463 0.0588542 0.169444 0.678144
2 0.48151 0.348148 0.0338542 0.0648148 0.716041
5 0.207292 0.526389 0.0729167 0.252778 0.731984
5 0.496354 0.184259 0.103125 0.0962963 0.776579
2 0.517969 0.489815 0.0651042 0.087037 0.784666
2 0.476302 0.424537 0.0505208 0.0898148 0.786303
2 0.636979 0.610185 0.10625 0.146296 0.823256
2 0.528906 0.723148 0.102604 0.159259 0.856586
2 0.509375 0.564352 0.0770833 0.112037 0.874609
2 0.709635 0.780093 0.120312 0.171296 0.880767
