0 0.792448 0.980093 0.0171875 0.037963 0.275761
7 0.671354 0.263889 0.071875 0.103704 0.305737
0 0.89401 0.456481 0.00989583 0.0407407 0.332883
5 0.426823 0.222222 0.0848958 0.0907407 0.373483
1 0.936719 0.797222 0.0234375 0.0722222 0.374033
2 0.533073 0.209259 0.0380208 0.0462963 0.397669
0 0.922656 0.727778 0.0223958 0.0777778 0.450188
2 0.839583 0.110185 0.0166667 0.0259259 0.455022
9 0.973958 0.737037 0.0114583 0.05 0.462083
2 0.450521 0.25787 0.0427083 0.0453704 0.513885
2 0.483333 0.227315 0.0354167 0.037963 0.521204
0 0.882031 0.746296 0.0171875 0.0722222 0.564622
7 0.797656 0.864352 0.143229 0.223148 0.594029
2 0.798177 0.864352 0.141146 0.225 0.60031
0 0.897135 0.524537 0.0130208 0.0638889 0.632532
2 0.395573 0.296759 0.0515625 0.0583333 0.70737
2 0.398698 0.373611 0.0453125 0.0712963 0.839159
2 0.515365 0.477315 0.0578125 0.0953704 0.847378
2 0.421094 0.488426 0.0567708 0.0953704 0.852968
2 0.508594 0.60463 0.0838542 0.127778 0.88771
