3 0.154167 0.45 0.0364583 0.0481481 0.254559
5 0.228125 0.317593 0.0510417 0.0925926 0.263376
0 0.868229 0.772222 0.0145833 0.0537037 0.285954
0 0.0882813 0.5125 0.0255208 0.0638889 0.351138
0 0.890365 0.493056 0.00885417 0.0453704 0.375932
5 0.451042 0.252315 0.065625 0.0694444 0.390141
0 0.948438 0.715741 0.015625 0.0685185 0.422087
7 0.228385 0.31713 0.0505208 0.0916667 0.439744
0 0.9375 0.799074 0.0239583 0.0685185 0.443935
0 0.973698 0.738426 0.0119792 0.0527778 0.449131
2 0.274479 0.386574 0.028125 0.0564815 0.460739
2 0.840365 0.10787 0.0161458 0.0287037 0.481037
0 0.922135 0.725 0.0203125 0.0740741 0.524906
2 0.228125 0.31713 0.0510417 0.0916667 0.584943
5 0.441927 0.223148 0.120312 0.101852 0.599373
2 0.396094 0.318519 0.0546875 0.0703704 0.674342
2 0.455208 0.264352 0.046875 0.0546296 0.736621
2 0.85651 0.93287 0.136979 0.128704 0.900715
2 0.607813 0.711111 0.116667 0.157407 0.923423
