0 0.738542 0.718518 0.028125 0.0518519 0.279202
0 0.352865 0.353704 0.0119792 0.0407407 0.297674
7 0.229687 0.316667 0.0520833 0.0981481 0.300145
2 0.464583 0.402778 0.0364583 0.0759259 0.315374
9 0.973958 0.739352 0.0114583 0.0527778 0.343006
2 0.48776 0.269907 0.0421875 0.0453704 0.361394
2 0.571354 0.195833 0.021875 0.0398148 0.362406
2 0.464063 0.352778 0.0364583 0.0740741 0.396563
5 0.229167 0.316204 0.0520833 0.100926 0.400469
0 0.9375 0.793519 0.0208333 0.0703704 0.404701
7 0.663281 0.251852 0.0598958 0.0814815 0.441541
2 0.526302 0.262037 0.0307292 0.0462963 0.450456
0 0.928906 0.742593 0.0140625 0.0666667 0.452696
0 0.883854 0.500926 0.0114583 0.0592593 0.462559
0 0.904167 0.481944 0.0104167 0.0546296 0.475808
0 0.91224 0.743056 0.0151042 0.0712963 0.4929
2 0.229427 0.882407 0.0890625 0.190741 0.701059
7 0.409635 0.37963 0.0442708 0.148148 0.70904
2 0.433594 0.476852 0.0526042 0.087037 0.817369
2 0.444531 0.60787 0.0765625 0.121296 0.858203
2 0.504167 0.475 0.0708333 0.107407 0.872753
2 0.49349 0.555093 0.0786458 0.110185 0.875893
2 0.54349 0.440278 0.0692708 0.0805556 0.878039
2 0.384375 0.506019 0.05 0.100926 0.888129
