0 0.885938 0.594907 0.0114583 0.0472222 0.255614
7 0.710417 0.878241 0.129167 0.202778 0.287533
2 0.53099 0.237963 0.0401042 0.0407407 0.3253
0 0.89974 0.481019 0.0109375 0.0527778 0.369289
9 0.974219 0.738426 0.0109375 0.0509259 0.416489
9 0.410156 0.390278 0.0432292 0.160185 0.436645
2 0.495833 0.311111 0.0385417 0.0611111 0.487446
0 0.914323 0.733333 0.0182292 0.0833333 0.506266
2 0.711198 0.884722 0.127604 0.187963 0.515168
2 0.46224 0.38287 0.0328125 0.0824074 0.560088
0 0.9375 0.792593 0.0208333 0.0703704 0.565286
5 0.213281 0.281481 0.0546875 0.0944444 0.584684
5 0.236198 0.3875 0.0442708 0.139815 0.615421
5 0.529427 0.165741 0.0578125 0.0740741 0.64724
0 0.928385 0.742593 0.0140625 0.0722222 0.654019
7 0.409896 0.390278 0.04375 0.160185 0.679543
2 0.673177 0.45463 0.0796875 0.0703704 0.690715
2 0.483594 0.447222 0.0505208 0.0796296 0.82664
2 0.43125 0.5875 0.0729167 0.119444 0.839761
2 0.554688 0.521759 0.0864583 0.119444 0.861093
2 0.455469 0.503241 0.0619792 0.0990741 0.862384
2 0.582292 0.645833 0.1 0.141667 0.886132
