0 0.905208 0.376852 0.009375 0.0481481 0.33122
9 0.973958 0.737963 0.0114583 0.0537037 0.343934
2 0.16875 0.50463 0.0583333 0.0796296 0.353585
7 0.5125 0.833333 0.1125 0.187037 0.423207
2 0.5125 0.833333 0.1125 0.187037 0.424398
0 0.860937 0.903241 0.0229167 0.0805556 0.445809
2 0.254687 0.316204 0.0208333 0.0324074 0.504915
2 0.375 0.310185 0.0510417 0.0518519 0.621381
5 0.465365 0.206019 0.0546875 0.0712963 0.673968
2 0.117188 0.584722 0.0729167 0.108333 0.680746
7 0.638021 0.789815 0.120833 0.244444 0.728839
2 0.790625 0.303704 0.0322917 0.0537037 0.741843
2 0.226302 0.463426 0.0619792 0.087963 0.787239
5 0.409375 0.240278 0.0854167 0.0953704 0.80858
2 0.349479 0.725 0.0854167 0.164815 0.838803
