9 0.351562 0.353241 0.0125 0.0416667 0.260139
5 0.234896 0.3375 0.053125 0.106481 0.283108
0 0.973177 0.740278 0.0119792 0.0527778 0.284719
0 0.352344 0.353704 0.0119792 0.0407407 0.287905
2 0.559635 0.20787 0.0317708 0.0416667 0.317471
7 0.233854 0.336574 0.0541667 0.106481 0.332268
0 0.872917 0.443519 0.0104167 0.0518519 0.336374
2 0.839844 0.0981481 0.0171875 0.0314815 0.359361
9 0.973698 0.738889 0.0119792 0.0518519 0.383907
0 0.913281 0.733796 0.0171875 0.0731481 0.39394
0 0.895052 0.434722 0.00885417 0.0490741 0.410929
0 0.928906 0.741667 0.0140625 0.0703704 0.429848
7 0.666667 0.259722 0.0635417 0.0972222 0.432101
2 0.489323 0.27037 0.0401042 0.0462963 0.459325
0 0.936979 0.793519 0.0197917 0.0703704 0.510107
2 0.459896 0.298148 0.0447917 0.0462963 0.513797
0 0.881771 0.678704 0.0145833 0.0722222 0.610937
2 0.780208 0.336574 0.0354167 0.0546296 0.626396
2 0.53099 0.237963 0.0390625 0.0407407 0.627884
2 0.246354 0.422685 0.0375 0.0675926 0.72996
2 0.479688 0.357407 0.0322917 0.0685185 0.755512
7 0.422135 0.435648 0.0640625 0.175 0.779386
5 0.209635 0.577315 0.0744792 0.286111 0.822998
2 0.532552 0.506019 0.0682292 0.0935185 0.830085
5 0.488281 0.194444 0.110937 0.105556 0.844082
2 0.483594 0.434722 0.0505208 0.0935185 0.855644
2 0.524479 0.581019 0.08125 0.115741 0.87437
2 0.658073 0.62963 0.110937 0.151852 0.893842
2 0.7375 0.810648 0.125 0.182407 0.902596
2 0.558333 0.75787 0.109375 0.167593 0.914048
