7 0.539323 0.492593 0.0703125 0.107407 0.275552
5 0.288802 0.884259 0.192188 0.225926 0.276667
9 0.973698 0.7375 0.0130208 0.0546296 0.277433
0 0.926823 0.734259 0.0182292 0.0740741 0.323433
0 0.936979 0.795833 0.0208333 0.0675926 0.348576
7 0.289583 0.883796 0.1875 0.225 0.376626
2 0.540104 0.224074 0.0375 0.0407407 0.527817
2 0.209896 0.284259 0.0375 0.0722222 0.545288
0 0.881771 0.745833 0.01875 0.075 0.614012
5 0.44375 0.216204 0.123958 0.106481 0.628605
2 0.827083 0.161574 0.0166667 0.0268519 0.639949
2 0.538021 0.49213 0.071875 0.106481 0.667558
2 0.501302 0.262963 0.0421875 0.0462963 0.697345
2 0.439844 0.485185 0.0515625 0.114815 0.711623
2 0.403906 0.420833 0.0369792 0.075 0.718492
2 0.395833 0.295833 0.0510417 0.0564815 0.743098
7 0.360156 0.798611 0.134896 0.239815 0.83008
2 0.422656 0.331944 0.0463542 0.0601852 0.838667
7 0.516927 0.583333 0.138021 0.25 0.889583
2 0.770312 0.722685 0.117708 0.171296 0.907119
2 0.663281 0.87037 0.132812 0.192593 0.916856
2 0.800781 0.884722 0.128646 0.191667 0.919811
2 0.667969 0.726389 0.109896 0.149074 0.92154
