2 0.839844 0.100463 0.0182292 0.0268519 0.257037
0 0.873177 0.444444 0.00989583 0.0481481 0.262838
2 0.257292 0.303704 0.03125 0.0518519 0.298675
0 0.913802 0.738889 0.0151042 0.0611111 0.31493
0 0.936719 0.797222 0.0182292 0.0648148 0.329433
7 0.66276 0.253241 0.0567708 0.0842593 0.341505
2 0.265625 0.371296 0.0260417 0.0537037 0.353997
9 0.973958 0.737963 0.0125 0.0537037 0.359091
2 0.53099 0.236111 0.0390625 0.037037 0.36421
2 0.489062 0.271296 0.040625 0.0425926 0.365771
2 0.459115 0.3 0.0401042 0.0462963 0.371966
0 0.896875 0.456481 0.009375 0.0555556 0.373264
2 0.426562 0.336111 0.0375 0.0611111 0.378739
7 0.858333 0.959722 0.096875 0.0768519 0.380701
0 0.886719 0.643519 0.0130208 0.0648148 0.424871
0 0.928906 0.740278 0.0130208 0.0694444 0.443866
5 0.226823 0.318981 0.0526042 0.0990741 0.616197
7 0.415885 0.417593 0.0546875 0.164815 0.634875
2 0.759115 0.384722 0.0473958 0.0675926 0.676666
2 0.509115 0.485185 0.0630208 0.0740741 0.680231
2 0.473177 0.415741 0.0453125 0.0907407 0.751056
2 0.483594 0.339352 0.0359375 0.0601852 0.758259
5 0.509375 0.180093 0.105208 0.0916667 0.758275
5 0.213802 0.487037 0.0682292 0.225926 0.846243
2 0.620313 0.59213 0.107292 0.139815 0.854008
2 0.503906 0.688889 0.0932292 0.148148 0.866116
2 0.495313 0.546759 0.075 0.10463 0.872523
2 0.682813 0.751389 0.11875 0.165741 0.906784
