7 0.845052 0.873611 0.0963542 0.184259 0.250946
0 0.0872396 0.514352 0.0255208 0.0694444 0.310211
7 0.948958 0.296296 0.102083 0.588889 0.343043
9 0.973698 0.736574 0.0119792 0.0527778 0.373672
0 0.898958 0.639815 0.0135417 0.0555556 0.4712
2 0.476302 0.247685 0.0338542 0.0435185 0.486922
2 0.0223958 0.626852 0.0427083 0.062963 0.503216
0 0.891146 0.690741 0.0229167 0.0814815 0.513542
2 0.771615 0.240741 0.0244792 0.0425926 0.576475
2 0.802344 0.275 0.0338542 0.0685185 0.592621
2 0.832292 0.141667 0.01875 0.0296296 0.603483
2 0.545052 0.223611 0.0380208 0.0398148 0.619237
2 0.465625 0.285648 0.04375 0.0657407 0.666731
2 0.844271 0.879167 0.096875 0.176852 0.714102
2 0.551042 0.95 0.109375 0.0962963 0.828247
2 0.349479 0.725463 0.0854167 0.163889 0.829962
2 0.551823 0.779167 0.0932292 0.143519 0.885158
5 0.327083 0.308333 0.166667 0.183333 0.889443
