0 0.892708 0.428241 0.0104167 0.0435185 0.264844
7 0.667708 0.257407 0.0645833 0.0907407 0.267733
5 0.21224 0.2875 0.0401042 0.0787037 0.311631
0 0.0591146 0.681019 0.0119792 0.0490741 0.319573
0 0.922135 0.721759 0.0119792 0.0509259 0.363962
2 0.21224 0.287963 0.0401042 0.0796296 0.369109
0 0.973437 0.738889 0.0125 0.0518519 0.393878
7 0.932031 0.94213 0.121354 0.110185 0.421481
2 0.839583 0.10787 0.015625 0.0287037 0.471504
0 0.882031 0.744907 0.0171875 0.0712963 0.485142
0 0.90651 0.578241 0.0140625 0.0638889 0.509718
2 0.464844 0.264352 0.0484375 0.0527778 0.515616
0 0.936458 0.797222 0.0229167 0.0685185 0.530079
2 0.559896 0.186574 0.028125 0.037963 0.664395
5 0.44349 0.21713 0.122396 0.108333 0.691178
2 0.394792 0.294907 0.0489583 0.0564815 0.762397
2 0.396094 0.439352 0.0390625 0.0824074 0.832895
2 0.503385 0.598611 0.0828125 0.123148 0.878104
2 0.658333 0.64213 0.0927083 0.128704 0.909525
2 0.642187 0.747222 0.114583 0.155556 0.912723
