2 0.255729 0.31713 0.0239583 0.0342593 0.251255
9 0.350781 0.353704 0.0140625 0.0425926 0.317656
0 0.957292 0.682407 0.015625 0.0666667 0.332467
2 0.519271 0.226852 0.0427083 0.0648148 0.378867
7 0.788281 0.32963 0.0421875 0.087037 0.408663
2 0.788021 0.32963 0.0416667 0.087037 0.502418
2 0.526042 0.205556 0.0385417 0.037037 0.536901
2 0.438021 0.979167 0.0822917 0.0398148 0.591027
2 0.747396 0.297685 0.0322917 0.0546296 0.671607
0 0.883854 0.731019 0.0197917 0.0824074 0.675427
2 0.826042 0.162037 0.015625 0.0296296 0.683326
2 0.515625 0.245833 0.0364583 0.0509259 0.690582
2 0.815625 0.923148 0.103125 0.151852 0.787896
2 0.116667 0.53287 0.0604167 0.0824074 0.814158
2 0.349479 0.725463 0.0854167 0.163889 0.834719
5 0.357292 0.289352 0.153125 0.167593 0.836733
