5 0.466667 0.209259 0.053125 0.0777778 0.329876
2 0.107813 0.597685 0.0697917 0.0953704 0.470864
2 0.254948 0.31713 0.0213542 0.0305556 0.543492
2 0.11901 0.575 0.0484375 0.0648148 0.563619
0 0.863021 0.894907 0.025 0.0842593 0.572816
2 0.160938 0.516667 0.0614583 0.0796296 0.655609
5 0.429688 0.231481 0.128125 0.124074 0.707083
2 0.370833 0.315278 0.0479167 0.0490741 0.721534
7 0.529167 0.799537 0.108333 0.176852 0.763338
2 0.791406 0.296296 0.0307292 0.05 0.765552
7 0.649479 0.75463 0.114583 0.227778 0.794123
2 0.349219 0.725 0.0859375 0.162963 0.823991
2 0.21901 0.471759 0.0640625 0.087963 0.878288
