9 0.351823 0.351389 0.0130208 0.0435185 0.256152
0 0.913021 0.740278 0.015625 0.0657407 0.289516
2 0.559896 0.206944 0.0322917 0.0361111 0.292763
5 0.409896 0.387963 0.04375 0.151852 0.313564
0 0.904167 0.481481 0.0104167 0.0574074 0.372716
0 0.973958 0.738889 0.0114583 0.0537037 0.394103
7 0.670833 0.264352 0.0708333 0.10463 0.405147
7 0.239844 0.377778 0.0453125 0.12963 0.426227
0 0.93724 0.793056 0.0203125 0.0694444 0.43556
2 0.529948 0.237963 0.0390625 0.0388889 0.454722
7 0.661979 0.841204 0.126042 0.175 0.474602
5 0.209115 0.277315 0.0515625 0.0935185 0.488129
2 0.661979 0.841667 0.126042 0.174074 0.495311
0 0.886719 0.572685 0.0119792 0.0657407 0.523854
2 0.49974 0.305556 0.0411458 0.0574074 0.542308
0 0.928385 0.743056 0.0140625 0.0694444 0.552269
2 0.461719 0.375 0.0328125 0.0759259 0.655717
7 0.409896 0.386574 0.0447917 0.152778 0.694697
2 0.451042 0.497222 0.0604167 0.0962963 0.806945
2 0.479688 0.439815 0.046875 0.0796296 0.820317
2 0.54349 0.509259 0.0817708 0.127778 0.827561
2 0.639844 0.461574 0.0869792 0.075 0.852437
2 0.41849 0.566204 0.0671875 0.117593 0.867305
2 0.560938 0.624074 0.096875 0.133333 0.898694
