7 0.210417 0.284259 0.0385417 0.0740741 0.257277
2 0.483333 0.230556 0.0302083 0.0314815 0.258874
0 0.929688 0.733796 0.0229167 0.0638889 0.267763
9 0.351302 0.354167 0.0130208 0.0416667 0.311852
2 0.56875 0.185185 0.0166667 0.0277778 0.315642
2 0.839323 0.112963 0.0151042 0.0259259 0.357053
0 0.973698 0.738426 0.0130208 0.0527778 0.388739
2 0.45026 0.259259 0.0401042 0.0425926 0.39562
0 0.922917 0.723148 0.0166667 0.0722222 0.402317
0 0.0614583 0.641204 0.0135417 0.0527778 0.448172
0 0.89375 0.500463 0.0125 0.0601852 0.55067
0 0.881771 0.746296 0.0177083 0.0722222 0.561685
7 0.704948 0.768056 0.132812 0.210185 0.569204
5 0.440885 0.219444 0.117188 0.1 0.583553
2 0.704948 0.768056 0.132812 0.212037 0.617979
2 0.395833 0.297222 0.05 0.0574074 0.778999
2 0.398177 0.439815 0.0421875 0.0833333 0.814908
2 0.475781 0.392593 0.0348958 0.0740741 0.821644
2 0.4125 0.347685 0.0479167 0.0638889 0.825458
2 0.455208 0.529167 0.0625 0.102778 0.88424
