0 0.910937 0.746296 0.0125 0.0537037 0.266805
2 0.277083 0.536111 0.0541667 0.138889 0.267032
5 0.209896 0.283796 0.0375 0.0712963 0.28112
2 0.842448 0.101852 0.0140625 0.0277778 0.299811
7 0.954427 0.305556 0.0911458 0.611111 0.321687
9 0.351562 0.351389 0.0135417 0.0416667 0.341276
2 0.209635 0.283333 0.0369792 0.0703704 0.390777
0 0.928646 0.739815 0.015625 0.0703704 0.398054
2 0.425521 0.451852 0.0489583 0.109259 0.400547
7 0.497917 0.434722 0.0510417 0.0861111 0.406913
7 0.664583 0.253241 0.0604167 0.0842593 0.424197
0 0.934896 0.798148 0.0197917 0.0703704 0.432527
2 0.555469 0.212037 0.0296875 0.0407407 0.453797
9 0.974479 0.738426 0.0114583 0.0527778 0.463874
2 0.408854 0.284722 0.05 0.0583333 0.465739
2 0.819792 0.186574 0.0177083 0.0305556 0.503017
2 0.498177 0.435185 0.0515625 0.087037 0.542439
7 0.42526 0.451389 0.0484375 0.110185 0.565038
7 0.189063 0.663889 0.0875 0.346296 0.570563
2 0.519531 0.246296 0.0380208 0.0444444 0.578959
2 0.470052 0.287963 0.0432292 0.05 0.593491
0 0.88099 0.745833 0.0203125 0.075 0.611108
7 0.277083 0.535648 0.0552083 0.134259 0.61322
5 0.44375 0.214815 0.11875 0.103704 0.633276
2 0.408854 0.366204 0.0416667 0.0657407 0.634498
5 0.189583 0.663889 0.0875 0.348148 0.677138
2 0.591406 0.551389 0.0901042 0.126852 0.821336
2 0.788542 0.748611 0.1 0.14537 0.85906
7 0.505729 0.571759 0.132292 0.249074 0.886947
2 0.66901 0.728241 0.110937 0.152778 0.897322
2 0.645573 0.856944 0.139062 0.187963 0.910724
2 0.796094 0.878241 0.130729 0.191667 0.915141
