2 0.559635 0.208796 0.0328125 0.0416667 0.272933
0 0.352344 0.353704 0.0119792 0.0407407 0.303617
0 0.973437 0.739352 0.0114583 0.0509259 0.305543
0 0.872917 0.443519 0.0104167 0.0518519 0.339713
2 0.839844 0.0981481 0.0171875 0.0314815 0.346407
9 0.973698 0.738889 0.0119792 0.0518519 0.378821
0 0.913021 0.734259 0.0166667 0.0722222 0.40691
7 0.233073 0.336574 0.0557292 0.108333 0.412666
0 0.894792 0.434722 0.009375 0.0490741 0.413755
0 0.928906 0.741667 0.0140625 0.0703704 0.424571
2 0.489062 0.27037 0.040625 0.0462963 0.435733
7 0.666927 0.260185 0.0640625 0.0981481 0.443731
2 0.459896 0.298148 0.0447917 0.0462963 0.446583
5 0.233854 0.336574 0.0552083 0.110185 0.448433
2 0.78099 0.3375 0.0359375 0.0546296 0.504424
0 0.936979 0.793519 0.0197917 0.0703704 0.509921
0 0.882292 0.678241 0.0135417 0.0675926 0.531921
7 0.209375 0.578704 0.0760417 0.275926 0.574324
2 0.53099 0.2375 0.0390625 0.0416667 0.645037
2 0.247135 0.420833 0.0369792 0.0657407 0.660403
2 0.479948 0.356944 0.0328125 0.0675926 0.698627
7 0.422917 0.435648 0.0635417 0.173148 0.73799
5 0.209375 0.576389 0.075 0.282407 0.766263
2 0.65625 0.628704 0.111458 0.153704 0.789828
5 0.489583 0.193981 0.113542 0.108333 0.792953
2 0.532292 0.503704 0.0677083 0.0981481 0.822496
2 0.483073 0.433796 0.0505208 0.0953704 0.834438
2 0.523438 0.579167 0.08125 0.113889 0.873065
2 0.734635 0.80787 0.125521 0.180556 0.901848
2 0.55599 0.755556 0.108854 0.168519 0.914578
