2 0.251823 0.295833 0.0265625 0.0527778 0.256338
2 0.80599 0.936111 0.134896 0.122222 0.266607
2 0.560156 0.208333 0.0317708 0.0351852 0.26917
0 0.0875 0.511574 0.0239583 0.062037 0.273083
2 0.840104 0.101852 0.0177083 0.0277778 0.304068
2 0.43099 0.331019 0.0338542 0.0657407 0.333643
2 0.270052 0.340741 0.0234375 0.05 0.383243
9 0.973698 0.738426 0.0119792 0.0527778 0.387538
0 0.959375 0.816204 0.0229167 0.0657407 0.404499
0 0.897396 0.471759 0.009375 0.0509259 0.417032
5 0.221615 0.303704 0.0442708 0.0925926 0.485182
0 0.914323 0.733333 0.0182292 0.0777778 0.488847
0 0.886198 0.609259 0.0130208 0.0537037 0.512973
2 0.529948 0.237963 0.0390625 0.0388889 0.531892
7 0.80625 0.935648 0.133333 0.123148 0.544227
0 0.93776 0.793519 0.0203125 0.0703704 0.552763
0 0.929167 0.74213 0.015625 0.0731481 0.619319
5 0.52474 0.172685 0.0953125 0.0953704 0.676676
7 0.41276 0.403241 0.0494792 0.158333 0.679054
2 0.467187 0.4 0.0375 0.0851852 0.70954
2 0.495313 0.462037 0.05625 0.0833333 0.789302
2 0.488802 0.324074 0.0380208 0.0648148 0.789594
2 0.729948 0.424074 0.0630208 0.0759259 0.802574
5 0.226042 0.422685 0.0614583 0.186111 0.806095
2 0.585417 0.557407 0.0947917 0.135185 0.822229
2 0.463281 0.63287 0.0848958 0.134259 0.858811
2 0.633854 0.700463 0.110417 0.152778 0.8727
2 0.473437 0.526389 0.06875 0.102778 0.89038
