2 0.839844 0.109259 0.0161458 0.0351852 0.255427
7 0.667969 0.259722 0.0682292 0.0990741 0.286169
9 0.973698 0.738889 0.0109375 0.0518519 0.347824
0 0.617708 0.609259 0.0333333 0.0740741 0.364074
0 0.913281 0.737963 0.0182292 0.0814815 0.374259
2 0.592188 0.184259 0.021875 0.0333333 0.379703
0 0.938021 0.793056 0.0208333 0.0694444 0.380815
0 0.928906 0.741204 0.0161458 0.0694444 0.39676
3 0.61849 0.614352 0.0338542 0.0712963 0.41705
2 0.559896 0.229167 0.0270833 0.0398148 0.439287
2 0.48776 0.270833 0.0442708 0.0453704 0.470858
5 0.221615 0.305556 0.0598958 0.111111 0.473008
2 0.464844 0.404167 0.0359375 0.0675926 0.503065
0 0.903906 0.484259 0.0109375 0.0537037 0.512176
2 0.464063 0.352778 0.0364583 0.0703704 0.569825
2 0.529948 0.236574 0.0369792 0.037963 0.586354
7 0.0575521 0.592593 0.0890625 0.153704 0.639011
2 0.227344 0.88287 0.0901042 0.191667 0.644331
2 0.504167 0.473148 0.0614583 0.0962963 0.671873
7 0.409896 0.378704 0.04375 0.146296 0.696549
2 0.433073 0.476852 0.0526042 0.0888889 0.832903
2 0.438021 0.602315 0.0729167 0.125 0.864563
2 0.491927 0.554167 0.0796875 0.112037 0.868336
2 0.543229 0.439815 0.0677083 0.0814815 0.882428
2 0.384375 0.506019 0.05 0.100926 0.883977
