0 0.932552 0.743981 0.0213542 0.062037 0.280012
2 0.838542 0.113426 0.0166667 0.0287037 0.288623
1 0.936198 0.796759 0.0234375 0.0731481 0.312105
9 0.352083 0.355093 0.0135417 0.0435185 0.31667
0 0.0604167 0.636111 0.0125 0.0555556 0.320892
2 0.209896 0.282407 0.0375 0.0777778 0.332227
7 0.922917 0.913889 0.151042 0.172222 0.336562
7 0.663021 0.253241 0.05625 0.0824074 0.345078
2 0.4875 0.225463 0.0364583 0.037963 0.373183
9 0.973958 0.737963 0.0125 0.0537037 0.383733
2 0.45 0.258333 0.0416667 0.0444444 0.423866
0 0.0877604 0.511111 0.0255208 0.0648148 0.424096
9 0.590885 0.169907 0.0151042 0.0342593 0.437243
0 0.922656 0.724537 0.0182292 0.0731481 0.506405
0 0.89349 0.491204 0.0130208 0.0601852 0.534103
0 0.882292 0.745833 0.0177083 0.0731481 0.592728
2 0.682813 0.74537 0.129167 0.209259 0.613521
5 0.441667 0.219444 0.122917 0.111111 0.679964
2 0.396094 0.296759 0.0494792 0.0601852 0.777028
2 0.395312 0.430093 0.0385417 0.0787037 0.791271
2 0.470833 0.375463 0.034375 0.0694444 0.798556
2 0.445573 0.510648 0.0598958 0.106481 0.822639
2 0.416146 0.343519 0.0489583 0.0648148 0.850295
