5 0.476823 0.205093 0.0557292 0.0805556 0.25584
5 0.210156 0.284259 0.0369792 0.0722222 0.256259
2 0.842708 0.101389 0.0145833 0.0287037 0.306395
7 0.952865 0.300926 0.0932292 0.6 0.306975
9 0.351823 0.351852 0.0130208 0.0407407 0.341332
0 0.928385 0.742593 0.0140625 0.0648148 0.364756
2 0.209896 0.283796 0.0375 0.0712963 0.369214
0 0.0278646 0.986574 0.0140625 0.025 0.373244
7 0.664583 0.253241 0.0614583 0.0842593 0.423595
2 0.517969 0.247685 0.0390625 0.0453704 0.438723
9 0.974479 0.738426 0.0114583 0.0527778 0.463359
5 0.440365 0.216667 0.114063 0.0944444 0.493516
0 0.934896 0.797685 0.0197917 0.0694444 0.50055
2 0.554427 0.213426 0.0296875 0.0398148 0.510697
2 0.5 0.441667 0.053125 0.087037 0.51581
2 0.40651 0.287037 0.0463542 0.0592593 0.523119
2 0.821094 0.184259 0.0182292 0.0296296 0.538621
7 0.428125 0.455093 0.0510417 0.110185 0.546635
7 0.199479 0.711111 0.0989583 0.362963 0.563141
5 0.198698 0.710185 0.100521 0.362963 0.591545
0 0.88151 0.746296 0.0203125 0.0759259 0.6128
2 0.465365 0.291667 0.0442708 0.0518519 0.622815
2 0.405469 0.373611 0.0401042 0.0675926 0.664177
7 0.28099 0.562037 0.0588542 0.151852 0.670857
2 0.602604 0.564352 0.0958333 0.136111 0.815981
2 0.816406 0.774537 0.103646 0.149074 0.878394
7 0.510417 0.579167 0.1375 0.252778 0.891524
2 0.669271 0.728704 0.111458 0.151852 0.89329
2 0.795833 0.878241 0.130208 0.191667 0.911051
2 0.646354 0.859259 0.141667 0.188889 0.91307
