2 0.239844 0.3625 0.0421875 0.130556 0.26855
0 0.973698 0.737963 0.0109375 0.0518519 0.302018
0 0.936719 0.798148 0.0182292 0.0666667 0.307269
9 0.973437 0.737037 0.0114583 0.0518519 0.323774
0 0.908854 0.751852 0.0145833 0.0722222 0.332186
0 0.923437 0.75787 0.0177083 0.0638889 0.33448
0 0.900781 0.556481 0.0140625 0.0685185 0.335076
0 0.888021 0.552778 0.0114583 0.0648148 0.389579
0 0.85026 0.823611 0.0140625 0.062037 0.390622
2 0.480469 0.230556 0.0348958 0.0425926 0.40602
0 0.981771 0.612963 0.015625 0.062963 0.458589
0 0.947135 0.750926 0.0151042 0.0518519 0.46204
2 0.840104 0.108796 0.0145833 0.0268519 0.482485
2 0.260677 0.319444 0.0234375 0.0314815 0.484489
0 0.447656 0.6625 0.0317708 0.0972222 0.485846
5 0.441146 0.219907 0.125 0.108333 0.525909
2 0.447135 0.273611 0.0453125 0.0638889 0.710345
2 0.395833 0.318519 0.05625 0.0722222 0.71894
2 0.842188 0.925926 0.147917 0.146296 0.859362
2 0.292188 0.573148 0.0510417 0.114815 0.878604
