0 0.911719 0.645833 0.0130208 0.0324074 0.257018
0 0.91901 0.506019 0.0130208 0.0564815 0.263577
2 0.480729 0.229167 0.0375 0.0416667 0.290479
9 0.352344 0.350926 0.0130208 0.0444444 0.306539
0 0.910937 0.669444 0.0145833 0.0759259 0.317663
0 0.838542 0.911111 0.0177083 0.0574074 0.366393
5 0.441667 0.21713 0.125 0.106481 0.408238
2 0.395573 0.319907 0.0546875 0.0694444 0.433105
2 0.841406 0.106481 0.0161458 0.0333333 0.475892
0 0.891146 0.662037 0.0135417 0.062963 0.487147
0 0.907292 0.836111 0.0197917 0.0759259 0.537552
9 0.974219 0.7375 0.0119792 0.0509259 0.557386
2 0.445052 0.280093 0.0473958 0.062037 0.672089
2 0.242708 0.4375 0.04375 0.0694444 0.823043
2 0.348958 0.724074 0.084375 0.161111 0.831547
5 0.1 0.538426 0.177083 0.226852 0.870123
