7 0.240365 0.354167 0.0453125 0.117593 0.344067
2 0.240885 0.35463 0.0453125 0.118519 0.367192
2 0.48099 0.229167 0.0348958 0.0416667 0.384747
0 0.926562 0.751852 0.015625 0.062963 0.420161
2 0.839583 0.108796 0.0145833 0.0268519 0.440464
0 0.85026 0.823611 0.0140625 0.062037 0.458729
0 0.973437 0.737963 0.0114583 0.0537037 0.469631
5 0.429167 0.224074 0.0958333 0.0981481 0.471241
0 0.447656 0.6625 0.0317708 0.0972222 0.496537
0 0.909635 0.751852 0.0171875 0.0796296 0.508661
0 0.948438 0.749074 0.0145833 0.05 0.514482
2 0.447656 0.275 0.0442708 0.062963 0.705967
2 0.395833 0.318519 0.05625 0.0722222 0.727861
2 0.284896 0.538889 0.0458333 0.107407 0.833752
2 0.804427 0.907407 0.144271 0.17963 0.914484
