0 0.447917 0.660648 0.03125 0.0935185 0.262775
7 0.217448 0.298148 0.0421875 0.0796296 0.268404
2 0.45 0.25787 0.0427083 0.0453704 0.271783
2 0.870833 0.562963 0.0208333 0.0296296 0.281001
3 0.266146 0.323611 0.0270833 0.0416667 0.301486
0 0.0877604 0.512037 0.0244792 0.0648148 0.304572
9 0.351562 0.352315 0.0135417 0.0435185 0.31472
2 0.217708 0.296759 0.04375 0.0787037 0.346698
9 0.973698 0.737963 0.0119792 0.0518519 0.361723
0 0.922396 0.723148 0.0197917 0.0740741 0.389989
7 0.667969 0.25787 0.0661458 0.0935185 0.402725
0 0.927083 0.633796 0.015625 0.0712963 0.406523
0 0.891406 0.456019 0.0109375 0.0490741 0.409535
2 0.839583 0.10787 0.0166667 0.0287037 0.423079
0 0.932552 0.744907 0.0203125 0.0657407 0.438735
2 0.266146 0.324074 0.0260417 0.0388889 0.449695
0 0.878646 0.749074 0.0145833 0.0648148 0.472819
2 0.502865 0.229167 0.0380208 0.0490741 0.514813
5 0.43125 0.228241 0.0947917 0.106481 0.528217
2 0.401302 0.30463 0.0609375 0.0740741 0.713826
2 0.821094 0.913889 0.130729 0.159259 0.766764
2 0.456771 0.543056 0.0770833 0.112037 0.856407
2 0.871875 0.847222 0.1125 0.162963 0.869484
2 0.642969 0.751389 0.114063 0.160185 0.896948
