58 0.0289063 0.785185 0.0557292 0.146296 0.264587
7 0.210677 0.285648 0.0401042 0.0712963 0.275261
0 0.9375 0.794444 0.0208333 0.0703704 0.281157
0 0.917708 0.719907 0.015625 0.075 0.289878
2 0.308854 0.671296 0.084375 0.194444 0.330735
2 0.510156 0.257407 0.0411458 0.0388889 0.347373
5 0.476562 0.209259 0.05625 0.0925926 0.385165
2 0.210417 0.284259 0.0385417 0.0722222 0.394654
7 0.6625 0.251852 0.0552083 0.0777778 0.41287
0 0.928646 0.74213 0.015625 0.0657407 0.422259
9 0.974479 0.7375 0.0114583 0.0527778 0.427261
2 0.82474 0.175 0.0161458 0.0296296 0.427387
2 0.547396 0.221759 0.034375 0.0398148 0.451894
2 0.396875 0.293981 0.0458333 0.0601852 0.467995
0 0.0109375 0.983333 0.0197917 0.0314815 0.49551
5 0.442448 0.218981 0.120312 0.10463 0.501347
2 0.516406 0.463426 0.0578125 0.0861111 0.508411
2 0.253385 0.838889 0.194271 0.322222 0.53639
2 0.400781 0.401389 0.0359375 0.0712963 0.552744
0 0.88151 0.745833 0.0203125 0.0768519 0.655299
2 0.435677 0.473611 0.0546875 0.113889 0.658335
2 0.446354 0.309722 0.0447917 0.0546296 0.733278
7 0.308854 0.668981 0.084375 0.189815 0.737915
2 0.924219 0.8875 0.102604 0.167593 0.771883
2 0.68099 0.631944 0.108854 0.150926 0.8971
7 0.517187 0.582407 0.138542 0.246296 0.898789
2 0.668229 0.726389 0.110417 0.150926 0.906284
2 0.796094 0.87963 0.130729 0.192593 0.916869
2 0.657812 0.866667 0.134375 0.190741 0.920497
