2 0.841927 0.101389 0.0140625 0.025 0.257898
2 0.498698 0.218981 0.0348958 0.0398148 0.260893
2 0.529167 0.238889 0.0395833 0.0407407 0.273904
0 0.973698 0.737037 0.0130208 0.0537037 0.285836
2 0.45651 0.302315 0.0411458 0.0472222 0.289029
5 0.498698 0.218981 0.0348958 0.0398148 0.290119
0 0.448438 0.662963 0.03125 0.1 0.301804
7 0.480208 0.384259 0.0354167 0.0796296 0.307862
0 0.938021 0.796296 0.021875 0.0685185 0.310177
7 0.663281 0.256019 0.0588542 0.0861111 0.340213
0 0.914844 0.736574 0.0192708 0.0712963 0.367539
0 0.88125 0.734259 0.0166667 0.0777778 0.391921
2 0.488542 0.269907 0.04375 0.0453704 0.482605
2 0.798177 0.259722 0.0265625 0.0416667 0.567523
7 0.277604 0.350926 0.0333333 0.0814815 0.569494
0 0.929948 0.743519 0.0182292 0.0685185 0.60413
2 0.480729 0.385185 0.034375 0.0777778 0.653354
5 0.455469 0.216204 0.111979 0.106481 0.743673
2 0.576042 0.543981 0.0760417 0.0990741 0.784075
7 0.228906 0.39213 0.0515625 0.150926 0.791983
2 0.12474 0.575926 0.0630208 0.0944444 0.819405
2 0.510938 0.468056 0.0666667 0.10463 0.835876
5 0.270052 0.791204 0.173438 0.413889 0.857469
2 0.782292 0.74213 0.130208 0.186111 0.872416
2 0.777083 0.856019 0.130208 0.186111 0.877867
7 0.439844 0.479167 0.0880208 0.199074 0.889401
2 0.588021 0.649074 0.0958333 0.127778 0.892658
2 0.616146 0.822222 0.123958 0.17963 0.911275
