5 0.210156 0.283333 0.0380208 0.0740741 0.260459
9 0.973958 0.7375 0.0114583 0.0509259 0.285256
2 0.840104 0.111574 0.015625 0.0268519 0.312431
0 0.0609375 0.65 0.0135417 0.0537037 0.33417
9 0.0614583 0.650926 0.0125 0.0537037 0.36932
7 0.741146 0.80787 0.136458 0.221296 0.428605
2 0.558073 0.187963 0.0317708 0.0425926 0.44752
2 0.484115 0.228241 0.0348958 0.037963 0.468676
2 0.210156 0.28287 0.0380208 0.0731481 0.483032
2 0.741146 0.806944 0.135417 0.221296 0.50009
5 0.442448 0.219444 0.121354 0.103704 0.535151
0 0.895052 0.509722 0.0130208 0.0583333 0.579961
0 0.881771 0.746296 0.0177083 0.0722222 0.600804
2 0.451302 0.258796 0.0421875 0.0435185 0.609215
2 0.395833 0.297222 0.05 0.0574074 0.749095
2 0.408073 0.355093 0.0494792 0.0657407 0.802709
2 0.405469 0.456481 0.0463542 0.087037 0.822833
2 0.486198 0.425 0.0442708 0.0814815 0.829928
2 0.472656 0.555093 0.0723958 0.113889 0.861739
