0 0.873177 0.444444 0.00989583 0.0481481 0.255721
7 0.257031 0.302778 0.0307292 0.0518519 0.299694
0 0.913802 0.738889 0.0151042 0.0611111 0.306558
0 0.936458 0.796759 0.0177083 0.0638889 0.324243
7 0.66276 0.252778 0.0567708 0.0833333 0.327432
7 0.856771 0.959722 0.0989583 0.0787037 0.35351
9 0.973958 0.737963 0.0125 0.0537037 0.370267
2 0.489062 0.271296 0.040625 0.0425926 0.389045
2 0.459115 0.3 0.0401042 0.0462963 0.389253
2 0.53099 0.236111 0.0390625 0.037037 0.393945
0 0.896875 0.456481 0.009375 0.0537037 0.39818
2 0.426823 0.335648 0.0369792 0.0601852 0.40383
0 0.929167 0.738426 0.0145833 0.0694444 0.432741
0 0.886198 0.642593 0.0140625 0.0648148 0.458772
2 0.265885 0.37037 0.0255208 0.0518519 0.482304
5 0.227083 0.318519 0.0520833 0.0981481 0.548008
7 0.415365 0.417593 0.0536458 0.164815 0.572309
2 0.758073 0.387037 0.0484375 0.0666667 0.68772
2 0.507812 0.484722 0.0635417 0.075 0.720812
2 0.483333 0.339352 0.0354167 0.062037 0.742739
2 0.472656 0.414815 0.0442708 0.0888889 0.74944
5 0.508073 0.17963 0.101562 0.0925926 0.777078
5 0.213542 0.483796 0.0677083 0.221296 0.819868
2 0.494531 0.544444 0.0744792 0.101852 0.851201
2 0.501302 0.685648 0.0953125 0.149074 0.857842
2 0.618229 0.591204 0.105208 0.137963 0.864194
2 0.68099 0.749074 0.117188 0.164815 0.901879
