3 0.78151 0.778241 0.0421875 0.0675926 0.250471
0 0.766927 0.748611 0.0203125 0.0490741 0.259619
9 0.409375 0.378704 0.04375 0.144444 0.261626
7 0.23151 0.322222 0.0536458 0.1 0.261794
5 0.231771 0.322685 0.0541667 0.0990741 0.268747
7 0.464063 0.378241 0.0385417 0.125 0.273085
0 0.352344 0.352778 0.0130208 0.0425926 0.273306
9 0.973958 0.738426 0.0114583 0.0527778 0.309357
0 0.884115 0.507407 0.00989583 0.0555556 0.336079
0 0.936979 0.79537 0.01875 0.0666667 0.349565
2 0.486719 0.269444 0.0453125 0.0462963 0.350775
0 0.783333 0.741204 0.0145833 0.0453704 0.354954
0 0.904167 0.482407 0.0104167 0.0518519 0.367842
3 0.791667 0.787963 0.0229167 0.0592593 0.432173
0 0.928646 0.741204 0.0145833 0.0638889 0.437269
7 0.664062 0.254167 0.0625 0.0842593 0.447969
2 0.569271 0.200463 0.0229167 0.0361111 0.464374
0 0.911719 0.747685 0.0140625 0.0601852 0.474201
2 0.526823 0.266667 0.0380208 0.0555556 0.487013
2 0.229427 0.884722 0.0880208 0.189815 0.698364
7 0.409375 0.378704 0.0447917 0.148148 0.756455
2 0.434896 0.477778 0.0520833 0.087037 0.831136
2 0.44974 0.6125 0.0786458 0.132407 0.848491
2 0.494531 0.555093 0.0786458 0.113889 0.859931
2 0.50599 0.474074 0.0723958 0.105556 0.867558
2 0.384896 0.506481 0.05 0.101852 0.884216
2 0.544271 0.441204 0.0708333 0.0805556 0.892506
