7 0.26849 0.32037 0.0338542 0.0611111 0.26021
2 0.459375 0.3 0.0427083 0.0407407 0.30321
0 0.872656 0.443981 0.0109375 0.0509259 0.304685
0 0.913021 0.7375 0.0145833 0.0601852 0.316956
9 0.351823 0.352778 0.0130208 0.0425926 0.328345
9 0.973437 0.739815 0.0125 0.0518519 0.339641
2 0.48776 0.269907 0.0442708 0.0453704 0.359292
0 0.895312 0.431481 0.0104167 0.0518519 0.362591
2 0.26875 0.321296 0.0354167 0.0611111 0.366149
0 0.928385 0.741667 0.0140625 0.0685185 0.399238
2 0.529167 0.237963 0.0375 0.0425926 0.416849
2 0.230729 0.443981 0.0427083 0.0657407 0.446428
0 0.938542 0.79213 0.0239583 0.075 0.463521
7 0.665104 0.256019 0.0614583 0.0898148 0.495788
0 0.880469 0.693056 0.0140625 0.0694444 0.533632
2 0.782552 0.318519 0.0380208 0.0518519 0.56916
2 0.479948 0.365278 0.0328125 0.0694444 0.613014
5 0.216667 0.619907 0.0822917 0.312037 0.723777
2 0.48776 0.440278 0.0546875 0.0972222 0.76666
7 0.423958 0.44537 0.0677083 0.17963 0.836183
2 0.542188 0.510648 0.06875 0.0953704 0.845426
5 0.478646 0.196296 0.110417 0.109259 0.847821
2 0.748698 0.82963 0.134896 0.183333 0.858996
2 0.676823 0.647685 0.116146 0.162037 0.879307
2 0.580208 0.784259 0.114583 0.175926 0.890769
2 0.538281 0.596296 0.0848958 0.12037 0.90381
