9 0.973698 0.7375 0.0130208 0.0546296 0.266328
0 0.990625 0.96713 0.01875 0.062037 0.298909
0 0.923177 0.731481 0.0223958 0.0759259 0.336197
5 0.28776 0.883796 0.193229 0.228704 0.386335
7 0.288542 0.883796 0.188542 0.226852 0.483938
2 0.540104 0.224537 0.040625 0.0416667 0.510891
2 0.209896 0.284259 0.0375 0.0722222 0.540241
0 0.881771 0.745833 0.01875 0.075 0.61979
2 0.827083 0.161574 0.0166667 0.0268519 0.628885
5 0.44349 0.216204 0.124479 0.106481 0.634256
2 0.538281 0.489815 0.0682292 0.103704 0.639738
2 0.402604 0.420833 0.034375 0.0712963 0.696101
2 0.501302 0.262037 0.0411458 0.0481481 0.723065
2 0.396094 0.295833 0.0515625 0.0564815 0.743046
2 0.440365 0.484722 0.0515625 0.117593 0.745011
7 0.358594 0.790741 0.129688 0.235185 0.809987
2 0.422656 0.331944 0.0473958 0.0601852 0.847249
7 0.517187 0.582407 0.1375 0.25 0.89438
2 0.766146 0.710648 0.11875 0.184259 0.90313
2 0.667969 0.725926 0.109896 0.148148 0.91796
2 0.66276 0.87037 0.131771 0.192593 0.918956
2 0.80026 0.884259 0.128646 0.190741 0.922594
