3 0.69375 0.681944 0.0333333 0.0675926 0.258595
0 0.352865 0.353704 0.0119792 0.0407407 0.273904
0 0.884115 0.493981 0.00989583 0.0490741 0.279643
0 0.691667 0.674074 0.0291667 0.062963 0.295647
2 0.464844 0.405093 0.0348958 0.0657407 0.308022
9 0.974219 0.738889 0.0119792 0.0537037 0.315866
2 0.489062 0.27037 0.0416667 0.0444444 0.325371
7 0.6625 0.251389 0.0583333 0.0787037 0.325774
0 0.93724 0.793056 0.0203125 0.0675926 0.32903
3 0.707552 0.709722 0.0244792 0.062037 0.332071
2 0.533854 0.245833 0.0447917 0.0490741 0.347922
7 0.226823 0.312963 0.0515625 0.101852 0.409154
2 0.463802 0.353241 0.0359375 0.0731481 0.410599
0 0.913021 0.741204 0.015625 0.075 0.460058
0 0.904688 0.481944 0.0104167 0.0546296 0.466168
0 0.929427 0.741204 0.0151042 0.0657407 0.472438
2 0.228906 0.88287 0.0901042 0.189815 0.673456
7 0.409635 0.37963 0.0442708 0.148148 0.725579
2 0.434375 0.476852 0.053125 0.087037 0.802543
2 0.502604 0.476389 0.0697917 0.0990741 0.846299
2 0.491667 0.553704 0.0791667 0.111111 0.847144
2 0.439323 0.603241 0.0734375 0.119444 0.857979
2 0.542969 0.440741 0.0692708 0.0814815 0.874192
2 0.384375 0.506481 0.05 0.101852 0.877493
