0 0.940365 0.792593 0.0213542 0.0685185 0.299263
0 0.9 0.403704 0.0125 0.0481481 0.300547
2 0.560677 0.20787 0.0296875 0.0398148 0.329231
9 0.973958 0.737963 0.0114583 0.0518519 0.348209
0 0.914583 0.736574 0.01875 0.0694444 0.383294
2 0.841146 0.099537 0.015625 0.0268519 0.385674
2 0.529427 0.238889 0.0390625 0.0388889 0.424137
7 0.277083 0.375463 0.0395833 0.0916667 0.42983
2 0.444531 0.314352 0.0317708 0.0453704 0.476995
2 0.804948 0.239352 0.0223958 0.037963 0.524866
0 0.881771 0.733796 0.0166667 0.062037 0.546691
2 0.491146 0.27037 0.0385417 0.0444444 0.552365
2 0.0632813 0.643056 0.0682292 0.0990741 0.563142
0 0.929688 0.743519 0.0197917 0.0740741 0.611377
2 0.347135 0.92963 0.140104 0.137037 0.637462
5 0.484635 0.191204 0.0546875 0.0694444 0.639681
5 0.307813 0.835648 0.23125 0.321296 0.680426
2 0.481771 0.393056 0.034375 0.0768519 0.707399
5 0.214844 0.425 0.0640625 0.172222 0.742225
2 0.865365 0.822222 0.135937 0.187037 0.754862
5 0.430208 0.227315 0.075 0.0935185 0.810466
7 0.45026 0.494907 0.103646 0.210185 0.846994
2 0.522917 0.480093 0.0729167 0.100926 0.878173
2 0.615885 0.673148 0.0994792 0.135185 0.879165
2 0.777344 0.855556 0.129688 0.190741 0.890077
2 0.595833 0.565278 0.078125 0.102778 0.894113
2 0.621354 0.830093 0.125 0.182407 0.912062
