3 0.155208 0.448611 0.0385417 0.0472222 0.253523
0 0.927865 0.94537 0.0182292 0.0666667 0.27831
2 0.889063 0.164815 0.025 0.0648148 0.278769
9 0.974219 0.737963 0.0119792 0.0518519 0.378908
0 0.909375 0.708333 0.0135417 0.0333333 0.441219
2 0.841406 0.103704 0.0161458 0.0277778 0.444184
0 0.891146 0.722685 0.0145833 0.062037 0.447525
7 0.94974 0.297222 0.100521 0.594444 0.450832
2 0.481771 0.229167 0.0364583 0.0453704 0.502622
5 0.441146 0.226389 0.120833 0.112037 0.544721
7 0.0289063 0.623611 0.0578125 0.132407 0.629182
2 0.445573 0.27963 0.0463542 0.0555556 0.822897
2 0.376042 0.331481 0.059375 0.0851852 0.823581
2 0.34974 0.725 0.0859375 0.166667 0.828314
2 0.136979 0.560185 0.0625 0.0907407 0.83252
