2 0.459115 0.300926 0.0411458 0.0444444 0.255209
2 0.839063 0.100463 0.0197917 0.0287037 0.265927
0 0.913542 0.737963 0.015625 0.0592593 0.297014
0 0.897656 0.456481 0.00989583 0.0481481 0.297705
2 0.489844 0.269444 0.0390625 0.0425926 0.322161
7 0.25651 0.301389 0.0296875 0.0546296 0.334506
7 0.66276 0.251852 0.0557292 0.0814815 0.335721
0 0.959635 0.815741 0.0223958 0.0648148 0.339057
9 0.973437 0.739352 0.0114583 0.0527778 0.341443
0 0.886198 0.63287 0.0130208 0.0583333 0.444004
0 0.93724 0.794444 0.0192708 0.0685185 0.454774
2 0.835938 0.956019 0.104167 0.0861111 0.456893
2 0.26849 0.3625 0.0255208 0.0527778 0.473365
2 0.530208 0.237037 0.0375 0.037037 0.504226
0 0.928646 0.743519 0.0135417 0.0685185 0.578265
7 0.414323 0.408796 0.0526042 0.165741 0.639603
5 0.221354 0.316204 0.0614583 0.128704 0.67074
5 0.516146 0.178704 0.103125 0.0944444 0.672049
2 0.504167 0.474537 0.0604167 0.087963 0.728315
2 0.485156 0.335648 0.0359375 0.0638889 0.728345
2 0.471615 0.411111 0.0432292 0.087037 0.748822
2 0.751302 0.395833 0.0494792 0.0638889 0.803108
5 0.217448 0.469907 0.0682292 0.197222 0.828916
2 0.607292 0.580093 0.1 0.139815 0.840443
2 0.486458 0.538426 0.075 0.10463 0.866547
2 0.48776 0.670833 0.0942708 0.14537 0.885341
2 0.667708 0.736111 0.115625 0.161111 0.89369
