2 0.403125 0.295833 0.040625 0.0564815 0.275092
2 0.244792 0.296296 0.021875 0.0333333 0.275716
2 0.396875 0.318981 0.0520833 0.0675926 0.33065
0 0.911719 0.797685 0.0161458 0.062037 0.334012
0 0.448177 0.660648 0.0317708 0.0935185 0.361841
0 0.904688 0.609722 0.015625 0.0694444 0.369391
0 0.923177 0.761574 0.0182292 0.0694444 0.385492
0 0.896875 0.802778 0.0166667 0.0648148 0.397058
9 0.974479 0.737037 0.0125 0.05 0.406137
0 0.93724 0.797685 0.0192708 0.0731481 0.489266
2 0.384375 0.326852 0.0333333 0.0574074 0.5075
2 0.839583 0.108796 0.0166667 0.0268519 0.519421
0 0.85026 0.822222 0.0151042 0.062963 0.534659
2 0.480208 0.228241 0.0375 0.0416667 0.564305
2 0.269792 0.349537 0.0291667 0.0435185 0.567578
5 0.433594 0.224537 0.0984375 0.0972222 0.575331
0 0.88724 0.594907 0.0130208 0.0583333 0.673602
2 0.445573 0.280093 0.0473958 0.0657407 0.780299
5 0.20026 0.422222 0.102604 0.174074 0.811794
2 0.333594 0.689815 0.0776042 0.153704 0.900674
