7 0.95026 0.297685 0.0994792 0.59537 0.256768
0 0.233333 0.381481 0.0135417 0.0425926 0.26404
9 0.974219 0.737963 0.0119792 0.0518519 0.489019
2 0.449219 0.253241 0.0421875 0.0453704 0.566027
0 0.901823 0.905093 0.0171875 0.0805556 0.569382
0 0.882031 0.895833 0.0161458 0.0583333 0.588482
5 0.443229 0.220833 0.119792 0.113889 0.759201
2 0.349479 0.724537 0.0854167 0.165741 0.803477
2 0.704687 0.588889 0.0645833 0.118519 0.823688
2 0.248177 0.449074 0.0682292 0.0981481 0.827947
2 0.163021 0.493981 0.0666667 0.0824074 0.836097
