5 0.209896 0.283796 0.0375 0.0712963 0.267574
2 0.842448 0.101852 0.0140625 0.0277778 0.296433
9 0.351562 0.351389 0.0135417 0.0416667 0.344079
7 0.497656 0.434259 0.0505208 0.087037 0.373965
2 0.209635 0.283333 0.0369792 0.0703704 0.392732
0 0.928906 0.74213 0.0140625 0.0657407 0.403294
7 0.663021 0.251852 0.0572917 0.0814815 0.406507
0 0.934896 0.798148 0.0197917 0.0703704 0.427358
2 0.409635 0.282407 0.0494792 0.0574074 0.433676
7 0.188802 0.656018 0.0859375 0.330556 0.441283
9 0.974479 0.738426 0.0114583 0.0527778 0.460752
2 0.55599 0.212037 0.0286458 0.0407407 0.485072
2 0.819271 0.1875 0.0166667 0.0305556 0.494722
2 0.497656 0.434259 0.0505208 0.0851852 0.522734
2 0.520052 0.246759 0.0369792 0.0435185 0.555477
2 0.470833 0.285648 0.0427083 0.0527778 0.561222
0 0.88099 0.745833 0.0203125 0.075 0.59384
7 0.42474 0.451852 0.0505208 0.111111 0.649249
2 0.409375 0.368056 0.0427083 0.0638889 0.654926
5 0.443229 0.214815 0.11875 0.103704 0.67005
7 0.276563 0.534259 0.0541667 0.135185 0.697236
5 0.188281 0.653704 0.0869792 0.335185 0.707112
2 0.590104 0.550463 0.0875 0.126852 0.818513
2 0.784115 0.745833 0.0994792 0.143519 0.868151
7 0.504427 0.571296 0.131771 0.248148 0.881947
2 0.66901 0.727778 0.110937 0.151852 0.897471
2 0.644792 0.856481 0.1375 0.188889 0.911881
2 0.795833 0.878241 0.130208 0.191667 0.913944
