2 0.0229167 0.626389 0.0447917 0.075 0.307635
0 0.898177 0.970833 0.0192708 0.0416667 0.318833
9 0.351823 0.353241 0.0140625 0.0435185 0.32909
0 0.876302 0.977315 0.0161458 0.0435185 0.374355
25 0.416667 0.985648 0.0635417 0.0231481 0.441571
9 0.974219 0.737037 0.0119792 0.0518519 0.46119
2 0.23776 0.433796 0.0473958 0.0731481 0.528973
7 0.95 0.297222 0.1 0.590741 0.608137
2 0.270833 0.425463 0.0614583 0.0861111 0.623004
2 0.559635 0.933333 0.144271 0.127778 0.631881
2 0.411458 0.286111 0.04375 0.0518519 0.632584
5 0.439323 0.22037 0.125521 0.109259 0.679412
2 0.772396 0.375926 0.0427083 0.0685185 0.76387
2 0.171875 0.523611 0.0729167 0.112037 0.787438
2 0.34974 0.725 0.0859375 0.162963 0.831429
