7 0.663021 0.252315 0.05625 0.0787037 0.255669
0 0.926823 0.711574 0.0171875 0.0527778 0.255776
0 0.0625 0.584259 0.0145833 0.0555556 0.315939
2 0.403125 0.418981 0.0427083 0.0731481 0.357123
5 0.478385 0.198148 0.0546875 0.0703704 0.367472
2 0.44974 0.258333 0.0411458 0.05 0.395564
7 0.792188 0.955093 0.125 0.087963 0.409191
9 0.973958 0.7375 0.0114583 0.0527778 0.439459
2 0.209896 0.283333 0.0385417 0.0759259 0.458763
0 0.936719 0.795833 0.0223958 0.0694444 0.489133
0 0.903385 0.481019 0.0119792 0.062037 0.497943
2 0.792188 0.955093 0.125 0.087963 0.499768
0 0.882031 0.746296 0.0182292 0.0722222 0.546463
5 0.444271 0.218056 0.120833 0.110185 0.577439
2 0.460677 0.503241 0.0723958 0.121296 0.631004
2 0.528125 0.194907 0.0291667 0.0324074 0.649957
2 0.395833 0.29537 0.0510417 0.0574074 0.662417
2 0.502344 0.260185 0.0359375 0.0462963 0.713162
2 0.390365 0.389352 0.0390625 0.0731481 0.750973
2 0.408854 0.440278 0.0375 0.0694444 0.801086
2 0.921875 0.909259 0.117708 0.155556 0.808162
2 0.440885 0.316204 0.0473958 0.0583333 0.831769
2 0.705208 0.661574 0.107292 0.149074 0.840426
7 0.576563 0.661111 0.165625 0.3 0.907829
