2 0.871875 0.564815 0.0208333 0.0277778 0.267625
0 0.939062 0.797222 0.0177083 0.0648148 0.28539
0 0.928125 0.516667 0.0114583 0.0648148 0.31697
0 0.448177 0.660185 0.0328125 0.0925926 0.328241
2 0.841406 0.109722 0.0161458 0.0268519 0.328965
0 0.84349 0.857407 0.0192708 0.0462963 0.346247
0 0.913802 0.861111 0.0151042 0.0462963 0.415698
0 0.905208 0.793519 0.01875 0.0648148 0.423831
0 0.890365 0.637963 0.0130208 0.0666667 0.456933
2 0.481771 0.228704 0.0395833 0.0425926 0.534369
2 0.395052 0.325463 0.0536458 0.0583333 0.566101
5 0.42474 0.228241 0.0838542 0.0898148 0.603257
9 0.974219 0.737037 0.0119792 0.05 0.633593
2 0.263802 0.395833 0.0328125 0.0546296 0.718201
2 0.444792 0.281481 0.046875 0.0574074 0.750748
2 0.345833 0.716667 0.0854167 0.161111 0.901546
5 0.141146 0.492593 0.153125 0.211111 0.921227
