7 0.241406 0.363889 0.0463542 0.114815 0.255428
7 0.208594 0.275463 0.0515625 0.0916667 0.265747
2 0.561198 0.208796 0.0317708 0.037963 0.285337
2 0.291667 0.974074 0.0729167 0.05 0.329395
0 0.903385 0.482407 0.00989583 0.0555556 0.360334
7 0.670052 0.263426 0.0682292 0.102778 0.375522
9 0.973958 0.738426 0.0114583 0.0527778 0.377062
25 0.291667 0.974537 0.0729167 0.0472222 0.383949
0 0.928906 0.74213 0.0130208 0.0694444 0.3892
0 0.973958 0.738889 0.0114583 0.0518519 0.40114
0 0.936979 0.793519 0.0197917 0.0685185 0.414307
5 0.208594 0.277315 0.0526042 0.0935185 0.417324
2 0.530469 0.237963 0.0369792 0.0388889 0.503738
2 0.502604 0.300926 0.0385417 0.0537037 0.556034
0 0.88776 0.560185 0.0119792 0.062963 0.580066
2 0.461979 0.364815 0.034375 0.0740741 0.624389
2 0.604427 0.790278 0.113021 0.163889 0.656633
7 0.410156 0.381944 0.0442708 0.150926 0.758036
2 0.474219 0.42963 0.0432292 0.0759259 0.800569
2 0.601823 0.459259 0.0838542 0.0796296 0.837966
2 0.539844 0.497685 0.0953125 0.115741 0.848775
2 0.406771 0.548611 0.0604167 0.112037 0.864833
2 0.444792 0.494444 0.059375 0.0962963 0.865862
2 0.540885 0.603704 0.0911458 0.127778 0.893353
