0 0.91849 0.759259 0.0244792 0.0703704 0.269853
0 0.973698 0.737963 0.0109375 0.0518519 0.285843
7 0.240104 0.361111 0.04375 0.127778 0.306209
2 0.240625 0.361574 0.0447917 0.130556 0.31908
0 0.85026 0.824537 0.0140625 0.0601852 0.332084
0 0.888021 0.551389 0.0114583 0.062037 0.336185
9 0.973437 0.737037 0.0114583 0.0518519 0.338206
5 0.240365 0.361574 0.0432292 0.130556 0.341191
0 0.901042 0.556019 0.0135417 0.0694444 0.353777
0 0.908073 0.755093 0.0161458 0.0787037 0.362271
0 0.982292 0.615741 0.0145833 0.0648148 0.425206
0 0.947917 0.748148 0.0145833 0.0462963 0.440946
2 0.480208 0.230556 0.034375 0.0425926 0.447751
0 0.447656 0.6625 0.0317708 0.0972222 0.486913
2 0.840104 0.108796 0.0145833 0.0268519 0.487728
5 0.441146 0.219907 0.125 0.108333 0.514563
2 0.260417 0.318056 0.0229167 0.0324074 0.565717
2 0.395833 0.318981 0.05625 0.0712963 0.725378
2 0.447135 0.274074 0.0463542 0.0648148 0.736944
2 0.291667 0.57037 0.05 0.112963 0.856002
2 0.838542 0.924074 0.144792 0.148148 0.879663
