0 0.926823 0.734259 0.0182292 0.0722222 0.250657
2 0.833854 0.140741 0.015625 0.0240741 0.253418
0 0.0635417 0.58287 0.0145833 0.0490741 0.292245
2 0.402344 0.414815 0.0421875 0.0740741 0.311105
2 0.777344 0.94537 0.130729 0.105556 0.31669
2 0.841667 0.102778 0.0135417 0.0259259 0.318656
2 0.449219 0.258796 0.0401042 0.0435185 0.330924
9 0.973698 0.738426 0.0119792 0.0546296 0.419529
0 0.904427 0.482407 0.0119792 0.0611111 0.425928
2 0.209635 0.284259 0.0390625 0.0759259 0.453794
0 0.88151 0.746759 0.0192708 0.075 0.539173
7 0.777344 0.945833 0.129688 0.106481 0.586917
2 0.396094 0.296296 0.0515625 0.0574074 0.598525
2 0.50651 0.25463 0.0369792 0.0481481 0.637304
2 0.53151 0.192593 0.0296875 0.0351852 0.641876
5 0.44349 0.218519 0.122396 0.112963 0.689518
2 0.455729 0.498148 0.0697917 0.124074 0.712132
2 0.389323 0.388889 0.0380208 0.0740741 0.750563
2 0.444271 0.313426 0.046875 0.0564815 0.795651
2 0.408854 0.441204 0.0364583 0.0675926 0.801296
2 0.688021 0.647222 0.104167 0.144444 0.860482
2 0.882292 0.883333 0.117708 0.151852 0.861856
7 0.561458 0.646759 0.161458 0.289815 0.899703
