0 0.913281 0.738426 0.0140625 0.0564815 0.250088
0 0.872656 0.444907 0.0109375 0.0490741 0.254721
2 0.839844 0.100926 0.0182292 0.0277778 0.266181
2 0.491406 0.268981 0.0348958 0.0435185 0.279007
2 0.594271 0.15 0.0208333 0.0333333 0.314867
2 0.414583 0.417593 0.05 0.135185 0.332033
2 0.821615 0.943981 0.100521 0.108333 0.336536
2 0.270052 0.35463 0.0234375 0.0444444 0.353613
5 0.222917 0.317593 0.053125 0.111111 0.362985
0 0.959635 0.815741 0.0213542 0.0648148 0.375065
9 0.973958 0.738426 0.0114583 0.0527778 0.383464
0 0.886198 0.624074 0.0140625 0.0685185 0.440759
7 0.821354 0.943519 0.101042 0.109259 0.465724
0 0.897396 0.459259 0.009375 0.0462963 0.47828
0 0.928906 0.742593 0.0130208 0.0685185 0.489859
0 0.93724 0.793981 0.0192708 0.0694444 0.495961
7 0.414583 0.411574 0.0510417 0.150926 0.554854
2 0.530208 0.237037 0.0375 0.0407407 0.57971
2 0.46901 0.406944 0.0390625 0.0861111 0.698513
2 0.48724 0.330093 0.0380208 0.0675926 0.751042
5 0.221094 0.452315 0.0630208 0.189815 0.757211
2 0.499479 0.468981 0.059375 0.0824074 0.784033
2 0.74349 0.406019 0.0546875 0.0675926 0.820089
5 0.519792 0.177315 0.0979167 0.0935185 0.832071
2 0.597917 0.573611 0.0979167 0.134259 0.843398
2 0.480729 0.53287 0.0708333 0.100926 0.884857
2 0.654427 0.72037 0.114063 0.155556 0.903272
2 0.479688 0.655093 0.0875 0.139815 0.903542
