5 0.20625 0.268519 0.046875 0.0759259 0.284491
2 0.491146 0.27037 0.034375 0.0388889 0.293616
9 0.410156 0.380556 0.0421875 0.144444 0.305591
3 0.965625 0.935185 0.0270833 0.0648148 0.323118
0 0.903906 0.484259 0.00989583 0.0537037 0.332993
0 0.93776 0.793519 0.0203125 0.0703704 0.423382
2 0.530208 0.236111 0.0354167 0.037037 0.433064
2 0.4625 0.356481 0.034375 0.0722222 0.435318
0 0.885938 0.53287 0.0114583 0.0564815 0.467375
2 0.563542 0.206019 0.0302083 0.0342593 0.472978
9 0.974219 0.737963 0.0119792 0.0518519 0.481627
7 0.410156 0.380093 0.0442708 0.147222 0.505287
2 0.51224 0.285648 0.0380208 0.0564815 0.519694
5 0.235417 0.336111 0.053125 0.103704 0.555672
0 0.913281 0.737037 0.0161458 0.0796296 0.568969
0 0.928906 0.743519 0.0161458 0.0722222 0.587119
5 0.410417 0.380093 0.04375 0.147222 0.627625
2 0.466927 0.409722 0.0390625 0.0768519 0.701101
2 0.250521 0.914815 0.1 0.168519 0.731025
2 0.438021 0.485648 0.05625 0.0898148 0.836355
2 0.390885 0.517593 0.0546875 0.101852 0.846398
2 0.516667 0.482407 0.0760417 0.103704 0.862759
2 0.505469 0.687037 0.0911458 0.137037 0.872989
2 0.557292 0.446296 0.0739583 0.0833333 0.882269
2 0.507552 0.57037 0.0838542 0.112963 0.904136
