2 0.833594 0.138889 0.0140625 0.0259259 0.256701
0 0.921094 0.480556 0.0130208 0.0592593 0.260872
0 0.0627604 0.585185 0.0130208 0.0518519 0.278902
9 0.973698 0.7375 0.0119792 0.0527778 0.386895
2 0.210156 0.285648 0.0380208 0.0731481 0.431174
2 0.794531 0.956481 0.123438 0.0851852 0.455467
7 0.460417 0.503241 0.0739583 0.123148 0.491423
2 0.451042 0.257407 0.0416667 0.0462963 0.50449
0 0.903125 0.47963 0.0114583 0.0574074 0.545187
0 0.936719 0.796296 0.0223958 0.0722222 0.575447
0 0.882292 0.745833 0.0177083 0.0731481 0.583415
2 0.928906 0.912037 0.116146 0.151852 0.620512
2 0.396094 0.29537 0.0505208 0.0555556 0.658039
2 0.460938 0.503704 0.0729167 0.122222 0.663449
2 0.527344 0.19537 0.0307292 0.0333333 0.672851
2 0.390365 0.388889 0.0380208 0.0722222 0.722548
2 0.501823 0.261574 0.0369792 0.0435185 0.729633
5 0.44375 0.21713 0.122917 0.108333 0.741543
2 0.707552 0.664815 0.107813 0.153704 0.742778
2 0.408594 0.440741 0.0380208 0.0703704 0.790621
2 0.440104 0.318056 0.046875 0.0564815 0.81136
7 0.579167 0.65787 0.165625 0.286111 0.916689
