9 0.974219 0.738889 0.0119792 0.0555556 0.257383
0 0.907292 0.368981 0.0104167 0.0546296 0.389459
2 0.35 0.330093 0.04375 0.0583333 0.434728
0 0.866667 0.878241 0.021875 0.0805556 0.530316
2 0.796094 0.269907 0.0286458 0.0490741 0.60146
7 0.577604 0.697222 0.0916667 0.146296 0.629209
2 0.121875 0.552315 0.046875 0.0731481 0.657351
2 0.0763021 0.624537 0.0755208 0.117593 0.751002
2 0.19349 0.498611 0.0651042 0.0972222 0.78138
7 0.684375 0.668056 0.104167 0.202778 0.810029
2 0.349219 0.725 0.0859375 0.162963 0.829215
5 0.420052 0.2375 0.131771 0.125 0.829555
