3 0.842448 0.819907 0.0432292 0.0601852 0.278272
3 0.860156 0.847685 0.0223958 0.062037 0.305733
7 0.233854 0.330093 0.053125 0.0990741 0.309581
5 0.234115 0.32963 0.0526042 0.1 0.317578
2 0.567187 0.203704 0.0260417 0.0351852 0.366786
9 0.973958 0.737037 0.0114583 0.0518519 0.367371
0 0.929427 0.737037 0.0130208 0.0611111 0.399796
0 0.936719 0.796296 0.0171875 0.0611111 0.400607
0 0.9125 0.739815 0.0145833 0.0759259 0.40782
2 0.464063 0.353704 0.0354167 0.0703704 0.425571
7 0.669531 0.263889 0.0703125 0.105556 0.512052
2 0.51875 0.27963 0.0364583 0.0518519 0.512108
2 0.465885 0.4125 0.0359375 0.0583333 0.656672
7 0.409896 0.378704 0.04375 0.15 0.677027
2 0.435937 0.480093 0.053125 0.0916667 0.78476
2 0.235938 0.89537 0.0927083 0.185185 0.786472
2 0.385677 0.509259 0.0526042 0.101852 0.849997
2 0.509896 0.477778 0.0729167 0.101852 0.851086
2 0.548958 0.443056 0.06875 0.0787037 0.874966
2 0.498437 0.560185 0.0802083 0.112963 0.879992
2 0.467708 0.642593 0.0822917 0.131481 0.890864
