0 0.448177 0.658796 0.0317708 0.0898148 0.256702
2 0.841146 0.110648 0.015625 0.0268519 0.293454
0 0.888802 0.864352 0.0151042 0.062037 0.317327
2 0.871354 0.564352 0.0197917 0.0287037 0.325969
0 0.941146 0.794907 0.01875 0.0638889 0.327247
0 0.84401 0.855556 0.0192708 0.0666667 0.331281
0 0.928646 0.521759 0.0114583 0.0564815 0.457178
0 0.913281 0.858333 0.0161458 0.0592593 0.458458
0 0.890885 0.630556 0.0130208 0.062963 0.5093
2 0.481771 0.229167 0.040625 0.0435185 0.539343
2 0.395052 0.325 0.0536458 0.0592593 0.562303
0 0.905208 0.791667 0.0229167 0.0759259 0.590504
5 0.423177 0.230093 0.0838542 0.0898148 0.599619
9 0.974219 0.737037 0.0119792 0.0518519 0.603113
2 0.265625 0.389352 0.0291667 0.0601852 0.744026
2 0.444792 0.281019 0.046875 0.0583333 0.752485
2 0.345573 0.716204 0.0848958 0.162037 0.900673
5 0.147396 0.484722 0.146875 0.210185 0.917286
