0 0.908854 0.426852 0.0125 0.0611111 0.262987
5 0.47474 0.193981 0.0567708 0.0601852 0.319101
7 0.95 0.297222 0.1 0.594444 0.363758
9 0.974219 0.7375 0.0119792 0.0527778 0.38672
2 0.296875 0.400926 0.059375 0.0666667 0.397508
0 0.903906 0.821296 0.0182292 0.0685185 0.405405
2 0.25651 0.318056 0.0244792 0.0324074 0.422684
0 0.448177 0.657407 0.0317708 0.0888889 0.436885
0 0.880729 0.818981 0.021875 0.062037 0.517722
5 0.432292 0.223148 0.0979167 0.105556 0.521799
2 0.471354 0.235648 0.034375 0.037963 0.561938
2 0.272656 0.397685 0.0619792 0.075 0.640146
2 0.398958 0.315278 0.0541667 0.0657407 0.77231
2 0.349479 0.725463 0.0854167 0.163889 0.8545
2 0.561458 0.938426 0.1125 0.119444 0.863646
