2 0.889063 0.165278 0.025 0.062037 0.251533
0 0.910417 0.460648 0.0125 0.0564815 0.283374
7 0.94974 0.296759 0.100521 0.593518 0.316659
9 0.973958 0.738426 0.0125 0.0527778 0.318768
2 0.482292 0.228704 0.0364583 0.0444444 0.402893
0 0.905729 0.733796 0.0177083 0.0824074 0.411639
2 0.841146 0.103704 0.0166667 0.0277778 0.447998
0 0.890625 0.723611 0.015625 0.0675926 0.485196
7 0.025 0.62037 0.05 0.122222 0.493822
0 0.930208 0.950926 0.0239583 0.0777778 0.552549
5 0.440885 0.225926 0.119271 0.109259 0.567999
2 0.133333 0.565278 0.0625 0.087963 0.794474
2 0.444792 0.278241 0.0447917 0.0564815 0.798971
2 0.375781 0.331019 0.0578125 0.0861111 0.805781
2 0.34974 0.725463 0.0859375 0.165741 0.829827
