0 0.920833 0.477778 0.0135417 0.0537037 0.254383
2 0.834635 0.137963 0.0140625 0.0259259 0.32714
9 0.973698 0.737963 0.0119792 0.0537037 0.354443
7 0.808594 0.963426 0.118229 0.0712963 0.422171
2 0.210156 0.285648 0.0380208 0.0731481 0.442124
2 0.451302 0.257407 0.0411458 0.0444444 0.478809
2 0.525521 0.195833 0.0270833 0.0305556 0.498242
0 0.904167 0.476389 0.0114583 0.0527778 0.508069
2 0.951563 0.926389 0.0958333 0.141667 0.534104
0 0.882292 0.745833 0.0177083 0.0731481 0.583415
0 0.936719 0.796296 0.0223958 0.0722222 0.586318
2 0.464844 0.507407 0.0734375 0.125926 0.606193
7 0.464844 0.506944 0.0744792 0.125 0.608657
2 0.396354 0.294907 0.0520833 0.0564815 0.678246
2 0.499219 0.264815 0.0348958 0.0444444 0.740299
2 0.390625 0.389352 0.0385417 0.0731481 0.742933
5 0.44401 0.217593 0.123438 0.109259 0.750222
2 0.43724 0.322685 0.0505208 0.0583333 0.804438
2 0.408333 0.440741 0.0375 0.0722222 0.805078
2 0.723958 0.680556 0.108333 0.151852 0.808478
7 0.590365 0.673611 0.170312 0.297222 0.903577
