0 0.973698 0.739352 0.0119792 0.0527778 0.260361
1 0.939062 0.783796 0.0197917 0.0490741 0.269593
0 0.93099 0.742593 0.0213542 0.0703704 0.276616
9 0.973958 0.738889 0.0125 0.0537037 0.292222
2 0.839323 0.115278 0.0140625 0.037963 0.34499
7 0.543229 0.591667 0.0989583 0.157407 0.379092
2 0.209635 0.275926 0.0380208 0.0888889 0.417578
7 0.666927 0.256019 0.0640625 0.087963 0.420827
2 0.44974 0.258796 0.0390625 0.0453704 0.454824
0 0.923437 0.72963 0.0229167 0.0814815 0.458723
0 0.882292 0.746759 0.01875 0.0768519 0.574972
2 0.502083 0.212963 0.0333333 0.0388889 0.61631
2 0.543229 0.59213 0.0989583 0.158333 0.620177
5 0.441406 0.218519 0.122396 0.109259 0.640068
2 0.395573 0.295833 0.0494792 0.0564815 0.694865
2 0.478125 0.293519 0.0302083 0.05 0.766479
2 0.41276 0.448611 0.0432292 0.0787037 0.777837
2 0.389062 0.392593 0.0333333 0.0666667 0.778271
2 0.932031 0.886574 0.119271 0.182407 0.850175
2 0.423177 0.335648 0.0494792 0.0601852 0.85914
7 0.745833 0.823148 0.2125 0.348148 0.862248
