9 0.586979 0.248611 0.0114583 0.0416667 0.250363
0 0.922917 0.720833 0.015625 0.0657407 0.259743
2 0.840104 0.112037 0.015625 0.0259259 0.276032
9 0.973958 0.7375 0.0114583 0.0509259 0.294315
0 0.0598958 0.650926 0.0145833 0.0518519 0.315593
2 0.210677 0.283796 0.0380208 0.0731481 0.411254
7 0.764323 0.822685 0.140104 0.206481 0.432851
2 0.551562 0.194907 0.0354167 0.0453704 0.461556
2 0.483594 0.227315 0.0328125 0.037963 0.478019
2 0.764583 0.822222 0.139583 0.207407 0.487338
5 0.440885 0.22037 0.116146 0.103704 0.487348
0 0.895573 0.516204 0.0130208 0.0601852 0.548746
2 0.450781 0.259259 0.0411458 0.0425926 0.580621
0 0.881771 0.746759 0.0177083 0.0712963 0.592569
2 0.395833 0.297685 0.05 0.0564815 0.728251
2 0.404167 0.3625 0.04375 0.0675926 0.779619
2 0.485938 0.571759 0.075 0.123148 0.836103
2 0.410937 0.470833 0.05 0.0898148 0.868364
2 0.495573 0.444907 0.0473958 0.0842593 0.875974
