0 0.973958 0.738889 0.0114583 0.0537037 0.268998
0 0.936198 0.731944 0.0151042 0.0398148 0.28143
0 0.889063 0.418519 0.009375 0.0481481 0.291453
0 0.0872396 0.511574 0.0244792 0.0638889 0.294536
9 0.974219 0.738426 0.0119792 0.0527778 0.316201
2 0.571094 0.177778 0.0223958 0.0296296 0.396802
2 0.839323 0.108333 0.0171875 0.0277778 0.41834
7 0.671094 0.264352 0.0734375 0.106481 0.422541
2 0.483594 0.241204 0.0505208 0.0675926 0.42694
5 0.442448 0.214815 0.121354 0.0981481 0.444059
0 0.882292 0.745833 0.0166667 0.0712963 0.462059
7 0.88776 0.916667 0.126563 0.162963 0.476694
0 0.936198 0.797685 0.0223958 0.0712963 0.481181
0 0.900521 0.557407 0.0135417 0.0685185 0.508438
2 0.395312 0.29537 0.05 0.0574074 0.732909
2 0.390365 0.418056 0.0348958 0.0731481 0.791267
2 0.601562 0.585185 0.0822917 0.122222 0.873111
2 0.46901 0.556019 0.0786458 0.113889 0.873955
2 0.592448 0.7 0.105729 0.138889 0.880154
