0 0.0877604 0.512037 0.0244792 0.062963 0.252594
2 0.45 0.25787 0.0416667 0.0453704 0.258245
7 0.217448 0.297222 0.0432292 0.0796296 0.26116
9 0.351562 0.352315 0.0135417 0.0416667 0.292621
2 0.870833 0.562963 0.0208333 0.0296296 0.29687
0 0.448177 0.660648 0.0307292 0.0935185 0.326278
0 0.891667 0.45463 0.0104167 0.05 0.327123
3 0.265104 0.323148 0.028125 0.0388889 0.353193
9 0.973698 0.737963 0.0119792 0.0537037 0.357728
0 0.926302 0.632407 0.0161458 0.0722222 0.370056
7 0.667969 0.259259 0.0661458 0.0944444 0.379745
2 0.216927 0.29537 0.0453125 0.0814815 0.397215
0 0.932552 0.744907 0.0203125 0.0638889 0.406416
0 0.921875 0.724074 0.0208333 0.0740741 0.419288
2 0.839323 0.10787 0.0171875 0.0287037 0.462693
2 0.504167 0.228241 0.0364583 0.0509259 0.498488
0 0.879427 0.747685 0.0151042 0.0694444 0.505772
5 0.439323 0.225463 0.111979 0.110185 0.520586
2 0.816146 0.905556 0.129167 0.151852 0.678387
2 0.401302 0.304167 0.0609375 0.0731481 0.717549
2 0.867969 0.843056 0.113021 0.163889 0.850529
2 0.453125 0.540741 0.0729167 0.111111 0.859383
2 0.639583 0.748148 0.114583 0.157407 0.900308
