0 0.93776 0.798611 0.0234375 0.0675926 0.270944
5 0.477344 0.241667 0.0484375 0.0814815 0.273668
0 0.892187 0.475 0.0104167 0.0555556 0.298844
2 0.839583 0.108333 0.015625 0.0296296 0.302294
9 0.973698 0.740741 0.0119792 0.0537037 0.323059
0 0.940104 0.674537 0.0145833 0.0657407 0.378247
2 0.931771 0.968982 0.0885417 0.0583333 0.413288
0 0.0557292 0.733796 0.0145833 0.062037 0.46441
5 0.438281 0.222685 0.109896 0.108333 0.503128
5 0.222656 0.306019 0.0463542 0.087963 0.574308
0 0.875 0.762037 0.0145833 0.0703704 0.607065
2 0.973958 0.936111 0.0520833 0.122222 0.610749
2 0.475521 0.247222 0.0427083 0.0685185 0.643879
2 0.396615 0.318981 0.0546875 0.0675926 0.673502
2 0.27474 0.349537 0.0276042 0.0453704 0.685535
2 0.747396 0.852778 0.130208 0.175926 0.876836
2 0.523958 0.621296 0.0989583 0.135185 0.897917
