2 0.967188 0.986574 0.0625 0.0231481 0.25218
5 0.449219 0.250463 0.0807292 0.0805556 0.255179
2 0.161198 0.499537 0.0265625 0.0287037 0.27785
0 0.889844 0.518519 0.00989583 0.0537037 0.323569
5 0.234115 0.328241 0.0546875 0.108333 0.328002
0 0.938542 0.799074 0.0166667 0.0574074 0.356495
0 0.928125 0.749074 0.0145833 0.0648148 0.368705
0 0.959635 0.814815 0.0223958 0.0666667 0.404812
2 0.233854 0.326389 0.0552083 0.110185 0.455711
0 0.973177 0.742593 0.0109375 0.05 0.45689
2 0.839063 0.106944 0.0177083 0.0305556 0.514672
0 0.951823 0.744444 0.0140625 0.0666667 0.552736
2 0.482031 0.228704 0.0359375 0.0407407 0.584746
2 0.395573 0.318519 0.0567708 0.0685185 0.587477
5 0.442969 0.21713 0.122396 0.106481 0.649516
2 0.270573 0.453704 0.0338542 0.0814815 0.674065
2 0.451823 0.273148 0.0442708 0.0574074 0.796257
2 0.707552 0.815741 0.134896 0.196296 0.930634
