5 0.427083 0.262963 0.06875 0.0703704 0.253786
7 0.663021 0.251389 0.0572917 0.0805556 0.262252
0 0.913281 0.737037 0.0140625 0.0592593 0.288863
9 0.350781 0.35 0.0140625 0.0407407 0.300091
5 0.476302 0.202778 0.0578125 0.0796296 0.322919
9 0.974219 0.738426 0.0119792 0.0546296 0.389562
2 0.841406 0.100926 0.0140625 0.0277778 0.390633
0 0.928906 0.745833 0.0151042 0.0638889 0.393907
2 0.209375 0.283333 0.0375 0.0703704 0.445193
0 0.93776 0.79537 0.0213542 0.0685185 0.447782
2 0.559115 0.211111 0.0286458 0.0388889 0.450286
5 0.448438 0.206944 0.113542 0.0898148 0.513548
0 0.88125 0.746296 0.01875 0.0740741 0.521799
7 0.273698 0.48287 0.0442708 0.123148 0.564698
2 0.818229 0.195833 0.0177083 0.0324074 0.569055
2 0.421354 0.439815 0.0427083 0.103704 0.580306
2 0.421354 0.275926 0.04375 0.0555556 0.608757
2 0.524219 0.241667 0.0369792 0.0425926 0.696199
2 0.41901 0.348611 0.0421875 0.062037 0.735406
2 0.490625 0.423148 0.0458333 0.0796296 0.751438
2 0.479688 0.27963 0.040625 0.0462963 0.768429
2 0.725781 0.684259 0.100521 0.137037 0.821044
2 0.552865 0.513426 0.107813 0.152778 0.833586
7 0.489323 0.550463 0.125521 0.234259 0.867397
5 0.180208 0.584722 0.08125 0.280556 0.868077
2 0.666667 0.727778 0.108333 0.148148 0.903092
2 0.794792 0.879167 0.130208 0.189815 0.917803
2 0.641927 0.849074 0.127604 0.188889 0.918121
