9 0.974219 0.7375 0.0130208 0.0527778 0.317828
2 0.402865 0.302315 0.0411458 0.0546296 0.324592
0 0.931771 0.753704 0.0145833 0.05 0.328472
0 0.936198 0.797222 0.0203125 0.0722222 0.347594
0 0.448177 0.660648 0.0317708 0.0935185 0.35345
2 0.242188 0.288889 0.0208333 0.0314815 0.376692
0 0.905208 0.590741 0.0135417 0.0611111 0.382303
0 0.951823 0.571296 0.0109375 0.0592593 0.449706
0 0.849479 0.823611 0.0135417 0.0601852 0.453665
0 0.898698 0.787963 0.0171875 0.0703704 0.465541
2 0.839323 0.109722 0.0161458 0.0268519 0.511466
2 0.384375 0.325 0.0333333 0.0574074 0.538103
0 0.888281 0.587037 0.0130208 0.0648148 0.553006
2 0.480729 0.228241 0.0354167 0.0416667 0.564425
2 0.267969 0.341667 0.0265625 0.0425926 0.580088
5 0.429948 0.225 0.0911458 0.0944444 0.592286
5 0.213021 0.406019 0.090625 0.163889 0.609017
2 0.445312 0.279167 0.046875 0.0638889 0.765516
2 0.327604 0.675 0.0729167 0.148148 0.886172
