5 0.452344 0.262037 0.0505208 0.062963 0.293157
0 0.936458 0.800463 0.0208333 0.0638889 0.29349
2 0.864062 0.0939815 0.0145833 0.0268519 0.31126
0 0.864844 0.781944 0.0151042 0.0601852 0.317277
9 0.973437 0.738889 0.0114583 0.0518519 0.321849
0 0.91875 0.722685 0.0166667 0.0694444 0.354387
0 0.930729 0.74537 0.0208333 0.0648148 0.357389
0 0.972917 0.740741 0.0114583 0.0518519 0.366734
2 0.886719 0.95463 0.0942708 0.087037 0.438105
2 0.484115 0.227315 0.0369792 0.0398148 0.442976
0 0.890104 0.504167 0.0104167 0.0564815 0.455627
2 0.839063 0.106944 0.0177083 0.0287037 0.471676
5 0.440365 0.223611 0.116146 0.0972222 0.478613
0 0.952344 0.721759 0.0140625 0.0675926 0.487769
2 0.272656 0.415278 0.0328125 0.0675926 0.633926
2 0.231771 0.322222 0.053125 0.0907407 0.674884
2 0.453906 0.268519 0.0432292 0.0555556 0.689624
2 0.396354 0.318981 0.0541667 0.0694444 0.700004
2 0.647135 0.753241 0.124479 0.169444 0.919746
