0 0.0872396 0.513426 0.0255208 0.0675926 0.279727
2 0.870833 0.563426 0.0208333 0.0287037 0.302954
0 0.910417 0.662037 0.0197917 0.0703704 0.325325
9 0.973698 0.737037 0.0119792 0.0537037 0.33833
7 0.836198 0.893519 0.0953125 0.175926 0.409733
2 0.489583 0.240741 0.0333333 0.05 0.471139
2 0.800521 0.287037 0.0375 0.0759259 0.522605
2 0.831771 0.145833 0.0208333 0.0324074 0.550307
2 0.555729 0.214352 0.0385417 0.0453704 0.589135
2 0.766146 0.253704 0.0260417 0.0462963 0.607109
2 0.83724 0.893056 0.0953125 0.175 0.612924
0 0.886979 0.705093 0.0229167 0.0824074 0.678603
2 0.0395833 0.612037 0.0666667 0.0814815 0.70064
2 0.476823 0.274537 0.0411458 0.0601852 0.735911
2 0.349479 0.725463 0.0854167 0.163889 0.820419
5 0.332292 0.302778 0.161458 0.175926 0.880762
2 0.523177 0.843056 0.0973958 0.156481 0.885321
