5 0.417708 0.246759 0.0645833 0.0990741 0.267901
0 0.900521 0.950463 0.0177083 0.0435185 0.27702
0 0.0872396 0.512963 0.0244792 0.0648148 0.283317
2 0.253385 0.419907 0.0515625 0.0731481 0.309723
0 0.877344 0.968518 0.0171875 0.0555556 0.327499
2 0.254948 0.316667 0.0213542 0.0333333 0.34842
0 0.851823 0.966204 0.0234375 0.0657407 0.374467
9 0.974219 0.737037 0.0119792 0.0537037 0.403668
2 0.550521 0.965278 0.117708 0.0657407 0.56336
7 0.951563 0.298611 0.096875 0.593518 0.569797
2 0.280469 0.418056 0.0630208 0.0824074 0.653065
2 0.0364583 0.610648 0.0666667 0.0898148 0.654627
5 0.441667 0.221296 0.122917 0.114815 0.709081
2 0.417448 0.280093 0.0421875 0.0472222 0.732796
2 0.763542 0.397222 0.0427083 0.0703704 0.801107
2 0.184375 0.512963 0.0729167 0.112963 0.817796
2 0.349219 0.725463 0.0859375 0.163889 0.839736
