0 0.93776 0.797685 0.0192708 0.0694444 0.261081
2 0.259115 0.316204 0.0223958 0.037963 0.282275
0 0.889583 0.54213 0.0125 0.0601852 0.308853
2 0.241927 0.352778 0.0442708 0.118519 0.349023
7 0.241667 0.352315 0.0447917 0.117593 0.367646
2 0.48099 0.229167 0.0348958 0.0416667 0.399919
2 0.839583 0.109259 0.0145833 0.0259259 0.432881
0 0.926562 0.750463 0.015625 0.062037 0.436525
0 0.850521 0.823148 0.0145833 0.062963 0.464336
5 0.432552 0.224074 0.104687 0.1 0.470776
0 0.447656 0.6625 0.0317708 0.0972222 0.496056
0 0.973437 0.737963 0.0114583 0.0537037 0.497379
0 0.909375 0.751852 0.0177083 0.0814815 0.502396
0 0.948438 0.749074 0.0145833 0.05 0.543984
2 0.447917 0.274537 0.04375 0.062037 0.706563
2 0.395833 0.318981 0.05625 0.0712963 0.729963
2 0.283073 0.536111 0.0453125 0.105556 0.835091
2 0.800781 0.906018 0.144271 0.182407 0.910871
