7 0.148698 0.547685 0.0734375 0.108333 0.359244
2 0.0375 0.662963 0.0458333 0.0722222 0.404158
2 0.603385 0.173148 0.0234375 0.0314815 0.465749
7 0.951823 0.296296 0.0963542 0.592593 0.488146
7 0.640625 0.55787 0.0697917 0.115741 0.53884
2 0.640625 0.558796 0.0697917 0.115741 0.571119
2 0.807031 0.233333 0.0223958 0.0407407 0.615563
2 0.146094 0.54537 0.0671875 0.105556 0.679886
2 0.302865 0.364815 0.0505208 0.062963 0.713769
0 0.871875 0.841667 0.021875 0.0925926 0.724268
7 0.722396 0.549074 0.0760417 0.162963 0.764193
2 0.35 0.725463 0.0854167 0.165741 0.841154
5 0.413281 0.244907 0.130729 0.132407 0.865037
