2 0.561198 0.20787 0.0317708 0.037963 0.268789
7 0.240885 0.36713 0.0463542 0.128704 0.292974
0 0.903906 0.481019 0.00989583 0.0564815 0.320437
0 0.928906 0.74213 0.0130208 0.0694444 0.381426
9 0.973958 0.738426 0.0114583 0.0527778 0.387004
0 0.973958 0.738889 0.0114583 0.0518519 0.388119
0 0.8875 0.564815 0.0125 0.062963 0.409175
5 0.241146 0.373611 0.0447917 0.113889 0.423971
0 0.936979 0.793519 0.0197917 0.0685185 0.430591
2 0.530729 0.237037 0.0375 0.0388889 0.438615
7 0.670573 0.263889 0.0692708 0.103704 0.443308
2 0.633594 0.816667 0.121354 0.17037 0.492193
2 0.46224 0.369907 0.0328125 0.0768519 0.493655
7 0.633594 0.81713 0.121354 0.171296 0.504214
5 0.210156 0.278241 0.0536458 0.0953704 0.517492
2 0.501562 0.302778 0.040625 0.0574074 0.553281
7 0.410417 0.382407 0.04375 0.15 0.73427
2 0.475521 0.435185 0.0489583 0.0814815 0.757577
2 0.447396 0.496759 0.059375 0.0953704 0.843701
2 0.536458 0.503241 0.0822917 0.121296 0.843828
2 0.41276 0.558796 0.0651042 0.113889 0.8601
2 0.618229 0.459722 0.0864583 0.0768519 0.873838
2 0.550521 0.612963 0.0947917 0.125926 0.910572
