0 0.973437 0.739352 0.0125 0.0564815 0.272923
7 0.43125 0.314352 0.0510417 0.0898148 0.289292
2 0.784635 0.209722 0.0213542 0.0416667 0.317244
0 0.946615 0.98287 0.0307292 0.0324074 0.388807
2 0.870313 0.564352 0.021875 0.0268519 0.394744
2 0.811979 0.248148 0.03125 0.062963 0.418203
7 0.811979 0.247685 0.03125 0.062037 0.42595
2 0.833594 0.131481 0.0161458 0.0296296 0.431762
0 0.865625 0.633333 0.015625 0.0722222 0.452426
2 0.430729 0.312037 0.0510417 0.0944444 0.506107
0 0.896354 0.674074 0.01875 0.0814815 0.662146
2 0.519271 0.248148 0.0395833 0.0518519 0.700837
2 0.629167 0.791667 0.0947917 0.174074 0.765213
5 0.349219 0.284722 0.0796875 0.0953704 0.78323
5 0.270312 0.352315 0.111458 0.14537 0.833092
2 0.861719 0.836111 0.0880208 0.161111 0.848715
2 0.349219 0.726389 0.0848958 0.162037 0.86482
2 0.611719 0.647685 0.0765625 0.112037 0.883438
