2 0.480469 0.228241 0.0369792 0.0416667 0.254966
0 0.885938 0.914352 0.0145833 0.0675926 0.257018
0 0.909375 0.659722 0.0166667 0.0638889 0.328177
2 0.842188 0.106481 0.0166667 0.0333333 0.406701
5 0.441406 0.218519 0.124479 0.111111 0.438911
0 0.838802 0.908333 0.0182292 0.0722222 0.446441
2 0.395312 0.318519 0.0552083 0.0722222 0.530885
9 0.974219 0.7375 0.0119792 0.0509259 0.552736
0 0.891146 0.658796 0.0135417 0.0657407 0.563381
0 0.90599 0.831481 0.0234375 0.0796296 0.579709
2 0.445312 0.281944 0.0489583 0.0638889 0.689034
2 0.249479 0.430093 0.046875 0.0675926 0.725693
2 0.348958 0.723148 0.0854167 0.161111 0.825488
5 0.104948 0.53287 0.166146 0.221296 0.902735
