0 0.0606771 0.59213 0.0140625 0.0416667 0.295555
2 0.835156 0.133796 0.0140625 0.025 0.352913
9 0.973958 0.7375 0.0114583 0.0527778 0.376996
2 0.450521 0.256944 0.040625 0.0472222 0.410148
2 0.515104 0.203241 0.0302083 0.0361111 0.434491
0 0.904167 0.468519 0.0125 0.0611111 0.439895
2 0.210417 0.284259 0.0375 0.0759259 0.508431
0 0.936719 0.796296 0.0234375 0.0722222 0.520405
2 0.488542 0.52963 0.0864583 0.133333 0.589942
0 0.881771 0.745833 0.0177083 0.0731481 0.638839
2 0.791927 0.74537 0.114063 0.17037 0.648855
2 0.396094 0.293981 0.0494792 0.0564815 0.733075
5 0.442187 0.21713 0.123958 0.108333 0.759351
2 0.389583 0.390278 0.0364583 0.0712963 0.759798
2 0.489062 0.272685 0.0354167 0.0453704 0.78029
2 0.408594 0.440741 0.0369792 0.0740741 0.796814
2 0.428906 0.328241 0.0515625 0.0583333 0.841166
7 0.645312 0.729167 0.1875 0.321296 0.866644
