2 0.839063 0.099537 0.0197917 0.0287037 0.252353
7 0.844531 0.958333 0.0994792 0.0814815 0.28021
0 0.897656 0.455556 0.00989583 0.0518519 0.288062
0 0.913542 0.737963 0.015625 0.0592593 0.293718
2 0.458854 0.300926 0.0416667 0.0462963 0.300916
7 0.257031 0.301389 0.0307292 0.0527778 0.309552
2 0.267969 0.364352 0.0265625 0.0527778 0.312413
0 0.959635 0.815741 0.0223958 0.0648148 0.331551
7 0.66276 0.251852 0.0557292 0.0814815 0.3363
9 0.973437 0.739352 0.0114583 0.0527778 0.345162
2 0.489583 0.269444 0.0395833 0.0444444 0.352524
2 0.843229 0.95787 0.102083 0.0824074 0.364684
0 0.93724 0.794444 0.0192708 0.0685185 0.444832
0 0.886198 0.632407 0.0130208 0.0592593 0.457221
2 0.530208 0.237037 0.0375 0.037037 0.4987
0 0.928906 0.743519 0.0130208 0.0685185 0.566618
5 0.220573 0.310185 0.0640625 0.131481 0.620453
7 0.414844 0.411111 0.0515625 0.168519 0.66483
2 0.504167 0.475463 0.0625 0.0916667 0.676504
2 0.484896 0.336111 0.0364583 0.062963 0.735585
2 0.471615 0.410648 0.0442708 0.087963 0.769106
2 0.752865 0.393056 0.0484375 0.0638889 0.772994
5 0.511198 0.178704 0.101562 0.0962963 0.781421
5 0.216667 0.472685 0.0677083 0.206481 0.821647
2 0.488542 0.540741 0.0760417 0.105556 0.846339
2 0.609896 0.584722 0.101042 0.139815 0.85719
2 0.489323 0.675 0.0973958 0.144444 0.881266
2 0.672135 0.739352 0.116146 0.160185 0.897803
