2 0.48099 0.228704 0.0401042 0.0444444 0.263373
3 0.383594 0.327778 0.0317708 0.0518519 0.304433
2 0.397656 0.311111 0.0536458 0.0740741 0.324304
2 0.254948 0.31713 0.0223958 0.0305556 0.331763
2 0.383594 0.325 0.0317708 0.0518519 0.340191
0 0.885677 0.952778 0.0161458 0.0703704 0.367936
0 0.916667 0.488889 0.0135417 0.0740741 0.369857
0 0.447656 0.658333 0.0296875 0.0907407 0.370403
0 0.911458 0.669907 0.0125 0.0416667 0.37932
0 0.832031 0.962037 0.0171875 0.0740741 0.382133
2 0.840104 0.108333 0.0177083 0.0277778 0.403189
9 0.973958 0.737963 0.0125 0.0518519 0.539041
5 0.44375 0.217593 0.11875 0.101852 0.552753
0 0.891146 0.681019 0.0145833 0.0712963 0.558293
0 0.911979 0.865278 0.021875 0.0787037 0.615544
2 0.445573 0.280556 0.0473958 0.0592593 0.705507
2 0.349219 0.725 0.0859375 0.162963 0.85368
5 0.0752604 0.561111 0.150521 0.209259 0.862004
2 0.217187 0.471759 0.053125 0.0787037 0.86245
