7 0.664583 0.258333 0.0583333 0.0944444 0.252118
9 0.351823 0.352315 0.0140625 0.0435185 0.269946
2 0.255469 0.31713 0.0223958 0.0324074 0.355672
2 0.483854 0.893519 0.122917 0.201852 0.384344
9 0.974219 0.737037 0.0119792 0.0518519 0.430859
0 0.860677 0.90787 0.0203125 0.0546296 0.510904
2 0.385417 0.300926 0.046875 0.0518519 0.650715
2 0.782552 0.321296 0.0359375 0.0574074 0.659279
5 0.43125 0.227778 0.127083 0.111111 0.709406
7 0.484115 0.891667 0.121354 0.198148 0.711231
7 0.618229 0.844444 0.132292 0.261111 0.755294
2 0.130208 0.566667 0.075 0.116667 0.802272
2 0.239583 0.454167 0.0645833 0.0898148 0.836813
2 0.349479 0.725463 0.0864583 0.162037 0.843002
