5 0.476562 0.192593 0.0552083 0.0555556 0.267012
0 0.93099 0.735648 0.0203125 0.0601852 0.31104
0 0.921875 0.725463 0.01875 0.0694444 0.347332
7 0.213802 0.291667 0.0421875 0.0814815 0.358541
2 0.394792 0.29537 0.0489583 0.0555556 0.358743
0 0.973698 0.738889 0.0119792 0.0537037 0.371907
9 0.351562 0.352778 0.0125 0.0425926 0.37844
5 0.214062 0.291204 0.0416667 0.0805556 0.41431
2 0.839844 0.107407 0.0161458 0.0296296 0.415943
0 0.89401 0.441204 0.00989583 0.0453704 0.420392
0 0.93724 0.797685 0.0234375 0.0694444 0.423495
5 0.426302 0.227778 0.0859375 0.0981481 0.43612
7 0.667708 0.260185 0.065625 0.0981481 0.442954
0 0.882031 0.747222 0.0182292 0.0740741 0.509922
0 0.919271 0.611574 0.0177083 0.0694444 0.530386
2 0.482552 0.228241 0.0338542 0.037963 0.548798
2 0.528385 0.2125 0.0338542 0.0435185 0.630753
2 0.420312 0.493056 0.0583333 0.0972222 0.840365
2 0.575 0.681944 0.1 0.143519 0.853537
2 0.778646 0.757407 0.108333 0.151852 0.904414
2 0.739323 0.847222 0.132812 0.185185 0.907799
