2 0.839844 0.109722 0.0161458 0.0342593 0.256309
7 0.666927 0.258796 0.0661458 0.0953704 0.269098
0 0.884635 0.472685 0.0119792 0.0546296 0.307682
0 0.913021 0.738889 0.0177083 0.0796296 0.344713
0 0.928906 0.741204 0.0161458 0.0694444 0.37205
0 0.938021 0.793056 0.0208333 0.0694444 0.377383
9 0.973698 0.738426 0.0109375 0.0527778 0.38129
3 0.616667 0.61713 0.0333333 0.0657407 0.409969
2 0.592708 0.183333 0.021875 0.0333333 0.413944
2 0.48776 0.270833 0.0442708 0.0453704 0.451008
2 0.563542 0.225926 0.03125 0.0407407 0.476714
5 0.220573 0.302778 0.0619792 0.114815 0.490716
2 0.465104 0.403704 0.0364583 0.0685185 0.509198
0 0.903906 0.484259 0.0109375 0.0537037 0.544381
2 0.464063 0.352315 0.0364583 0.0694444 0.563338
2 0.530208 0.236111 0.0375 0.0388889 0.571078
2 0.227344 0.88287 0.0901042 0.191667 0.652006
2 0.504948 0.473611 0.0578125 0.0972222 0.691216
7 0.409896 0.378704 0.04375 0.146296 0.693902
7 0.0653646 0.586111 0.0838542 0.151852 0.70613
2 0.433073 0.476852 0.0526042 0.0888889 0.830751
2 0.438021 0.602315 0.0729167 0.125 0.864493
2 0.491667 0.554167 0.0791667 0.112037 0.870051
2 0.542969 0.439815 0.0682292 0.0814815 0.881928
2 0.384375 0.506019 0.05 0.100926 0.882689
