1 0.936719 0.796759 0.0244792 0.0694444 0.39511
2 0.449219 0.256481 0.0421875 0.0481481 0.395146
0 0.925521 0.727778 0.021875 0.0833333 0.403167
0 0.0619792 0.600926 0.0114583 0.0481481 0.415084
9 0.974219 0.737963 0.0109375 0.0537037 0.427578
7 0.499479 0.543519 0.0875 0.138889 0.44378
2 0.499219 0.544444 0.0880208 0.138889 0.451038
2 0.209896 0.284722 0.0364583 0.075 0.561726
2 0.510417 0.206944 0.03125 0.0398148 0.632845
0 0.882292 0.746296 0.0177083 0.0759259 0.641087
5 0.442448 0.217593 0.122396 0.109259 0.676686
5 0.670573 0.756944 0.195312 0.337963 0.73619
2 0.395052 0.295833 0.0515625 0.0564815 0.748185
2 0.486198 0.276852 0.0359375 0.05 0.751348
2 0.409115 0.441204 0.0390625 0.075 0.76695
2 0.389583 0.390278 0.0354167 0.0731481 0.781808
7 0.671875 0.756481 0.194792 0.333333 0.799676
2 0.426302 0.33287 0.0494792 0.0583333 0.853457
2 0.827604 0.786574 0.116667 0.173148 0.904764
