0 0.44974 0.659722 0.0348958 0.0972222 0.285661
2 0.84375 0.0990741 0.0135417 0.0240741 0.368303
9 0.973958 0.737963 0.0114583 0.0537037 0.445688
0 0.901042 0.89213 0.0166667 0.087963 0.465058
0 0.882552 0.885185 0.0171875 0.0666667 0.510931
2 0.454948 0.249074 0.0411458 0.0462963 0.635231
2 0.352344 0.350463 0.0546875 0.075 0.667102
2 0.349219 0.723611 0.0848958 0.163889 0.797189
2 0.184635 0.471296 0.0640625 0.087037 0.798116
5 0.443229 0.221296 0.11875 0.114815 0.810528
2 0.259635 0.437037 0.0661458 0.0962963 0.826412
2 0.685156 0.643981 0.0755208 0.132407 0.875705
