7 0.238281 0.340278 0.0526042 0.113889 0.250216
2 0.160938 0.499537 0.0270833 0.0305556 0.324609
5 0.238281 0.34213 0.0515625 0.113889 0.375119
0 0.93724 0.800926 0.0140625 0.0592593 0.378069
2 0.219531 0.255093 0.0192708 0.025 0.406478
0 0.973437 0.740741 0.0114583 0.0537037 0.457526
2 0.839323 0.108333 0.0171875 0.0277778 0.475083
0 0.889583 0.531944 0.0104167 0.0527778 0.565837
0 0.951302 0.747685 0.0140625 0.0546296 0.573582
2 0.48151 0.228704 0.0380208 0.0425926 0.614398
2 0.27526 0.489815 0.0401042 0.107407 0.64706
5 0.44349 0.218981 0.120312 0.100926 0.661815
2 0.394792 0.321759 0.05625 0.0657407 0.692261
2 0.44974 0.274537 0.0442708 0.0546296 0.77564
2 0.754427 0.868981 0.143229 0.202778 0.916335
