5 0.242448 0.368519 0.0453125 0.105556 0.264748
2 0.560677 0.209722 0.0328125 0.0398148 0.292294
7 0.670052 0.263426 0.0682292 0.102778 0.37235
0 0.903385 0.482407 0.00989583 0.0555556 0.38126
0 0.928906 0.74213 0.0130208 0.0694444 0.383497
9 0.973958 0.738426 0.0114583 0.0527778 0.386286
0 0.973958 0.738889 0.0114583 0.0518519 0.39477
0 0.936979 0.793519 0.0197917 0.0685185 0.41155
2 0.609896 0.794444 0.116667 0.166667 0.44183
7 0.608594 0.794907 0.116146 0.165741 0.454902
5 0.209635 0.277778 0.0536458 0.0944444 0.460249
2 0.530469 0.2375 0.0369792 0.0398148 0.47173
0 0.88776 0.558796 0.0119792 0.062037 0.477631
2 0.502604 0.301389 0.0385417 0.0546296 0.56844
2 0.461979 0.365741 0.034375 0.0759259 0.600136
7 0.410417 0.382407 0.0447917 0.15 0.764321
2 0.474479 0.42963 0.0447917 0.0777778 0.785174
2 0.536198 0.495833 0.0859375 0.113889 0.832624
2 0.604948 0.460185 0.0796875 0.0796296 0.855712
2 0.407552 0.550463 0.0609375 0.113889 0.861984
2 0.445312 0.494444 0.0583333 0.0944444 0.865759
2 0.542708 0.60463 0.090625 0.125926 0.892804
