9 0.411198 0.398611 0.0473958 0.160185 0.266198
2 0.26901 0.334722 0.0265625 0.0453704 0.323238
0 0.0875 0.509722 0.025 0.0638889 0.365155
2 0.530469 0.2375 0.0401042 0.0398148 0.447973
0 0.898177 0.475926 0.0109375 0.0574074 0.449265
2 0.559635 0.207407 0.0307292 0.0351852 0.449932
0 0.93724 0.793981 0.0213542 0.0712963 0.450354
0 0.914062 0.733796 0.0177083 0.0842593 0.46338
9 0.974219 0.737963 0.0109375 0.0518519 0.487248
0 0.929167 0.741204 0.015625 0.075 0.552449
0 0.886458 0.605556 0.0135417 0.0666667 0.563092
5 0.220573 0.3 0.0463542 0.0833333 0.597451
2 0.465625 0.394907 0.0364583 0.0824074 0.636101
7 0.411979 0.405556 0.0479167 0.144444 0.642054
5 0.528125 0.168056 0.090625 0.0842593 0.688088
5 0.229427 0.414815 0.0598958 0.164815 0.720909
7 0.782812 0.925463 0.132292 0.14537 0.723085
2 0.491927 0.458333 0.0546875 0.0833333 0.755365
2 0.490885 0.320833 0.0380208 0.0601852 0.775918
2 0.576302 0.549537 0.0921875 0.128704 0.78308
2 0.717708 0.433796 0.06875 0.0731481 0.834201
2 0.467708 0.519444 0.0666667 0.0981481 0.874936
2 0.620313 0.685185 0.107292 0.146296 0.87822
2 0.452604 0.617593 0.08125 0.133333 0.886525
