0 0.930469 0.741204 0.0213542 0.0675926 0.269943
0 0.929167 0.640741 0.0145833 0.0611111 0.279755
0 0.922656 0.724074 0.0161458 0.062963 0.28777
0 0.973437 0.738426 0.0125 0.0527778 0.304873
2 0.21901 0.298611 0.0442708 0.0787037 0.30898
9 0.973698 0.7375 0.0119792 0.0527778 0.318475
7 0.21901 0.299074 0.0432292 0.0796296 0.320853
2 0.839583 0.109259 0.015625 0.0259259 0.33134
2 0.44974 0.256944 0.0442708 0.0472222 0.365237
7 0.667188 0.256944 0.065625 0.0916667 0.372129
0 0.891406 0.461111 0.00989583 0.0481481 0.462121
0 0.876823 0.750926 0.0151042 0.0740741 0.502714
2 0.490885 0.233796 0.0484375 0.0509259 0.568419
5 0.441667 0.219907 0.122917 0.108333 0.570374
2 0.39974 0.309259 0.0578125 0.0759259 0.61042
2 0.903385 0.871759 0.109896 0.162037 0.699836
2 0.267969 0.327778 0.0265625 0.0407407 0.711155
2 0.661458 0.772222 0.119792 0.166667 0.84303
2 0.464583 0.554167 0.084375 0.115741 0.888134
