0 0.945052 0.984722 0.0296875 0.0287037 0.26661
7 0.810417 0.252315 0.0333333 0.062037 0.280146
2 0.783594 0.213889 0.0234375 0.0388889 0.311891
2 0.870313 0.563889 0.021875 0.0277778 0.339046
2 0.810156 0.252315 0.0338542 0.062037 0.354802
9 0.973958 0.737963 0.0125 0.0555556 0.379224
0 0.867969 0.632407 0.0140625 0.0666667 0.380331
2 0.834115 0.133796 0.0182292 0.0287037 0.464201
0 0.895833 0.675 0.0197917 0.0796296 0.560689
2 0.435677 0.323611 0.0390625 0.0601852 0.595526
2 0.522135 0.246759 0.0380208 0.0509259 0.711412
5 0.357552 0.284259 0.0765625 0.1 0.75957
2 0.860937 0.839352 0.0885417 0.162037 0.813297
2 0.624479 0.802315 0.0979167 0.176852 0.81386
5 0.271875 0.347685 0.109375 0.149074 0.815202
2 0.349219 0.725463 0.0848958 0.163889 0.818034
2 0.607813 0.652315 0.078125 0.113889 0.890292
