0 0.875781 0.955093 0.0244792 0.062037 0.26073
2 0.25625 0.31713 0.0239583 0.0342593 0.338814
0 0.905729 0.392593 0.0104167 0.0518519 0.381113
0 0.852083 0.975926 0.025 0.0481481 0.415654
0 0.0872396 0.512037 0.0244792 0.062963 0.470537
2 0.426562 0.27037 0.040625 0.0481481 0.546225
2 0.289583 0.406019 0.071875 0.0824074 0.637902
2 0.75651 0.424537 0.0463542 0.0805556 0.764796
2 0.197917 0.496296 0.0729167 0.111111 0.766989
2 0.349219 0.724074 0.0859375 0.166667 0.792772
5 0.441927 0.222685 0.122396 0.119444 0.812211
2 0.0658854 0.594444 0.0640625 0.0888889 0.832507
