0 0.840365 0.888889 0.0182292 0.062963 0.259098
2 0.842969 0.105093 0.0182292 0.0361111 0.25986
0 0.909635 0.636111 0.0130208 0.0388889 0.261637
3 0.395833 0.319907 0.053125 0.0712963 0.270187
0 0.888802 0.899074 0.0161458 0.0648148 0.313368
2 0.48099 0.228241 0.0369792 0.0416667 0.331034
0 0.936979 0.799537 0.0166667 0.0675926 0.339226
9 0.974219 0.737963 0.0119792 0.0537037 0.426828
5 0.441667 0.218519 0.123958 0.109259 0.496491
0 0.923958 0.504167 0.0114583 0.0564815 0.560843
0 0.905469 0.82037 0.0203125 0.0759259 0.56173
0 0.890885 0.652778 0.0119792 0.0666667 0.567842
2 0.396875 0.318981 0.0541667 0.0731481 0.569485
2 0.445312 0.27963 0.046875 0.0592593 0.706108
2 0.253906 0.415278 0.0401042 0.0638889 0.791817
2 0.347656 0.722685 0.0838542 0.162037 0.872372
5 0.115365 0.518981 0.161979 0.225 0.903786
