9 0.351302 0.354167 0.0130208 0.0416667 0.298691
2 0.839063 0.112963 0.015625 0.0259259 0.328482
7 0.210156 0.284259 0.0380208 0.0740741 0.337577
0 0.922917 0.723148 0.0166667 0.0703704 0.380959
2 0.45026 0.259259 0.0401042 0.0425926 0.387055
0 0.973698 0.738889 0.0130208 0.0537037 0.406821
0 0.0614583 0.640278 0.0125 0.0509259 0.420565
7 0.701823 0.765278 0.131771 0.210185 0.517517
0 0.89375 0.499537 0.0125 0.0583333 0.55934
0 0.881771 0.746296 0.0177083 0.0722222 0.57062
5 0.439063 0.22037 0.1125 0.0981481 0.573891
2 0.701823 0.765278 0.131771 0.212037 0.604009
2 0.47526 0.390278 0.0348958 0.0731481 0.737962
2 0.395833 0.296759 0.05 0.0583333 0.758881
2 0.41276 0.346759 0.0453125 0.0657407 0.779382
2 0.397396 0.437963 0.040625 0.0814815 0.802831
2 0.453385 0.526852 0.0630208 0.1 0.885897
