9 0.872135 0.447685 0.0119792 0.0472222 0.270866
0 0.891146 0.843982 0.0166667 0.0675926 0.305438
0 0.658333 0.313426 0.0135417 0.0731481 0.310222
2 0.871354 0.563426 0.0208333 0.0287037 0.388371
2 0.383073 0.329167 0.0317708 0.0546296 0.38888
2 0.839063 0.112037 0.0177083 0.0240741 0.391476
0 0.846354 0.847222 0.01875 0.0851852 0.400404
2 0.251042 0.308796 0.0208333 0.0287037 0.409313
2 0.395573 0.316667 0.0557292 0.0740741 0.40986
0 0.933594 0.52963 0.0140625 0.0666667 0.461408
2 0.48151 0.229167 0.0369792 0.0435185 0.464058
0 0.91276 0.846759 0.0151042 0.0657407 0.465637
0 0.889844 0.621296 0.0119792 0.0611111 0.47146
9 0.974219 0.7375 0.0119792 0.0509259 0.488535
5 0.439844 0.22037 0.113021 0.0944444 0.493719
2 0.26849 0.371759 0.0255208 0.0546296 0.559772
2 0.444792 0.280556 0.0458333 0.0574074 0.777156
5 0.164323 0.46713 0.141146 0.20463 0.901012
2 0.34375 0.711574 0.0822917 0.158333 0.903894
