2 0.490365 0.270833 0.0411458 0.0435185 0.264547
5 0.233854 0.331019 0.0510417 0.0990741 0.274105
2 0.565885 0.203704 0.0265625 0.0351852 0.299983
0 0.885156 0.522685 0.0119792 0.0601852 0.304814
0 0.903906 0.481944 0.00989583 0.0490741 0.306227
7 0.234115 0.331944 0.0515625 0.0990741 0.313671
2 0.53125 0.235648 0.0354167 0.0361111 0.361922
9 0.973958 0.737037 0.0114583 0.0518519 0.372879
0 0.93724 0.794907 0.0182292 0.0638889 0.406174
3 0.872135 0.852778 0.0494792 0.0814815 0.423116
2 0.464063 0.353704 0.0354167 0.0722222 0.424546
0 0.928906 0.738426 0.0140625 0.0657407 0.464983
2 0.516927 0.282407 0.0359375 0.0518519 0.497155
0 0.9125 0.739815 0.0145833 0.0777778 0.515451
7 0.669531 0.263889 0.0703125 0.105556 0.51596
2 0.466146 0.411111 0.0364583 0.062963 0.625879
7 0.409635 0.378704 0.0442708 0.15 0.65544
2 0.436719 0.480093 0.0536458 0.0953704 0.7833
2 0.239844 0.902315 0.0942708 0.187963 0.810337
2 0.386458 0.510648 0.053125 0.102778 0.825829
2 0.511198 0.480556 0.0744792 0.105556 0.840225
2 0.47474 0.651852 0.0848958 0.135185 0.843218
2 0.550781 0.443519 0.0692708 0.0796296 0.88282
2 0.49974 0.5625 0.0828125 0.113889 0.891591
