7 0.671875 0.262963 0.0739583 0.109259 0.309199
7 0.947396 0.298148 0.105208 0.596296 0.387688
0 0.973958 0.738426 0.0125 0.0564815 0.410515
7 0.701302 0.412963 0.0484375 0.0833333 0.487547
2 0.254948 0.31713 0.0213542 0.0342593 0.488049
2 0.816667 0.193519 0.0177083 0.0351852 0.65154
2 0.567969 0.198611 0.0255208 0.0435185 0.654346
2 0.701302 0.413426 0.0484375 0.0824074 0.676835
7 0.759635 0.425926 0.0578125 0.118519 0.752009
0 0.878385 0.79213 0.0244792 0.0953704 0.78707
2 0.792188 0.961111 0.084375 0.0740741 0.808326
2 0.0734375 0.62037 0.065625 0.107407 0.818688
2 0.349479 0.725 0.0864583 0.166667 0.825231
2 0.230208 0.428704 0.0583333 0.0703704 0.852764
5 0.390885 0.258333 0.142188 0.140741 0.891402
