2 0.483333 0.227778 0.03125 0.037037 0.250233
2 0.27474 0.389352 0.0296875 0.0546296 0.316716
5 0.229167 0.319907 0.0510417 0.0916667 0.342149
7 0.229167 0.318519 0.0510417 0.0907407 0.358382
0 0.866927 0.776389 0.0140625 0.0527778 0.381146
5 0.452604 0.25463 0.05625 0.0648148 0.381855
0 0.973437 0.740741 0.0125 0.0537037 0.394055
0 0.95 0.714815 0.015625 0.0666667 0.400771
0 0.890365 0.493981 0.00885417 0.0490741 0.421014
2 0.840365 0.106944 0.0161458 0.0287037 0.475025
0 0.9375 0.799074 0.0239583 0.0685185 0.499604
0 0.921875 0.724537 0.0208333 0.0731481 0.51794
2 0.229167 0.318519 0.0510417 0.0907407 0.539714
5 0.436979 0.225 0.109375 0.0944444 0.601098
2 0.396094 0.318981 0.0536458 0.0694444 0.653085
2 0.45625 0.264815 0.0458333 0.0537037 0.740179
2 0.857813 0.934722 0.138542 0.125 0.873819
2 0.611719 0.715741 0.118229 0.162963 0.918984
