7 0.672135 0.2625 0.0734375 0.108333 0.322414
0 0.973958 0.7375 0.0135417 0.0564815 0.334767
7 0.947396 0.298148 0.105208 0.596296 0.384486
2 0.254687 0.31713 0.021875 0.0342593 0.407391
2 0.623438 0.158796 0.015625 0.0305556 0.497113
2 0.577344 0.191204 0.0286458 0.0416667 0.567385
2 0.814583 0.201389 0.0197917 0.0398148 0.659874
2 0.788542 0.971759 0.078125 0.0546296 0.676531
2 0.0924479 0.601389 0.0661458 0.10463 0.698587
2 0.688542 0.443519 0.0520833 0.087037 0.73069
0 0.877344 0.8 0.0223958 0.0796296 0.782651
7 0.752604 0.45 0.0614583 0.125926 0.796284
2 0.250521 0.409722 0.0583333 0.0694444 0.79645
2 0.349479 0.725 0.0864583 0.166667 0.827507
5 0.393229 0.255093 0.140625 0.139815 0.84168
