2 0.458854 0.300463 0.0427083 0.0472222 0.257683
2 0.594531 0.150463 0.0203125 0.0324074 0.260201
2 0.491146 0.269444 0.0364583 0.0444444 0.262895
2 0.839323 0.100463 0.0192708 0.0287037 0.270661
0 0.913281 0.7375 0.0151042 0.0583333 0.278985
2 0.254687 0.299074 0.028125 0.05 0.306458
0 0.959635 0.815278 0.0223958 0.0638889 0.317567
2 0.269531 0.356019 0.0244792 0.0453704 0.328794
7 0.822917 0.947685 0.0989583 0.100926 0.339368
9 0.973698 0.738426 0.0119792 0.0527778 0.364835
2 0.415625 0.4375 0.0489583 0.0953704 0.371991
2 0.823698 0.948611 0.0994792 0.0990741 0.378072
7 0.414844 0.406481 0.0505208 0.159259 0.416097
0 0.897656 0.459722 0.00989583 0.0472222 0.45196
0 0.93724 0.793981 0.0192708 0.0694444 0.471617
0 0.886198 0.627315 0.0130208 0.0675926 0.527851
0 0.929167 0.74213 0.0145833 0.0694444 0.536551
2 0.529948 0.237037 0.0369792 0.0407407 0.579914
5 0.222917 0.316667 0.0552083 0.109259 0.611473
2 0.469271 0.406944 0.0385417 0.0861111 0.707256
2 0.5 0.469907 0.059375 0.0861111 0.755994
2 0.4875 0.32963 0.0385417 0.0685185 0.7764
5 0.220833 0.455093 0.0666667 0.187963 0.800619
2 0.744531 0.405556 0.0546875 0.0666667 0.822586
2 0.598958 0.572685 0.096875 0.134259 0.837919
5 0.519792 0.177315 0.103125 0.0953704 0.83806
2 0.48125 0.534259 0.071875 0.101852 0.8654
2 0.65625 0.724074 0.115625 0.159259 0.890072
2 0.479427 0.658333 0.0901042 0.142593 0.903043
