0 0.93724 0.794907 0.0192708 0.0601852 0.25633
0 0.926562 0.733333 0.01875 0.0740741 0.257601
2 0.553646 0.174537 0.0291667 0.0305556 0.369378
0 0.910677 0.518056 0.0140625 0.062037 0.401287
0 0.929167 0.517593 0.0135417 0.0574074 0.458572
2 0.210417 0.284259 0.0385417 0.0722222 0.483875
9 0.973958 0.736111 0.0114583 0.0518519 0.523741
2 0.831771 0.146296 0.0166667 0.0296296 0.529576
2 0.443229 0.490278 0.0520833 0.121296 0.585009
0 0.88151 0.745833 0.0182292 0.0731481 0.600977
2 0.40625 0.434259 0.034375 0.0685185 0.603107
5 0.44375 0.216204 0.120833 0.106481 0.626504
2 0.395833 0.29537 0.0489583 0.0574074 0.640512
2 0.884375 0.940278 0.121875 0.119444 0.666232
2 0.960677 0.915278 0.0786458 0.163889 0.726742
2 0.604427 0.565741 0.0963542 0.12037 0.729908
2 0.52526 0.240278 0.0328125 0.0435185 0.741495
2 0.391406 0.375926 0.0411458 0.0703704 0.75928
2 0.473698 0.286574 0.0463542 0.0527778 0.773557
7 0.520573 0.589352 0.140104 0.256481 0.877087
2 0.70026 0.758796 0.113021 0.156481 0.883272
2 0.705469 0.907407 0.141146 0.181481 0.917784
