0 0.973698 0.738426 0.0130208 0.0564815 0.318073
2 0.254687 0.31713 0.0208333 0.0305556 0.482802
2 0.365365 0.315741 0.0473958 0.0462963 0.546695
0 0.863802 0.892593 0.0255208 0.0833333 0.609414
7 0.539323 0.777778 0.102604 0.17037 0.631507
5 0.420052 0.236574 0.110937 0.115741 0.634482
2 0.102083 0.602315 0.071875 0.112037 0.655318
2 0.792448 0.29213 0.0286458 0.0509259 0.713429
2 0.155208 0.525463 0.059375 0.0805556 0.722982
7 0.65599 0.736574 0.111979 0.225 0.806252
2 0.348958 0.724537 0.0854167 0.163889 0.809594
2 0.214844 0.475926 0.0651042 0.0962963 0.834311
