0 0.0078125 0.985185 0.015625 0.0296296 0.269955
9 0.973698 0.7375 0.0130208 0.0546296 0.28665
2 0.540885 0.223148 0.0442708 0.0388889 0.322344
0 0.922656 0.731019 0.0234375 0.075 0.329641
2 0.316406 0.956944 0.121354 0.0824074 0.332996
2 0.274479 0.856481 0.20625 0.285185 0.407243
2 0.209896 0.284259 0.0375 0.0722222 0.476877
5 0.27474 0.856481 0.203646 0.287037 0.549841
2 0.505469 0.259722 0.0453125 0.0453704 0.587844
2 0.826042 0.164352 0.0166667 0.0287037 0.590582
0 0.882031 0.745833 0.0182292 0.075 0.609479
5 0.442448 0.21713 0.124479 0.110185 0.611612
2 0.43776 0.481019 0.0515625 0.119444 0.657833
2 0.396094 0.295833 0.0515625 0.0564815 0.664663
2 0.96875 0.92963 0.0625 0.133333 0.706623
2 0.528646 0.480556 0.065625 0.0907407 0.714322
2 0.402604 0.40787 0.0354167 0.075 0.726063
7 0.335677 0.739352 0.107813 0.210185 0.755462
2 0.432552 0.323148 0.0484375 0.0555556 0.785191
7 0.517187 0.583333 0.138542 0.25 0.895583
2 0.796615 0.879167 0.129688 0.191667 0.909899
2 0.732813 0.683333 0.114583 0.164815 0.910119
2 0.667708 0.725926 0.109375 0.148148 0.910668
2 0.661198 0.868519 0.130729 0.190741 0.916029
