7 0.525 0.950463 0.142708 0.0935185 0.250786
0 0.926562 0.733333 0.01875 0.0722222 0.253632
0 0.0872396 0.511574 0.0255208 0.062037 0.258163
7 0.663021 0.253704 0.0583333 0.0833333 0.259279
0 0.922135 0.526852 0.0234375 0.0703704 0.274572
0 0.91276 0.524537 0.0109375 0.0601852 0.343727
2 0.554948 0.172685 0.0265625 0.0305556 0.404026
7 0.442708 0.488889 0.0520833 0.12037 0.472134
2 0.210417 0.284259 0.0385417 0.0722222 0.482094
2 0.442969 0.489815 0.0515625 0.122222 0.513814
2 0.83151 0.149074 0.0182292 0.0277778 0.522568
9 0.974219 0.736111 0.0109375 0.0518519 0.535921
0 0.929688 0.526389 0.0145833 0.075 0.548532
2 0.944531 0.899074 0.108854 0.190741 0.596257
2 0.598958 0.554167 0.0854167 0.123148 0.610879
0 0.882292 0.74537 0.0197917 0.0759259 0.625101
2 0.395833 0.29537 0.0489583 0.0574074 0.629593
5 0.444271 0.215741 0.120833 0.107407 0.635004
2 0.40625 0.436574 0.034375 0.0657407 0.637565
2 0.526042 0.239352 0.0322917 0.0398148 0.719199
2 0.393229 0.374074 0.040625 0.0703704 0.724027
2 0.476823 0.283333 0.0453125 0.05 0.725946
2 0.876302 0.931944 0.138021 0.132407 0.815095
2 0.697396 0.904167 0.139583 0.191667 0.840932
7 0.519271 0.587963 0.138542 0.257407 0.891882
2 0.68776 0.746296 0.110937 0.153704 0.896305
