9 0.0533854 0.722222 0.0109375 0.037037 0.25054
0 0.973698 0.7375 0.0119792 0.0527778 0.292406
9 0.973958 0.737037 0.0125 0.0537037 0.298609
7 0.665625 0.255556 0.0625 0.0888889 0.322588
2 0.839844 0.108796 0.0151042 0.0268519 0.346114
0 0.891406 0.469444 0.00989583 0.0481481 0.352119
0 0.9375 0.798611 0.021875 0.0638889 0.367252
0 0.0880208 0.509722 0.0260417 0.0638889 0.405491
5 0.442187 0.219444 0.122917 0.111111 0.49824
0 0.875781 0.757407 0.0151042 0.0703704 0.523902
2 0.273438 0.343519 0.0260417 0.0481481 0.574572
0 0.93776 0.666204 0.0151042 0.0675926 0.587881
2 0.96276 0.928241 0.0744792 0.141667 0.617325
5 0.220052 0.305093 0.0484375 0.0842593 0.630543
2 0.477865 0.243519 0.0432292 0.0685185 0.666896
2 0.396875 0.318056 0.0583333 0.0768519 0.693373
2 0.510677 0.608333 0.0932292 0.131481 0.8623
2 0.728125 0.836111 0.129167 0.174074 0.905077
