2 0.841406 0.100926 0.0151042 0.0259259 0.250959
2 0.208333 0.281481 0.0354167 0.0685185 0.251436
7 0.238802 0.353704 0.0473958 0.118519 0.292725
0 0.9125 0.738426 0.0145833 0.0583333 0.297282
7 0.271615 0.325926 0.0348958 0.062963 0.309398
9 0.973958 0.7375 0.0125 0.0527778 0.312408
0 0.896094 0.427778 0.00989583 0.0537037 0.319082
7 0.664062 0.256481 0.0583333 0.0888889 0.319279
2 0.529167 0.238426 0.0364583 0.037963 0.35647
2 0.459115 0.299537 0.0411458 0.0435185 0.365897
2 0.488281 0.271296 0.0421875 0.0444444 0.398545
7 0.696615 0.663426 0.120312 0.163889 0.432553
0 0.928906 0.739352 0.0140625 0.0712963 0.446538
2 0.788802 0.3 0.0265625 0.0444444 0.448387
2 0.272135 0.326389 0.0359375 0.062037 0.449413
0 0.880729 0.701852 0.0145833 0.0722222 0.541322
2 0.208333 0.47037 0.0489583 0.0703704 0.621496
2 0.479427 0.368981 0.0328125 0.075 0.656853
2 0.697917 0.6625 0.121875 0.163889 0.662032
7 0.427344 0.452315 0.0734375 0.184259 0.774609
2 0.492448 0.446296 0.0578125 0.101852 0.777405
5 0.472917 0.200463 0.111458 0.10463 0.822021
2 0.551042 0.521296 0.071875 0.0962963 0.837811
5 0.226562 0.665741 0.090625 0.348148 0.854042
2 0.763542 0.840278 0.126042 0.180556 0.886879
2 0.55 0.607407 0.0875 0.12037 0.892403
2 0.595833 0.801389 0.11875 0.176852 0.908511
