2 0.248177 0.290741 0.0390625 0.0666667 0.268037
0 0.973698 0.737963 0.0109375 0.0518519 0.278223
2 0.490365 0.268981 0.0369792 0.0416667 0.328495
0 0.903906 0.484722 0.00989583 0.0509259 0.34138
9 0.973958 0.737963 0.0114583 0.0518519 0.350451
2 0.563802 0.206481 0.0296875 0.0388889 0.35083
2 0.464063 0.351852 0.0364583 0.0666667 0.386201
0 0.93776 0.793981 0.0192708 0.0675926 0.439258
2 0.530469 0.235648 0.0348958 0.0361111 0.440556
2 0.513802 0.284722 0.0380208 0.0546296 0.464732
0 0.884896 0.526852 0.0114583 0.0648148 0.489032
5 0.234896 0.334259 0.053125 0.1 0.542396
0 0.928646 0.743056 0.0145833 0.0694444 0.558334
0 0.913021 0.736111 0.015625 0.0777778 0.565443
2 0.466406 0.407407 0.0380208 0.0740741 0.634795
7 0.409896 0.380093 0.04375 0.149074 0.646845
2 0.246875 0.906482 0.0958333 0.185185 0.810775
2 0.43724 0.48287 0.0546875 0.0935185 0.812738
2 0.515625 0.48287 0.0760417 0.100926 0.817461
2 0.388802 0.513889 0.0557292 0.105556 0.838103
2 0.494271 0.673148 0.0875 0.133333 0.850233
2 0.55599 0.44537 0.0723958 0.0796296 0.873872
2 0.504427 0.568056 0.0838542 0.113889 0.878066
