2 0.217969 0.253241 0.0244792 0.025 0.257453
5 0.449219 0.255093 0.0755208 0.0768519 0.273016
0 0.959896 0.814815 0.0229167 0.0648148 0.302161
0 0.9375 0.802315 0.015625 0.0583333 0.307852
2 0.238021 0.338889 0.0520833 0.107407 0.412752
2 0.839323 0.108333 0.0171875 0.0296296 0.442528
5 0.238021 0.338426 0.0520833 0.106481 0.481383
0 0.973698 0.740278 0.0109375 0.0527778 0.486021
0 0.889844 0.526852 0.0109375 0.0555556 0.493473
0 0.952344 0.745833 0.0151042 0.0564815 0.513961
2 0.482552 0.228241 0.0369792 0.0416667 0.575334
5 0.443229 0.218981 0.119792 0.100926 0.67033
2 0.394271 0.32037 0.0572917 0.0648148 0.690255
2 0.273698 0.47963 0.0380208 0.0962963 0.692749
2 0.450521 0.274074 0.04375 0.0555556 0.754161
2 0.735677 0.850926 0.141146 0.198148 0.915106
