0 0.448958 0.660185 0.034375 0.0925926 0.293131
0 0.903125 0.845833 0.0166667 0.0638889 0.304743
7 0.95 0.297222 0.1 0.594444 0.311553
5 0.466146 0.24213 0.0385417 0.0398148 0.349766
0 0.973698 0.738426 0.0119792 0.0546296 0.35328
2 0.843229 0.0990741 0.0135417 0.0259259 0.382578
0 0.883073 0.852315 0.0213542 0.0712963 0.483639
5 0.443229 0.221296 0.11875 0.116667 0.737462
2 0.465365 0.24213 0.0380208 0.0398148 0.760803
2 0.349219 0.723611 0.0848958 0.165741 0.782265
2 0.290104 0.409722 0.0729167 0.0953704 0.78641
2 0.62526 0.814352 0.103646 0.186111 0.804318
2 0.233073 0.426852 0.0609375 0.0833333 0.827428
2 0.376563 0.33287 0.05 0.0675926 0.837579
