5 0.477344 0.233333 0.0390625 0.0388889 0.264811
2 0.0325521 0.663889 0.0609375 0.0796296 0.298546
7 0.951563 0.297685 0.0958333 0.59537 0.30672
5 0.41875 0.270833 0.0614583 0.0935185 0.364611
5 0.47526 0.194444 0.0588542 0.0611111 0.385264
2 0.842448 0.100463 0.0182292 0.0287037 0.394593
9 0.974219 0.737037 0.0119792 0.0518519 0.406472
0 0.907031 0.770833 0.0130208 0.0324074 0.417448
2 0.25625 0.318056 0.025 0.0305556 0.471163
5 0.421354 0.235648 0.0760417 0.0953704 0.492462
0 0.884115 0.787037 0.0151042 0.062963 0.573412
2 0.302083 0.369444 0.0458333 0.0685185 0.581546
2 0.477083 0.233333 0.0354167 0.0388889 0.614799
2 0.419271 0.296759 0.046875 0.062037 0.780081
2 0.349479 0.725463 0.0854167 0.163889 0.848572
