2 0.26849 0.331481 0.0265625 0.0444444 0.312934
2 0.530729 0.238889 0.0395833 0.0388889 0.356093
0 0.898698 0.474537 0.00989583 0.0490741 0.439783
2 0.559375 0.20787 0.03125 0.0361111 0.441386
5 0.214844 0.289352 0.0557292 0.0990741 0.47206
9 0.974219 0.737963 0.0109375 0.0518519 0.473628
0 0.914062 0.734722 0.0177083 0.0842593 0.48911
0 0.93724 0.792593 0.0213542 0.0722222 0.549893
0 0.886198 0.600926 0.0140625 0.0611111 0.562619
2 0.465625 0.393056 0.034375 0.0842593 0.562878
0 0.928646 0.741204 0.015625 0.075 0.621252
5 0.229948 0.406481 0.0557292 0.164815 0.679343
7 0.411719 0.409259 0.0463542 0.133333 0.696019
7 0.76875 0.92037 0.134375 0.155556 0.697257
5 0.53125 0.165741 0.0854167 0.0851852 0.703227
2 0.491146 0.318981 0.0375 0.0601852 0.74515
2 0.490625 0.455556 0.053125 0.0833333 0.781972
2 0.571094 0.54213 0.0921875 0.128704 0.817287
2 0.711198 0.440741 0.0744792 0.0722222 0.868518
2 0.465104 0.516204 0.0666667 0.0990741 0.875746
2 0.446615 0.612037 0.0765625 0.127778 0.883362
2 0.610677 0.676389 0.105729 0.141667 0.892841
