2 0.841667 0.102315 0.0166667 0.0268519 0.262463
3 0.254167 0.319444 0.0197917 0.037037 0.274566
0 0.909115 0.702315 0.0140625 0.037963 0.3336
9 0.974219 0.738426 0.0119792 0.0527778 0.384
7 0.95 0.298148 0.1 0.596296 0.394497
0 0.926562 0.929167 0.0260417 0.075 0.421079
2 0.48099 0.228704 0.0380208 0.0444444 0.489074
7 0.0377604 0.598611 0.0755208 0.121296 0.514241
0 0.890625 0.715278 0.0145833 0.0657407 0.54432
5 0.0377604 0.598611 0.0744792 0.123148 0.63248
5 0.442708 0.218981 0.121875 0.112037 0.743154
2 0.378906 0.330556 0.0588542 0.0833333 0.766894
2 0.446354 0.279167 0.046875 0.0583333 0.814543
2 0.349479 0.725 0.0864583 0.166667 0.828281
2 0.15599 0.544444 0.0651042 0.0962963 0.843267
