0 0.917969 0.504167 0.0130208 0.0583333 0.252679
0 0.895312 0.395833 0.0135417 0.0564815 0.259019
0 0.927083 0.716204 0.0177083 0.0601852 0.262232
9 0.351302 0.352778 0.0130208 0.0407407 0.279656
2 0.833073 0.141667 0.0161458 0.0259259 0.284317
2 0.841927 0.102315 0.0130208 0.025 0.285459
0 0.0635417 0.583796 0.015625 0.0509259 0.295934
0 0.936458 0.796759 0.0229167 0.0694444 0.369559
9 0.973698 0.738426 0.0119792 0.0546296 0.371898
0 0.905208 0.49213 0.0125 0.062037 0.397104
2 0.209375 0.283796 0.0385417 0.0768519 0.448787
0 0.88151 0.746296 0.0192708 0.0759259 0.58969
2 0.534896 0.187963 0.0302083 0.0333333 0.596805
2 0.510417 0.252315 0.0364583 0.0453704 0.611263
2 0.396094 0.295833 0.0484375 0.0583333 0.634148
5 0.44401 0.218981 0.122396 0.110185 0.698284
2 0.451302 0.493981 0.0661458 0.121296 0.764158
2 0.451562 0.306944 0.0510417 0.0564815 0.790824
2 0.408333 0.441204 0.0354167 0.0675926 0.796663
2 0.390104 0.387037 0.0385417 0.0740741 0.799154
2 0.758073 0.936574 0.124479 0.125 0.80638
2 0.669271 0.62963 0.105208 0.140741 0.855298
7 0.548437 0.624074 0.155208 0.264815 0.882491
2 0.834896 0.858796 0.121875 0.150926 0.894154
