0 0.917188 0.723611 0.0166667 0.0712963 0.255044
5 0.452344 0.263889 0.0484375 0.0611111 0.289647
2 0.864062 0.0939815 0.0145833 0.0268519 0.298856
0 0.972917 0.741204 0.0114583 0.0490741 0.345715
9 0.973437 0.738889 0.0114583 0.05 0.355862
0 0.951823 0.726389 0.0151042 0.0583333 0.358321
0 0.86224 0.793519 0.0161458 0.0703704 0.380753
5 0.232292 0.325 0.053125 0.0962963 0.387223
7 0.232812 0.325463 0.053125 0.0953704 0.420868
2 0.484375 0.226852 0.0364583 0.0407407 0.433783
5 0.43776 0.224537 0.110937 0.0953704 0.472098
2 0.9125 0.962037 0.1125 0.0740741 0.474926
2 0.839063 0.106944 0.0177083 0.0287037 0.475772
0 0.889844 0.506481 0.00989583 0.0537037 0.500162
2 0.232031 0.325 0.0536458 0.0962963 0.576038
2 0.396094 0.318519 0.0546875 0.0703704 0.695984
2 0.453646 0.268519 0.0447917 0.0574074 0.700017
2 0.270573 0.425926 0.0338542 0.0666667 0.739388
2 0.660937 0.769444 0.128125 0.177778 0.916478
