0 0.446615 0.656018 0.0286458 0.0861111 0.254231
9 0.351823 0.352315 0.0119792 0.0416667 0.262336
0 0.884635 0.662037 0.0119792 0.0555556 0.262582
2 0.560938 0.20787 0.0302083 0.0361111 0.264886
0 0.913021 0.737037 0.015625 0.062963 0.272535
7 0.663021 0.253241 0.05625 0.0824074 0.273243
2 0.261198 0.308796 0.0338542 0.0583333 0.298545
2 0.839583 0.0981481 0.01875 0.0314815 0.316964
0 0.928385 0.74213 0.0130208 0.0638889 0.320638
7 0.23125 0.325926 0.0520833 0.0981481 0.334772
0 0.895573 0.441204 0.00885417 0.0453704 0.336677
2 0.23125 0.324537 0.053125 0.0990741 0.346677
0 0.936458 0.796759 0.01875 0.0657407 0.347336
2 0.490104 0.269907 0.0385417 0.0435185 0.434395
2 0.459115 0.299074 0.0432292 0.0481481 0.441285
0 0.973698 0.738426 0.0119792 0.0527778 0.461206
2 0.530469 0.2375 0.0369792 0.037963 0.46596
2 0.258073 0.395833 0.0328125 0.0601852 0.567305
7 0.418229 0.424074 0.0583333 0.17037 0.6103
2 0.771875 0.356481 0.040625 0.0592593 0.65965
2 0.48125 0.350926 0.034375 0.0685185 0.682118
5 0.206771 0.529167 0.071875 0.256481 0.725725
5 0.496615 0.184722 0.100521 0.0935185 0.771353
2 0.476562 0.424537 0.0510417 0.0898148 0.797116
2 0.519792 0.489352 0.0645833 0.0861111 0.806249
2 0.638281 0.610648 0.107813 0.147222 0.86611
2 0.509896 0.564815 0.0791667 0.112963 0.868668
2 0.711198 0.781482 0.121354 0.174074 0.884126
2 0.53099 0.725 0.100521 0.159259 0.884247
