9 0.959115 0.225463 0.0807292 0.0490741 0.255438
7 0.959375 0.225 0.08125 0.0481481 0.256847
0 0.913021 0.738889 0.0166667 0.0537037 0.263983
0 0.9 0.393519 0.0114583 0.0462963 0.268576
0 0.941406 0.789352 0.0192708 0.0601852 0.298314
2 0.273438 0.428704 0.0385417 0.103704 0.320693
7 0.273958 0.428241 0.0385417 0.10463 0.344452
2 0.209896 0.284259 0.0364583 0.0703704 0.352118
5 0.210417 0.284722 0.0375 0.0712963 0.380999
2 0.442187 0.258333 0.0416667 0.0518519 0.399662
7 0.670833 0.261574 0.0708333 0.102778 0.414211
9 0.973698 0.7375 0.0119792 0.0527778 0.428234
2 0.560677 0.207407 0.0296875 0.037037 0.457093
2 0.811719 0.212037 0.0192708 0.037037 0.498384
2 0.527604 0.240741 0.0375 0.0407407 0.498778
5 0.423438 0.231944 0.071875 0.0972222 0.521235
0 0.88151 0.74537 0.0171875 0.0703704 0.544337
0 0.929427 0.74213 0.0161458 0.0731481 0.599118
2 0.963802 0.918056 0.0723958 0.15463 0.631215
5 0.477865 0.198611 0.0546875 0.075 0.648151
2 0.485938 0.274074 0.0395833 0.0444444 0.648588
2 0.485417 0.408333 0.0395833 0.0777778 0.667829
7 0.415365 0.426852 0.0338542 0.105556 0.732439
2 0.434375 0.328704 0.0416667 0.0555556 0.746867
5 0.19375 0.49537 0.0833333 0.22963 0.794648
7 0.471615 0.525926 0.111979 0.225926 0.847325
2 0.540365 0.497222 0.0796875 0.12037 0.85547
2 0.652083 0.616204 0.0875 0.117593 0.875962
2 0.789844 0.874537 0.128646 0.193519 0.906731
2 0.644792 0.703241 0.105208 0.137963 0.906868
2 0.628125 0.837963 0.128125 0.190741 0.913649
