0 0.926562 0.718982 0.0197917 0.0694444 0.305555
0 0.905469 0.466667 0.0130208 0.0703704 0.308187
0 0.0619792 0.601389 0.0114583 0.0453704 0.31594
2 0.45026 0.256481 0.0432292 0.05 0.364444
9 0.974219 0.737963 0.0109375 0.0537037 0.428779
0 0.936719 0.797222 0.0234375 0.0703704 0.433713
7 0.503125 0.548611 0.0875 0.139815 0.434233
2 0.510156 0.208333 0.0328125 0.0407407 0.55401
2 0.209896 0.284722 0.0364583 0.0768519 0.576039
2 0.503385 0.549074 0.0890625 0.140741 0.61123
0 0.882031 0.747222 0.0171875 0.0777778 0.614049
5 0.442448 0.217593 0.122396 0.109259 0.641341
2 0.395052 0.295833 0.0515625 0.0564815 0.713339
2 0.389583 0.390741 0.0354167 0.0759259 0.751413
2 0.485156 0.278704 0.0359375 0.05 0.764752
2 0.409635 0.444444 0.0390625 0.0703704 0.802619
2 0.425781 0.331481 0.0505208 0.0592593 0.853442
2 0.838542 0.794444 0.11875 0.177778 0.877803
7 0.677344 0.765278 0.196354 0.341667 0.893858
