2 0.834375 0.140741 0.015625 0.0240741 0.251619
0 0.872396 0.443981 0.0114583 0.0527778 0.260659
5 0.479427 0.198148 0.0526042 0.0703704 0.27448
0 0.936719 0.796759 0.0223958 0.0712963 0.27648
7 0.66276 0.251852 0.0557292 0.0777778 0.276755
2 0.842188 0.103704 0.0135417 0.0259259 0.306206
2 0.782812 0.948148 0.13125 0.101852 0.327695
2 0.401563 0.412037 0.0427083 0.0740741 0.346567
2 0.209115 0.281944 0.0411458 0.0787037 0.356393
9 0.973698 0.737963 0.0119792 0.0537037 0.36702
0 0.0638021 0.583796 0.0151042 0.0546296 0.440679
2 0.44974 0.259722 0.0390625 0.0453704 0.473732
0 0.903646 0.47963 0.0114583 0.0574074 0.489409
7 0.782812 0.948148 0.130208 0.101852 0.501263
0 0.882031 0.746296 0.0182292 0.0740741 0.52997
2 0.396615 0.296296 0.0494792 0.0592593 0.594944
2 0.458073 0.499537 0.0723958 0.125 0.618313
2 0.530208 0.192593 0.0302083 0.037037 0.629451
2 0.505469 0.25787 0.0348958 0.0435185 0.629958
5 0.44401 0.218519 0.121354 0.112963 0.637996
2 0.895573 0.891204 0.121354 0.150926 0.648295
2 0.389844 0.390278 0.0390625 0.0731481 0.734343
2 0.408594 0.440278 0.0369792 0.0694444 0.774392
2 0.44349 0.314352 0.0473958 0.0564815 0.774762
2 0.692969 0.653704 0.104687 0.15 0.845653
7 0.566667 0.645833 0.1625 0.280556 0.90953
