0 0.792188 0.980093 0.0177083 0.037963 0.267581
2 0.21224 0.285648 0.0390625 0.0712963 0.278862
0 0.0877604 0.512037 0.0244792 0.0648148 0.326444
0 0.922396 0.723148 0.0166667 0.0703704 0.334076
9 0.973958 0.7375 0.0114583 0.0490741 0.433119
2 0.817708 0.87963 0.140625 0.224074 0.442266
2 0.522917 0.213889 0.0447917 0.05 0.452416
0 0.896354 0.457407 0.0114583 0.0462963 0.454625
5 0.425521 0.225463 0.084375 0.0898148 0.464877
2 0.841146 0.109259 0.0145833 0.0259259 0.484594
0 0.896875 0.531482 0.0114583 0.0592593 0.486289
2 0.485156 0.227315 0.0390625 0.0398148 0.497598
2 0.450521 0.257407 0.0416667 0.0462963 0.523981
2 0.595312 0.159722 0.021875 0.0324074 0.541252
0 0.882031 0.746296 0.0171875 0.0722222 0.56037
7 0.817448 0.880556 0.142188 0.225926 0.575646
2 0.395573 0.296296 0.0505208 0.0574074 0.741566
2 0.527604 0.491204 0.0614583 0.10463 0.789584
2 0.396354 0.381481 0.0447917 0.0759259 0.853222
2 0.429427 0.500463 0.0609375 0.0990741 0.868702
2 0.522917 0.622685 0.0864583 0.132407 0.887201
