0 0.449479 0.659722 0.0354167 0.0972222 0.282621
0 0.907031 0.406019 0.0109375 0.0472222 0.288878
2 0.84401 0.0986111 0.0130208 0.025 0.316578
2 0.347656 0.358333 0.0588542 0.0777778 0.402205
9 0.973958 0.737963 0.0114583 0.0537037 0.414022
0 0.901042 0.897685 0.01875 0.0824074 0.506903
0 0.882552 0.894444 0.0161458 0.0703704 0.585844
2 0.452604 0.252778 0.0447917 0.0462963 0.663448
2 0.175 0.482407 0.0625 0.087037 0.773229
2 0.349219 0.723611 0.0848958 0.163889 0.801855
5 0.44349 0.221296 0.118229 0.114815 0.81867
2 0.255208 0.440741 0.0666667 0.0981481 0.836917
2 0.697656 0.615741 0.0755208 0.127778 0.837013
