2 0.209115 0.281944 0.0359375 0.0694444 0.259532
0 0.939844 0.791204 0.0234375 0.0712963 0.269884
2 0.839583 0.1 0.0177083 0.0277778 0.302595
2 0.459115 0.299537 0.0432292 0.0472222 0.323895
7 0.667708 0.259722 0.0645833 0.0935185 0.327858
0 0.914323 0.73287 0.0182292 0.0694444 0.34298
9 0.973958 0.737037 0.0125 0.0518519 0.354043
2 0.490625 0.269444 0.0385417 0.0425926 0.363235
0 0.879948 0.721759 0.0161458 0.0675926 0.382172
5 0.238281 0.372222 0.0546875 0.140741 0.416469
2 0.276563 0.340741 0.034375 0.0740741 0.426127
0 0.929167 0.739352 0.015625 0.0694444 0.429669
2 0.529167 0.238889 0.0375 0.0388889 0.433657
0 0.896094 0.419444 0.0109375 0.0537037 0.441862
2 0.79375 0.275 0.025 0.05 0.489312
7 0.238021 0.372685 0.0552083 0.141667 0.506069
2 0.1625 0.534722 0.0583333 0.0935185 0.652372
2 0.479688 0.381019 0.034375 0.0787037 0.726353
2 0.774219 0.856944 0.127604 0.187963 0.794554
2 0.742448 0.699537 0.127604 0.163889 0.84417
2 0.565625 0.536574 0.0729167 0.0935185 0.856079
2 0.503385 0.4625 0.0630208 0.0990741 0.856341
5 0.463802 0.208796 0.110937 0.110185 0.859502
7 0.434375 0.468056 0.0822917 0.191667 0.870031
5 0.246354 0.752315 0.138542 0.419444 0.873209
2 0.572396 0.631481 0.0895833 0.133333 0.887744
2 0.611719 0.816204 0.123438 0.180556 0.90609
