5 0.209635 0.283333 0.0369792 0.0722222 0.257596
5 0.23776 0.377778 0.0411458 0.116667 0.264732
0 0.940104 0.791667 0.0239583 0.0703704 0.266308
7 0.94974 0.297222 0.100521 0.592593 0.270262
2 0.839844 0.100463 0.0171875 0.0268519 0.27667
2 0.209375 0.28287 0.0364583 0.0712963 0.292977
2 0.560677 0.208796 0.0286458 0.037963 0.319123
7 0.667708 0.259259 0.0645833 0.0944444 0.340358
9 0.973958 0.737037 0.0125 0.0518519 0.351342
0 0.914323 0.733796 0.0182292 0.0694444 0.36705
0 0.896615 0.421296 0.0109375 0.05 0.372458
2 0.490104 0.269907 0.0395833 0.0435185 0.415957
2 0.275521 0.335648 0.0333333 0.0694444 0.445602
2 0.529167 0.238889 0.0364583 0.0407407 0.450654
2 0.459375 0.298611 0.0416667 0.0453704 0.475014
0 0.928906 0.740278 0.0151042 0.0675926 0.496685
2 0.791927 0.286574 0.0255208 0.0453704 0.503446
0 0.880208 0.713426 0.015625 0.0712963 0.52082
2 0.498958 0.455093 0.0614583 0.0990741 0.670503
2 0.479688 0.375926 0.034375 0.0796296 0.711342
2 0.18125 0.512037 0.05625 0.0907407 0.716431
2 0.722135 0.678241 0.128646 0.173148 0.751294
7 0.430469 0.460648 0.0786458 0.186111 0.866265
5 0.46849 0.206019 0.113021 0.110185 0.866412
5 0.23724 0.71713 0.118229 0.393519 0.882491
2 0.559375 0.529167 0.0729167 0.0990741 0.883804
2 0.564323 0.624074 0.0880208 0.125926 0.894595
2 0.772656 0.852778 0.127604 0.188889 0.896534
2 0.608594 0.812963 0.128646 0.177778 0.912359
