0 0.927083 0.734259 0.01875 0.0722222 0.255119
9 0.351302 0.352315 0.0130208 0.0416667 0.257421
0 0.895312 0.396296 0.0135417 0.0537037 0.257535
2 0.841927 0.102315 0.0130208 0.025 0.27786
2 0.45 0.260185 0.0395833 0.0444444 0.302496
0 0.917448 0.516204 0.0130208 0.0564815 0.318563
2 0.832552 0.143056 0.0171875 0.025 0.381605
9 0.973698 0.738426 0.0119792 0.0546296 0.385417
0 0.936458 0.796759 0.0229167 0.0694444 0.393687
2 0.209635 0.284259 0.0390625 0.0759259 0.478377
0 0.904948 0.494444 0.0140625 0.0555556 0.481078
0 0.88151 0.746296 0.0192708 0.0759259 0.577533
2 0.536979 0.184722 0.028125 0.0324074 0.58116
2 0.396094 0.296296 0.0484375 0.0592593 0.619986
5 0.44349 0.218056 0.123438 0.112037 0.677284
2 0.451302 0.491667 0.0661458 0.12037 0.689791
2 0.51224 0.251852 0.0380208 0.0444444 0.710311
2 0.453906 0.303241 0.0473958 0.0546296 0.780376
2 0.407552 0.440741 0.0338542 0.0685185 0.792952
2 0.753906 0.931944 0.131771 0.134259 0.811565
2 0.389323 0.386111 0.0380208 0.0685185 0.812588
2 0.807813 0.84537 0.122917 0.157407 0.863653
7 0.542188 0.615278 0.151042 0.262037 0.875681
2 0.659375 0.616667 0.0989583 0.131481 0.882522
