2 0.595573 0.160185 0.0192708 0.0333333 0.264629
0 0.922656 0.721759 0.0161458 0.0694444 0.275228
2 0.489583 0.223148 0.0354167 0.0351852 0.317426
7 0.663021 0.252778 0.0572917 0.0814815 0.354699
9 0.974219 0.7375 0.0119792 0.0527778 0.375788
0 0.935938 0.796759 0.021875 0.0694444 0.381865
0 0.0596354 0.628241 0.0119792 0.0509259 0.382927
2 0.449219 0.25787 0.0411458 0.0453704 0.395536
0 0.889844 0.479167 0.0119792 0.0546296 0.475572
2 0.209896 0.283333 0.0375 0.0777778 0.494133
0 0.882031 0.745833 0.0171875 0.0731481 0.558191
2 0.396354 0.296296 0.05 0.0592593 0.672559
5 0.441146 0.218519 0.125 0.107407 0.678888
2 0.639844 0.701852 0.121354 0.192593 0.731766
7 0.883854 0.883796 0.205208 0.228704 0.751566
2 0.431771 0.488426 0.0520833 0.0935185 0.801157
2 0.391927 0.406019 0.0338542 0.0842593 0.825432
2 0.41849 0.340741 0.0515625 0.062963 0.847567
2 0.46901 0.341667 0.0296875 0.0611111 0.855387
