2 0.482031 0.229167 0.0348958 0.037963 0.263057
7 0.667188 0.255556 0.0645833 0.0888889 0.266517
5 0.451042 0.26713 0.05 0.0638889 0.273237
0 0.930208 0.736574 0.0229167 0.062037 0.275394
9 0.973698 0.737963 0.0119792 0.0518519 0.277023
5 0.211979 0.289352 0.0385417 0.0787037 0.302187
7 0.211979 0.288889 0.0395833 0.0796296 0.323108
5 0.478385 0.192593 0.0557292 0.0574074 0.340064
0 0.0575521 0.680556 0.0119792 0.0425926 0.351633
0 0.973698 0.738889 0.0119792 0.0518519 0.365953
0 0.894531 0.431019 0.00989583 0.0472222 0.377352
7 0.956771 0.944444 0.0864583 0.109259 0.401858
0 0.922135 0.725 0.0151042 0.062963 0.413297
2 0.840365 0.106481 0.0161458 0.0314815 0.473623
0 0.882031 0.744907 0.0171875 0.0731481 0.513371
0 0.910937 0.582407 0.0145833 0.062963 0.517538
0 0.936719 0.796759 0.0234375 0.0712963 0.572914
5 0.424219 0.225463 0.0828125 0.0898148 0.609588
2 0.553646 0.190278 0.0333333 0.0398148 0.682709
2 0.453646 0.275 0.0458333 0.0574074 0.684508
2 0.395312 0.294444 0.0489583 0.0574074 0.780575
2 0.39974 0.451389 0.0442708 0.0861111 0.82802
2 0.514844 0.616667 0.0953125 0.131481 0.867801
2 0.686979 0.668519 0.0979167 0.144444 0.88848
2 0.665365 0.769907 0.118229 0.158333 0.909219
