5 0.474219 0.194907 0.0567708 0.0638889 0.269041
0 0.905208 0.799074 0.0166667 0.037037 0.292293
0 0.903646 0.818056 0.01875 0.0731481 0.344239
7 0.95 0.297222 0.1 0.594444 0.380118
9 0.974219 0.7375 0.0119792 0.0527778 0.40379
0 0.448177 0.657407 0.0317708 0.0888889 0.432294
5 0.439583 0.224537 0.113542 0.112037 0.474532
2 0.256771 0.318519 0.025 0.0333333 0.475582
2 0.472656 0.235648 0.0359375 0.0398148 0.618025
0 0.88099 0.817593 0.0203125 0.0666667 0.647054
2 0.276823 0.392593 0.0609375 0.0777778 0.754405
2 0.401302 0.309259 0.0505208 0.0574074 0.784348
2 0.55625 0.953241 0.105208 0.0898148 0.809514
2 0.349479 0.725926 0.0854167 0.164815 0.853859
