2 0.48125 0.228704 0.0395833 0.0444444 0.268991
9 0.352083 0.352778 0.0135417 0.0425926 0.281164
2 0.397396 0.31713 0.053125 0.0675926 0.312337
0 0.447656 0.658333 0.0296875 0.0907407 0.367668
2 0.384375 0.324537 0.0333333 0.0546296 0.39545
2 0.254427 0.317593 0.0203125 0.0314815 0.404075
2 0.839844 0.106944 0.0171875 0.0287037 0.449226
0 0.91875 0.493981 0.0135417 0.0712963 0.490817
0 0.890625 0.676852 0.015625 0.0759259 0.504646
9 0.973958 0.7375 0.0125 0.0527778 0.561647
5 0.44375 0.217593 0.119792 0.101852 0.567759
0 0.909375 0.853704 0.0208333 0.0851852 0.653066
2 0.446094 0.280556 0.0463542 0.0592593 0.72219
2 0.230208 0.453241 0.0489583 0.0712963 0.844444
2 0.349219 0.725463 0.0859375 0.163889 0.86051
5 0.0835937 0.548611 0.167187 0.212037 0.869659
