0 0.0533854 0.719907 0.0119792 0.0435185 0.267042
9 0.973958 0.737037 0.0125 0.0537037 0.275112
5 0.482552 0.241204 0.0411458 0.0657407 0.287101
7 0.665365 0.255556 0.0619792 0.087037 0.28739
0 0.973698 0.7375 0.0119792 0.0527778 0.295861
2 0.221354 0.305556 0.0447917 0.0833333 0.300488
2 0.839844 0.108796 0.0151042 0.0268519 0.332706
0 0.890885 0.466667 0.00989583 0.0481481 0.340544
0 0.0877604 0.510648 0.0255208 0.0638889 0.402228
0 0.935938 0.656944 0.0135417 0.0527778 0.46306
0 0.876042 0.754167 0.0145833 0.0694444 0.49198
2 0.952083 0.918056 0.09375 0.158333 0.561953
5 0.21901 0.305093 0.0484375 0.0824074 0.573597
5 0.441927 0.218519 0.123438 0.111111 0.606891
7 0.952083 0.918056 0.09375 0.158333 0.613806
2 0.482292 0.240741 0.040625 0.0666667 0.676975
2 0.396615 0.316204 0.0588542 0.0824074 0.715508
2 0.272396 0.337963 0.0260417 0.0425926 0.719739
2 0.495052 0.591204 0.0953125 0.128704 0.836553
2 0.708333 0.817593 0.126042 0.174074 0.917175
