0 0.448177 0.661111 0.0307292 0.0925926 0.276466
2 0.486979 0.227315 0.046875 0.0435185 0.282268
2 0.870833 0.562963 0.0208333 0.0296296 0.284361
2 0.450521 0.256944 0.040625 0.0416667 0.294557
9 0.351562 0.352778 0.0135417 0.0425926 0.309868
0 0.892448 0.452315 0.0109375 0.0490741 0.346252
9 0.973698 0.7375 0.0119792 0.0527778 0.365241
0 0.924219 0.630093 0.0161458 0.0712963 0.390192
0 0.921875 0.725 0.0197917 0.0722222 0.393503
7 0.667969 0.259722 0.0661458 0.0953704 0.40817
0 0.932552 0.744907 0.0203125 0.0638889 0.409611
2 0.217187 0.293981 0.04375 0.0805556 0.423294
2 0.503125 0.226389 0.04375 0.0490741 0.424482
2 0.263802 0.320833 0.0265625 0.0398148 0.43221
2 0.839583 0.10787 0.0166667 0.0287037 0.466842
5 0.435156 0.225463 0.103646 0.108333 0.480324
0 0.880208 0.746759 0.0166667 0.0712963 0.525449
2 0.403125 0.303241 0.0645833 0.0731481 0.733013
2 0.805208 0.900926 0.130208 0.168519 0.797311
2 0.446875 0.531482 0.0729167 0.105556 0.868546
2 0.629167 0.738426 0.1125 0.152778 0.878605
2 0.85625 0.831944 0.109375 0.162037 0.904124
