0 0.44974 0.659259 0.0348958 0.0962963 0.259503
0 0.901823 0.868981 0.0161458 0.0712963 0.318301
0 0.908333 0.410648 0.0114583 0.0527778 0.336772
2 0.84375 0.0981481 0.0135417 0.0259259 0.389625
0 0.883073 0.863889 0.0161458 0.062963 0.475233
9 0.973958 0.737963 0.0114583 0.0537037 0.512915
2 0.459375 0.246296 0.0375 0.0425926 0.663164
2 0.361979 0.340278 0.0520833 0.0638889 0.720583
2 0.272396 0.427315 0.0677083 0.0898148 0.753557
5 0.44349 0.221759 0.119271 0.115741 0.776256
2 0.349219 0.723611 0.0848958 0.163889 0.804533
2 0.20651 0.451852 0.0609375 0.0888889 0.832848
2 0.663281 0.711111 0.0848958 0.155556 0.88701
