5 0.479688 0.199074 0.0479167 0.0703704 0.283291
0 0.924219 0.733796 0.0213542 0.0694444 0.299526
0 0.915104 0.52037 0.0125 0.05 0.323303
2 0.210677 0.283333 0.0380208 0.0722222 0.331782
7 0.441927 0.487963 0.0515625 0.118519 0.333754
2 0.557552 0.168981 0.0255208 0.0305556 0.338096
7 0.66276 0.254167 0.0578125 0.0842593 0.344855
0 0.93099 0.526852 0.0151042 0.0648148 0.394445
9 0.974479 0.737037 0.0114583 0.0555556 0.43634
2 0.442187 0.488426 0.0510417 0.121296 0.463802
7 0.504167 0.935648 0.15625 0.125 0.494462
5 0.447135 0.209259 0.114063 0.0944444 0.517777
2 0.83151 0.147685 0.0192708 0.0305556 0.546989
2 0.408073 0.4375 0.0338542 0.0638889 0.624469
0 0.882031 0.74537 0.0192708 0.0759259 0.625314
2 0.527865 0.2375 0.0317708 0.0398148 0.656884
2 0.396094 0.295833 0.0494792 0.0583333 0.677482
2 0.48099 0.280556 0.0442708 0.0481481 0.695011
2 0.395312 0.370833 0.0427083 0.0675926 0.768638
2 0.590625 0.547685 0.08125 0.115741 0.799847
2 0.690625 0.897685 0.133333 0.19537 0.818969
2 0.92474 0.878241 0.123438 0.197222 0.843721
7 0.517708 0.581481 0.139583 0.25 0.88499
2 0.86224 0.925926 0.130729 0.146296 0.887173
2 0.679427 0.739352 0.110937 0.150926 0.900612
