0 0.448177 0.65787 0.0317708 0.0861111 0.274637
7 0.951823 0.297685 0.0963542 0.59537 0.282617
2 0.321354 0.379167 0.065625 0.0805556 0.307282
2 0.842969 0.099537 0.0171875 0.0324074 0.331847
5 0.418229 0.239815 0.0697917 0.103704 0.347075
0 0.90599 0.782407 0.0130208 0.0296296 0.352978
9 0.974219 0.737037 0.0119792 0.0518519 0.368509
2 0.255469 0.318056 0.0255208 0.0324074 0.376685
0 0.883854 0.795833 0.0166667 0.0564815 0.504624
2 0.47526 0.233796 0.0369792 0.0416667 0.586212
5 0.441667 0.224537 0.123958 0.125 0.613909
2 0.294271 0.378704 0.0552083 0.0722222 0.766296
2 0.411979 0.304167 0.0489583 0.0657407 0.781092
2 0.349479 0.725463 0.0854167 0.163889 0.847071
