2 0.254167 0.317593 0.0197917 0.0314815 0.300675
7 0.949479 0.296296 0.101042 0.592593 0.313527
9 0.351823 0.353241 0.0140625 0.0435185 0.328753
9 0.974219 0.737037 0.0119792 0.0518519 0.470085
0 0.859115 0.917593 0.0203125 0.062963 0.479677
7 0.455208 0.925 0.123958 0.146296 0.512986
2 0.392448 0.297685 0.0473958 0.0527778 0.614348
2 0.202344 0.47037 0.0557292 0.0740741 0.666941
5 0.435677 0.22037 0.128646 0.116667 0.67611
7 0.601042 0.874074 0.141667 0.246296 0.732821
2 0.782552 0.334722 0.0369792 0.0601852 0.740809
2 0.143229 0.554167 0.0708333 0.117593 0.743081
2 0.247917 0.447222 0.0614583 0.087037 0.828969
2 0.34974 0.725 0.0859375 0.162963 0.84271
