5 0.474479 0.193981 0.05625 0.0601852 0.253998
2 0.29375 0.403704 0.0479167 0.0592593 0.294701
0 0.903906 0.812037 0.0182292 0.0555556 0.355753
7 0.95026 0.297222 0.0994792 0.594444 0.377735
9 0.974219 0.7375 0.0119792 0.0527778 0.403274
0 0.448177 0.657407 0.0317708 0.0888889 0.434582
2 0.257292 0.317593 0.025 0.0314815 0.503659
5 0.435937 0.222222 0.107292 0.105556 0.548467
0 0.88099 0.813889 0.0192708 0.0555556 0.573488
2 0.471615 0.234722 0.0348958 0.037963 0.600888
2 0.273958 0.396296 0.059375 0.0722222 0.697949
2 0.399479 0.315278 0.0520833 0.062037 0.725888
2 0.349479 0.725926 0.0854167 0.164815 0.85408
2 0.559375 0.94537 0.109375 0.105556 0.857171
