0 0.927083 0.716667 0.0177083 0.0611111 0.266572
9 0.351302 0.352778 0.0130208 0.0407407 0.272786
0 0.895052 0.396759 0.0140625 0.0601852 0.274623
0 0.921094 0.496296 0.0161458 0.062963 0.279386
2 0.841667 0.102315 0.0135417 0.025 0.294387
0 0.0638021 0.584722 0.0151042 0.0509259 0.299801
9 0.973698 0.740741 0.0119792 0.0574074 0.348481
0 0.936458 0.796759 0.0229167 0.0694444 0.355486
2 0.209375 0.283333 0.0395833 0.0777778 0.43801
0 0.905208 0.493519 0.0135417 0.062963 0.441467
2 0.533594 0.190741 0.0307292 0.0351852 0.567587
0 0.88151 0.746759 0.0192708 0.075 0.588501
2 0.395573 0.296296 0.0505208 0.0574074 0.609275
2 0.509635 0.253241 0.0390625 0.0472222 0.624067
2 0.453125 0.49537 0.0697917 0.122222 0.666334
5 0.44401 0.218519 0.122396 0.109259 0.699824
2 0.44974 0.30787 0.0515625 0.0564815 0.766512
2 0.408333 0.441667 0.0354167 0.0685185 0.78901
2 0.765365 0.940278 0.124479 0.117593 0.791267
2 0.676042 0.63287 0.104167 0.14537 0.795657
2 0.390104 0.3875 0.0385417 0.0731481 0.809332
2 0.843229 0.863889 0.130208 0.161111 0.85247
7 0.551302 0.630093 0.158854 0.276852 0.856739
