0 0.0872396 0.511111 0.0255208 0.062963 0.260976
2 0.839583 0.110185 0.0145833 0.0259259 0.298945
0 0.936198 0.800926 0.0161458 0.062963 0.310904
0 0.944792 0.749074 0.0114583 0.0462963 0.361882
0 0.446875 0.659722 0.03125 0.0935185 0.367502
9 0.973698 0.737963 0.0130208 0.0518519 0.379709
0 0.84974 0.824074 0.0140625 0.0611111 0.449771
2 0.264583 0.325926 0.025 0.0388889 0.475216
0 0.8875 0.568056 0.0135417 0.0675926 0.496032
2 0.48099 0.228704 0.0348958 0.0407407 0.506297
5 0.442187 0.22037 0.122917 0.112963 0.616363
2 0.395052 0.323148 0.0536458 0.062963 0.693712
2 0.445573 0.276389 0.0494792 0.062037 0.699826
2 0.899219 0.960185 0.118229 0.0777778 0.701783
5 0.23125 0.379167 0.0552083 0.137963 0.793964
2 0.308854 0.629167 0.0614583 0.136111 0.891021
