2 0.870833 0.563426 0.0208333 0.0305556 0.258617
0 0.921094 0.618981 0.0171875 0.0694444 0.263213
0 0.936979 0.798148 0.0239583 0.0685185 0.273192
3 0.259896 0.314352 0.0260417 0.0416667 0.276609
2 0.215885 0.293519 0.0421875 0.0796296 0.283884
9 0.351823 0.352315 0.0130208 0.0416667 0.33155
9 0.973698 0.737963 0.0119792 0.0537037 0.341885
0 0.930469 0.739815 0.0213542 0.0685185 0.385516
7 0.668229 0.259259 0.0666667 0.0962963 0.39873
0 0.921354 0.725463 0.01875 0.0694444 0.399922
5 0.436979 0.225 0.107292 0.111111 0.448967
2 0.839323 0.10787 0.0161458 0.0287037 0.481329
0 0.881771 0.747222 0.0197917 0.0759259 0.561821
2 0.482552 0.227778 0.0369792 0.0388889 0.598062
2 0.415625 0.306019 0.0510417 0.0601852 0.640387
2 0.517448 0.218519 0.0390625 0.05 0.671592
2 0.432552 0.510648 0.0619792 0.100926 0.882272
2 0.600521 0.709722 0.108333 0.150926 0.889514
2 0.814062 0.791204 0.109375 0.162037 0.891029
2 0.769531 0.875926 0.129688 0.17963 0.904092
