2 0.842708 0.105556 0.0177083 0.0351852 0.263664
2 0.480729 0.228241 0.0375 0.0416667 0.326698
0 0.840365 0.89537 0.0182292 0.0611111 0.332507
0 0.909375 0.65787 0.0145833 0.0675926 0.379893
9 0.973958 0.737963 0.0114583 0.0537037 0.428677
0 0.903646 0.828704 0.0239583 0.0814815 0.47599
5 0.441667 0.218981 0.123958 0.108333 0.494772
0 0.922656 0.503704 0.0130208 0.0611111 0.531916
0 0.891406 0.656944 0.0130208 0.0675926 0.547131
2 0.396875 0.318981 0.0541667 0.0731481 0.564115
2 0.445312 0.280556 0.046875 0.0592593 0.714173
2 0.251823 0.421296 0.0453125 0.0685185 0.787982
2 0.347917 0.722222 0.0854167 0.161111 0.868582
5 0.111719 0.521296 0.164062 0.225926 0.914331
