0 0.0872396 0.514352 0.0255208 0.0694444 0.268995
2 0.457812 0.256944 0.0375 0.0342593 0.291347
7 0.948438 0.297222 0.103125 0.594444 0.303367
2 0.870833 0.563889 0.0208333 0.0296296 0.335234
9 0.973698 0.7375 0.0119792 0.0546296 0.372063
0 0.88151 0.637037 0.0213542 0.0759259 0.397514
2 0.80599 0.265741 0.0317708 0.0685185 0.435712
2 0.832292 0.1375 0.0177083 0.0287037 0.49263
7 0.848177 0.855093 0.0984375 0.184259 0.541368
5 0.314323 0.318519 0.167187 0.183333 0.558891
2 0.847656 0.858796 0.0984375 0.178704 0.588699
2 0.454167 0.297685 0.0427083 0.0712963 0.597077
0 0.891927 0.68287 0.0182292 0.0768519 0.619952
5 0.363281 0.273611 0.0703125 0.0972222 0.66861
2 0.776563 0.228704 0.0239583 0.0388889 0.67744
2 0.535677 0.228704 0.0390625 0.05 0.691037
2 0.580208 0.906018 0.115625 0.182407 0.752127
2 0.349479 0.725463 0.0854167 0.163889 0.825699
2 0.576302 0.722685 0.0838542 0.130556 0.848931
