2 0.210417 0.283796 0.0375 0.0731481 0.271948
0 0.91276 0.740278 0.0151042 0.0472222 0.278984
9 0.974219 0.7375 0.0119792 0.0527778 0.309479
2 0.452083 0.250926 0.046875 0.0518519 0.322828
0 0.898177 0.396296 0.0109375 0.0462963 0.330122
2 0.0208333 0.698148 0.0416667 0.101852 0.331155
2 0.560417 0.20787 0.0302083 0.0398148 0.377586
2 0.527865 0.241667 0.0369792 0.0407407 0.395025
2 0.275781 0.410648 0.0359375 0.102778 0.419635
0 0.882031 0.743981 0.0182292 0.0675926 0.46094
5 0.479948 0.198148 0.0546875 0.0759259 0.473635
2 0.264323 0.885185 0.0421875 0.0703704 0.486132
2 0.944531 0.9 0.110937 0.17963 0.493099
7 0.275521 0.408796 0.0364583 0.10463 0.501175
2 0.438542 0.322222 0.046875 0.0611111 0.50688
0 0.929427 0.743519 0.0171875 0.0685185 0.531841
5 0.425781 0.227778 0.0744792 0.1 0.535853
7 0.414323 0.423148 0.0359375 0.105556 0.590937
2 0.810417 0.217593 0.0197917 0.0351852 0.610719
2 0.484375 0.401852 0.0375 0.0777778 0.626495
2 0.488802 0.272222 0.0421875 0.0462963 0.720871
5 0.202604 0.469444 0.08125 0.211111 0.78541
2 0.533073 0.493056 0.0776042 0.113889 0.833741
7 0.464323 0.515741 0.108854 0.216667 0.863184
2 0.63099 0.596296 0.0859375 0.107407 0.879403
2 0.635938 0.698148 0.104167 0.140741 0.891158
2 0.783854 0.86713 0.128125 0.191667 0.919867
2 0.626562 0.833796 0.123958 0.186111 0.920558
