2 0.599219 0.656482 0.111979 0.174074 0.297844
0 0.935677 0.798148 0.0203125 0.0648148 0.324158
2 0.210156 0.284722 0.0369792 0.0731481 0.350494
9 0.974219 0.738889 0.0119792 0.0537037 0.41327
2 0.45026 0.258796 0.0380208 0.0435185 0.463505
7 0.598958 0.655093 0.111458 0.175 0.530195
0 0.882292 0.746296 0.0177083 0.0740741 0.540733
5 0.440365 0.22037 0.122396 0.109259 0.588083
2 0.396354 0.296296 0.05 0.0574074 0.654943
2 0.389583 0.399074 0.0333333 0.0740741 0.702757
2 0.471875 0.318981 0.028125 0.0564815 0.767398
2 0.419792 0.338426 0.0510417 0.0601852 0.80971
2 0.419531 0.470833 0.0515625 0.087963 0.820409
5 0.824219 0.862037 0.205729 0.264815 0.820956
