0 0.0552083 0.734722 0.0135417 0.062037 0.26819
0 0.938021 0.798611 0.0239583 0.0694444 0.303041
0 0.973698 0.739352 0.0119792 0.0527778 0.356938
2 0.954427 0.979167 0.0817708 0.0398148 0.357166
2 0.839844 0.109259 0.0161458 0.0277778 0.409784
0 0.94349 0.676389 0.0140625 0.0583333 0.411392
2 0.224219 0.308333 0.0494792 0.0907407 0.430967
7 0.224219 0.307407 0.0494792 0.0907407 0.476971
5 0.442969 0.217593 0.123438 0.107407 0.529615
0 0.873958 0.76713 0.0166667 0.0675926 0.53943
2 0.276563 0.356481 0.0270833 0.0537037 0.557582
2 0.396354 0.318981 0.0541667 0.0712963 0.623164
2 0.471354 0.251389 0.0458333 0.0675926 0.642866
2 0.983594 0.943981 0.0328125 0.10463 0.773677
2 0.538802 0.639352 0.0994792 0.137963 0.89018
2 0.767969 0.876389 0.131771 0.184259 0.912886
