2 0.849479 0.958796 0.096875 0.0805556 0.265711
2 0.839063 0.099537 0.0197917 0.0287037 0.271811
0 0.897396 0.454167 0.009375 0.0509259 0.293022
0 0.913542 0.737963 0.015625 0.0592593 0.299312
0 0.959635 0.815741 0.0223958 0.0648148 0.326594
7 0.6625 0.251852 0.05625 0.0814815 0.332517
2 0.458854 0.300463 0.0427083 0.0453704 0.33497
9 0.973437 0.739352 0.0114583 0.0527778 0.345398
2 0.489583 0.269907 0.040625 0.0435185 0.35191
7 0.849479 0.958796 0.096875 0.0805556 0.352523
0 0.936979 0.794907 0.01875 0.0675926 0.435183
2 0.267448 0.365741 0.0265625 0.0537037 0.441257
0 0.886198 0.636574 0.0130208 0.0638889 0.477061
2 0.530208 0.237037 0.0375 0.037037 0.503211
0 0.928906 0.743519 0.0130208 0.0685185 0.560408
2 0.504948 0.48287 0.0619792 0.0768519 0.650511
7 0.415104 0.415278 0.053125 0.167593 0.670425
5 0.221094 0.309259 0.0630208 0.131481 0.678255
2 0.472917 0.413426 0.04375 0.0842593 0.698945
5 0.510417 0.180093 0.103125 0.0972222 0.731065
2 0.754948 0.390278 0.0473958 0.062037 0.738116
2 0.484635 0.337963 0.0369792 0.0648148 0.752116
5 0.216406 0.478704 0.0703125 0.212963 0.844196
2 0.490365 0.543981 0.0713542 0.106481 0.863708
2 0.6125 0.587037 0.102083 0.138889 0.869402
2 0.49375 0.67963 0.0989583 0.146296 0.871121
2 0.675521 0.74213 0.117708 0.163889 0.903286
