0 0.0549479 0.709259 0.0119792 0.0462963 0.257232
2 0.840625 0.923611 0.139583 0.14537 0.272365
2 0.839844 0.109259 0.0151042 0.0259259 0.332333
0 0.922396 0.726389 0.0166667 0.0657407 0.347235
0 0.928125 0.640278 0.0177083 0.0657407 0.3603
0 0.973437 0.738426 0.0125 0.0527778 0.365742
0 0.929427 0.740278 0.0223958 0.0694444 0.368172
2 0.218229 0.297685 0.04375 0.0787037 0.373449
7 0.668229 0.258333 0.0677083 0.0944444 0.410114
0 0.0872396 0.5125 0.0255208 0.0638889 0.444481
0 0.891667 0.45787 0.0104167 0.0453704 0.481485
0 0.876823 0.751389 0.0161458 0.075 0.557674
2 0.490885 0.232407 0.0515625 0.0518519 0.594462
2 0.267708 0.326389 0.0270833 0.0398148 0.620511
2 0.39974 0.307407 0.0578125 0.0759259 0.648229
5 0.441927 0.219444 0.123438 0.111111 0.666077
2 0.895833 0.868981 0.1125 0.160185 0.829424
2 0.659115 0.767593 0.120312 0.162963 0.87264
2 0.464063 0.552315 0.0833333 0.113889 0.888818
