5 0.230208 0.325 0.0552083 0.0962963 0.273353
0 0.755729 0.734722 0.0322917 0.0564815 0.287486
2 0.230208 0.323611 0.0552083 0.0953704 0.287607
0 0.352604 0.352315 0.0125 0.0435185 0.326736
9 0.974219 0.738426 0.0119792 0.0527778 0.341018
0 0.758073 0.726389 0.0182292 0.0509259 0.348542
2 0.569531 0.199537 0.0213542 0.0398148 0.377118
2 0.48724 0.269907 0.0432292 0.0453704 0.378635
0 0.904167 0.481944 0.0104167 0.0509259 0.382383
0 0.9375 0.793981 0.0197917 0.0694444 0.397658
0 0.911198 0.747222 0.0140625 0.0611111 0.400009
3 0.769531 0.768056 0.0223958 0.0527778 0.400465
7 0.66276 0.251852 0.0598958 0.0796296 0.41123
0 0.928646 0.743056 0.0145833 0.0638889 0.439791
0 0.883854 0.503704 0.0104167 0.0555556 0.51032
2 0.528646 0.263889 0.0395833 0.0555556 0.550862
2 0.228906 0.88287 0.0890625 0.187963 0.720552
7 0.409635 0.379167 0.0442708 0.147222 0.738499
2 0.434115 0.477315 0.0536458 0.087963 0.836094
2 0.446615 0.610185 0.0786458 0.122222 0.860278
2 0.505208 0.473148 0.0708333 0.103704 0.879574
2 0.494271 0.555556 0.078125 0.112963 0.886045
2 0.384635 0.506481 0.0494792 0.101852 0.890649
2 0.54349 0.440278 0.0692708 0.0805556 0.892369
