7 0.949219 0.296759 0.101562 0.589815 0.296108
0 0.0872396 0.514352 0.0255208 0.0694444 0.328262
9 0.973698 0.736574 0.0119792 0.0527778 0.373257
7 0.802604 0.273611 0.0322917 0.0675926 0.427985
0 0.895833 0.636574 0.015625 0.0546296 0.44118
2 0.0205729 0.633796 0.0401042 0.0731481 0.442484
0 0.890885 0.690741 0.0203125 0.0796296 0.479507
2 0.542969 0.225 0.0380208 0.0425926 0.541456
2 0.832031 0.14213 0.0171875 0.0268519 0.552407
2 0.465104 0.27963 0.04375 0.0833333 0.562184
2 0.802865 0.274074 0.0317708 0.0666667 0.570617
2 0.772396 0.238889 0.0239583 0.0425926 0.611891
2 0.844271 0.875 0.096875 0.177778 0.795418
2 0.349479 0.725463 0.0854167 0.163889 0.82906
5 0.326302 0.311574 0.168229 0.184259 0.843771
2 0.553906 0.942593 0.115104 0.109259 0.853502
2 0.55599 0.77037 0.0901042 0.140741 0.892086
