0 0.940365 0.793056 0.0203125 0.0657407 0.258409
2 0.220052 0.298148 0.0401042 0.0777778 0.265371
2 0.450781 0.257407 0.0432292 0.0444444 0.338246
2 0.839844 0.109259 0.0151042 0.0259259 0.348132
0 0.973437 0.738426 0.0125 0.0527778 0.376324
0 0.0875 0.5125 0.025 0.0638889 0.393858
0 0.922656 0.725 0.0182292 0.0722222 0.395896
2 0.495313 0.230093 0.0447917 0.0490741 0.412519
7 0.66875 0.258333 0.06875 0.0944444 0.42444
0 0.929167 0.740278 0.021875 0.0694444 0.43503
0 0.926302 0.639815 0.0161458 0.0648148 0.449375
0 0.891146 0.456481 0.0104167 0.0481481 0.462103
2 0.266406 0.324537 0.0265625 0.037963 0.546485
0 0.878906 0.747685 0.0161458 0.0731481 0.546648
5 0.441406 0.219907 0.123438 0.112037 0.620742
2 0.400521 0.305556 0.059375 0.0740741 0.634792
2 0.829948 0.92037 0.132812 0.155556 0.816501
2 0.460156 0.548148 0.0807292 0.112963 0.86814
2 0.884115 0.853704 0.109896 0.166667 0.872919
2 0.649219 0.757407 0.116146 0.159259 0.895215
