9 0.350521 0.35463 0.0145833 0.0444444 0.260287
7 0.795313 0.305556 0.0385417 0.0777778 0.376806
0 0.929948 0.665741 0.0192708 0.0703704 0.377197
9 0.973177 0.737037 0.0140625 0.0537037 0.400169
2 0.795313 0.305093 0.0385417 0.0768519 0.416694
2 0.509635 0.219907 0.0328125 0.0398148 0.49106
0 0.0872396 0.510648 0.0234375 0.0601852 0.582478
2 0.566406 0.206019 0.0296875 0.0398148 0.61229
2 0.759896 0.271296 0.0322917 0.05 0.615446
2 0.827865 0.153241 0.0161458 0.0268519 0.647698
0 0.885156 0.721759 0.0223958 0.087963 0.698115
5 0.392969 0.258796 0.0640625 0.0861111 0.728263
2 0.494531 0.259722 0.0390625 0.0564815 0.738386
5 0.315625 0.316667 0.101042 0.133333 0.770617
2 0.827083 0.911111 0.0989583 0.175926 0.813586
2 0.34974 0.725463 0.0859375 0.163889 0.837894
2 0.0760417 0.575926 0.0604167 0.0833333 0.872491
2 0.479688 0.921296 0.109375 0.153704 0.889923
