9 0.351562 0.353241 0.0125 0.0416667 0.266267
2 0.560417 0.209722 0.03125 0.0398148 0.279821
0 0.352344 0.353704 0.0119792 0.0407407 0.290178
5 0.234635 0.337963 0.0526042 0.107407 0.306237
0 0.872917 0.443519 0.0104167 0.0518519 0.31671
2 0.266146 0.316667 0.0354167 0.0611111 0.316859
7 0.234115 0.337037 0.0515625 0.107407 0.336751
2 0.840885 0.0990741 0.0161458 0.0296296 0.337486
0 0.895312 0.433333 0.009375 0.0481481 0.344981
9 0.973698 0.738889 0.0119792 0.0518519 0.387851
0 0.913021 0.734722 0.0166667 0.0712963 0.398364
2 0.489323 0.270833 0.0401042 0.0453704 0.423872
0 0.928646 0.741204 0.0145833 0.0712963 0.442284
7 0.666927 0.260648 0.0651042 0.0990741 0.447496
2 0.459635 0.298148 0.0442708 0.0444444 0.45208
0 0.93724 0.793519 0.0203125 0.0703704 0.521482
2 0.530469 0.237037 0.0390625 0.0407407 0.541386
0 0.882031 0.680556 0.0140625 0.0666667 0.552121
2 0.782031 0.332407 0.0348958 0.0518519 0.556686
2 0.243229 0.425463 0.0385417 0.0638889 0.683768
2 0.479427 0.359722 0.0338542 0.0712963 0.686964
7 0.422656 0.4375 0.0661458 0.175 0.767646
5 0.210677 0.584722 0.0776042 0.287963 0.828829
5 0.486198 0.194907 0.106771 0.106481 0.834659
2 0.534635 0.507407 0.0671875 0.0944444 0.837461
2 0.484115 0.435185 0.0515625 0.0944444 0.846299
2 0.661979 0.633796 0.113542 0.15463 0.866969
2 0.527344 0.58287 0.0817708 0.117593 0.873331
2 0.56276 0.762037 0.109896 0.168519 0.906388
2 0.739323 0.813889 0.125521 0.17963 0.908295
