58 0.0289063 0.785185 0.0557292 0.146296 0.254918
7 0.254427 0.818981 0.201562 0.356481 0.255799
7 0.210677 0.285648 0.0401042 0.0712963 0.266361
0 0.9375 0.794444 0.0208333 0.0703704 0.303243
5 0.254427 0.818981 0.204688 0.358333 0.326387
0 0.917448 0.718056 0.0151042 0.0712963 0.352154
0 0.953125 0.561574 0.0125 0.062037 0.352769
0 0.928125 0.743519 0.015625 0.0648148 0.37598
2 0.210417 0.284722 0.0385417 0.0712963 0.392174
2 0.510417 0.257407 0.0416667 0.0407407 0.394148
7 0.6625 0.251852 0.0552083 0.0777778 0.401381
2 0.547135 0.221759 0.0338542 0.0398148 0.42304
9 0.974219 0.7375 0.0119792 0.0527778 0.435149
0 0.0106771 0.983796 0.0192708 0.0305556 0.44138
2 0.396875 0.293981 0.0458333 0.0601852 0.461185
2 0.82474 0.174537 0.0161458 0.0287037 0.464051
2 0.517708 0.463426 0.05625 0.0861111 0.470854
2 0.255729 0.819444 0.198958 0.361111 0.530901
5 0.443229 0.218981 0.121875 0.108333 0.542418
2 0.400781 0.402315 0.0359375 0.0712963 0.591102
0 0.88151 0.745833 0.0203125 0.0768519 0.641553
2 0.435677 0.473148 0.0536458 0.114815 0.743569
2 0.446354 0.309722 0.04375 0.0546296 0.768137
7 0.310417 0.680093 0.084375 0.202778 0.773932
2 0.927083 0.890741 0.0989583 0.164815 0.784943
7 0.516927 0.581944 0.139062 0.247222 0.897381
2 0.684375 0.635648 0.111458 0.152778 0.897425
2 0.668229 0.726852 0.110417 0.15 0.903027
2 0.795833 0.87963 0.130208 0.192593 0.915104
2 0.658073 0.866667 0.132812 0.190741 0.918482
