2 0.933333 0.974074 0.0927083 0.05 0.256711
2 0.840104 0.109722 0.0145833 0.0287037 0.289903
0 0.914323 0.777778 0.0171875 0.0648148 0.351171
0 0.447135 0.660185 0.0307292 0.0944444 0.390121
9 0.973698 0.737963 0.0119792 0.0518519 0.39348
5 0.222396 0.393056 0.0729167 0.150926 0.433772
0 0.936458 0.797685 0.0177083 0.0712963 0.44331
7 0.222396 0.393519 0.071875 0.15 0.457452
0 0.899219 0.778241 0.0140625 0.0694444 0.46573
2 0.48099 0.229167 0.0359375 0.0435185 0.526714
0 0.84974 0.825463 0.0140625 0.0583333 0.551146
0 0.888281 0.57963 0.0130208 0.0648148 0.573013
5 0.442969 0.221759 0.121354 0.108333 0.60917
2 0.264844 0.334259 0.0265625 0.0444444 0.636004
2 0.395052 0.323611 0.0536458 0.0657407 0.680367
2 0.444792 0.280093 0.0479167 0.0564815 0.728002
2 0.319271 0.656018 0.0708333 0.141667 0.879727
