9 0.973958 0.738426 0.0114583 0.0546296 0.25996
0 0.88724 0.444444 0.00989583 0.037037 0.26777
3 0.555469 0.548611 0.0286458 0.0657407 0.291179
2 0.838281 0.118519 0.0151042 0.0314815 0.292958
0 0.658594 0.313426 0.0130208 0.075 0.322814
0 0.916667 0.740278 0.0208333 0.0731481 0.33997
0 0.938542 0.79213 0.0229167 0.075 0.366933
0 0.929427 0.738426 0.0151042 0.0694444 0.374035
7 0.6625 0.256481 0.059375 0.0907407 0.375367
5 0.218229 0.298611 0.0625 0.119444 0.381604
0 0.904688 0.483796 0.0104167 0.0527778 0.403692
2 0.489844 0.271296 0.0401042 0.0481481 0.422383
2 0.59401 0.194907 0.0234375 0.0324074 0.456932
2 0.532552 0.236574 0.0380208 0.0398148 0.466481
2 0.465104 0.402315 0.0364583 0.0694444 0.472873
7 0.257292 0.402778 0.078125 0.12037 0.480792
2 0.464583 0.349537 0.0364583 0.0657407 0.487038
5 0.257031 0.402315 0.0786458 0.119444 0.532011
7 0.409375 0.380093 0.04375 0.147222 0.629857
2 0.228646 0.882407 0.0875 0.188889 0.723063
2 0.494531 0.463426 0.0661458 0.0990741 0.773767
2 0.433333 0.476389 0.0520833 0.0898148 0.834864
2 0.438021 0.602315 0.0729167 0.125 0.845082
2 0.384375 0.505556 0.05 0.101852 0.870393
2 0.491146 0.553241 0.0791667 0.110185 0.876162
2 0.542448 0.440278 0.0692708 0.0805556 0.883159
