2 0.842188 0.102315 0.0135417 0.025 0.252141
2 0.210677 0.283333 0.0380208 0.0703704 0.329101
0 0.925521 0.734259 0.0208333 0.0851852 0.409629
0 0.936198 0.797685 0.0234375 0.0712963 0.41875
7 0.441146 0.483333 0.053125 0.116667 0.431325
7 0.548437 0.50787 0.0895833 0.119444 0.433912
9 0.974219 0.7375 0.0119792 0.0546296 0.459775
2 0.829427 0.156019 0.0203125 0.0268519 0.548031
0 0.882292 0.745833 0.015625 0.0712963 0.558958
2 0.441667 0.483333 0.053125 0.114815 0.584663
2 0.535677 0.230556 0.0348958 0.0425926 0.591937
2 0.550521 0.509722 0.0875 0.115741 0.597391
5 0.44349 0.216667 0.120312 0.105556 0.631901
2 0.49375 0.269444 0.0416667 0.0444444 0.651205
2 0.406771 0.428241 0.0364583 0.0657407 0.685916
2 0.410677 0.34537 0.0421875 0.062963 0.69927
2 0.395833 0.295833 0.0510417 0.0564815 0.707737
7 0.419792 0.875463 0.152083 0.247222 0.773249
7 0.517448 0.586111 0.136979 0.253704 0.890024
2 0.827865 0.780093 0.123438 0.186111 0.896978
2 0.668229 0.727315 0.110417 0.150926 0.908176
2 0.818229 0.902778 0.132292 0.187037 0.911017
2 0.66849 0.876852 0.132812 0.194444 0.913371
