0 0.973698 0.738889 0.0119792 0.0537037 0.267732
0 0.936198 0.731019 0.0151042 0.037963 0.273522
2 0.471615 0.243056 0.0744792 0.0731481 0.274997
9 0.974219 0.738426 0.0119792 0.0527778 0.296221
0 0.889844 0.419444 0.00885417 0.0462963 0.299121
0 0.0872396 0.511574 0.0244792 0.0638889 0.338086
2 0.570052 0.178241 0.0234375 0.0305556 0.388277
7 0.671094 0.264352 0.0734375 0.106481 0.392584
2 0.839583 0.109259 0.0166667 0.0277778 0.399292
0 0.901302 0.559722 0.0140625 0.0712963 0.405768
0 0.936198 0.797222 0.0223958 0.0722222 0.468444
0 0.882031 0.745833 0.0171875 0.0712963 0.473934
5 0.442708 0.215741 0.120833 0.1 0.478882
7 0.889844 0.918519 0.129688 0.161111 0.509424
2 0.395312 0.29537 0.05 0.0574074 0.74106
2 0.390625 0.418056 0.034375 0.0768519 0.820539
2 0.471875 0.55787 0.0760417 0.113889 0.834597
2 0.605729 0.589815 0.0822917 0.122222 0.885516
2 0.595052 0.701389 0.104687 0.137963 0.899257
