0 0.9125 0.739815 0.0166667 0.0703704 0.314997
5 0.208594 0.271759 0.0515625 0.0824074 0.315472
0 0.88724 0.547222 0.0109375 0.0537037 0.342916
9 0.410417 0.381019 0.0427083 0.14537 0.361884
7 0.279427 0.951852 0.0942708 0.0962963 0.365687
0 0.9375 0.793981 0.0197917 0.0675926 0.409382
0 0.928906 0.742593 0.0140625 0.0703704 0.452279
9 0.973437 0.738426 0.0114583 0.0509259 0.458797
2 0.561979 0.205093 0.03125 0.0342593 0.478641
0 0.903646 0.48287 0.0104167 0.0564815 0.520337
2 0.278906 0.951852 0.0942708 0.0944444 0.522563
2 0.529948 0.2375 0.0380208 0.0398148 0.535457
2 0.50599 0.297685 0.0411458 0.0527778 0.547894
2 0.463021 0.359722 0.0364583 0.0712963 0.640732
7 0.410417 0.380556 0.04375 0.148148 0.671391
2 0.570052 0.756481 0.107813 0.155556 0.715006
2 0.470833 0.423148 0.04375 0.0759259 0.784584
2 0.40026 0.5375 0.0578125 0.112037 0.811363
2 0.525521 0.493519 0.0791667 0.116667 0.821948
2 0.442187 0.490278 0.0572917 0.0953704 0.862174
2 0.582812 0.456019 0.0802083 0.0824074 0.873706
2 0.528906 0.591204 0.0901042 0.121296 0.878897
