0 0.0614583 0.5875 0.0145833 0.0509259 0.255437
5 0.210417 0.286111 0.0375 0.0740741 0.2637
0 0.922656 0.735648 0.0203125 0.0731481 0.270828
7 0.98099 0.943519 0.0369792 0.105556 0.321765
9 0.973698 0.737963 0.0119792 0.0537037 0.326607
2 0.98125 0.944444 0.0375 0.107407 0.338739
2 0.520833 0.199537 0.028125 0.0305556 0.377391
0 0.904948 0.47037 0.0119792 0.0574074 0.391358
2 0.210417 0.285648 0.0375 0.0731481 0.46041
2 0.451302 0.257407 0.0411458 0.0444444 0.512649
0 0.936458 0.795833 0.0229167 0.0712963 0.605451
0 0.882552 0.74537 0.0182292 0.0740741 0.606198
2 0.396094 0.294907 0.0515625 0.0564815 0.6942
2 0.49401 0.268519 0.0359375 0.0444444 0.715905
2 0.472656 0.515278 0.0765625 0.128704 0.730941
5 0.443229 0.21713 0.122917 0.108333 0.766601
2 0.390365 0.390278 0.0390625 0.0712963 0.768149
2 0.408333 0.440278 0.0375 0.0712963 0.817458
2 0.432813 0.325 0.0541667 0.0574074 0.864105
2 0.752083 0.70463 0.111458 0.168519 0.88606
7 0.613802 0.700463 0.180729 0.312037 0.910392
