2 0.839323 0.112037 0.0161458 0.0259259 0.297704
9 0.351302 0.353241 0.0130208 0.0416667 0.303968
2 0.565365 0.184259 0.0234375 0.0351852 0.30808
0 0.930469 0.734259 0.0223958 0.0648148 0.31168
0 0.0877604 0.511111 0.0244792 0.062963 0.318771
7 0.210156 0.284259 0.0380208 0.0740741 0.349222
0 0.973698 0.738889 0.0130208 0.0537037 0.395557
0 0.922656 0.723148 0.0171875 0.0740741 0.430171
2 0.483073 0.228704 0.0328125 0.0351852 0.437
0 0.0614583 0.64213 0.0135417 0.0527778 0.502182
2 0.450781 0.258333 0.0421875 0.0444444 0.516612
5 0.439063 0.220833 0.1125 0.0972222 0.543895
0 0.881771 0.745833 0.0177083 0.0731481 0.571473
0 0.894531 0.501852 0.0130208 0.0574074 0.574815
2 0.721615 0.787037 0.134896 0.216667 0.651325
2 0.395573 0.296759 0.0494792 0.0564815 0.768975
2 0.401823 0.44537 0.0432292 0.087037 0.812722
2 0.479167 0.406944 0.0395833 0.0768519 0.824739
2 0.410156 0.354167 0.0484375 0.0638889 0.845268
2 0.463542 0.541204 0.071875 0.108333 0.8729
