0 0.973958 0.737963 0.0114583 0.0518519 0.271245
0 0.917448 0.475 0.0161458 0.0685185 0.306976
9 0.974219 0.737963 0.0119792 0.0537037 0.350257
0 0.0617188 0.59213 0.0140625 0.0435185 0.352752
2 0.516406 0.203241 0.0296875 0.0342593 0.376398
2 0.835156 0.134722 0.0140625 0.025 0.394091
0 0.903906 0.467593 0.0119792 0.0555556 0.434912
2 0.451042 0.256944 0.040625 0.0472222 0.451103
2 0.210156 0.284722 0.0380208 0.075 0.512878
2 0.482812 0.527315 0.0802083 0.130556 0.523286
0 0.936719 0.795833 0.0234375 0.0712963 0.539567
0 0.882292 0.745833 0.0177083 0.0731481 0.656802
2 0.395833 0.294907 0.05 0.0564815 0.740573
2 0.490365 0.271759 0.0348958 0.0453704 0.754097
2 0.389583 0.390741 0.0364583 0.0703704 0.759427
5 0.442448 0.21713 0.123438 0.108333 0.785374
2 0.408333 0.439815 0.0375 0.0722222 0.792131
2 0.784115 0.740741 0.116146 0.17037 0.794655
2 0.429688 0.329167 0.05 0.0583333 0.851225
7 0.638542 0.723148 0.186458 0.32037 0.912362
