0 0.903906 0.484259 0.00989583 0.05 0.287738
2 0.491667 0.269444 0.0364583 0.0407407 0.29511
2 0.248177 0.290741 0.0390625 0.0666667 0.303057
2 0.563802 0.206944 0.0296875 0.0398148 0.350103
9 0.973958 0.737963 0.0114583 0.0518519 0.362076
2 0.464063 0.352315 0.0364583 0.0675926 0.379499
2 0.530208 0.236111 0.034375 0.037037 0.39966
0 0.93776 0.793981 0.0192708 0.0675926 0.442937
0 0.884635 0.526852 0.0109375 0.062963 0.464866
5 0.234375 0.333796 0.053125 0.0990741 0.501201
2 0.514583 0.285185 0.0375 0.0537037 0.515153
0 0.913021 0.736574 0.015625 0.0768519 0.542167
0 0.928646 0.742593 0.0145833 0.0703704 0.559066
7 0.409896 0.380093 0.04375 0.149074 0.643191
2 0.466146 0.408333 0.0375 0.0703704 0.666693
2 0.246094 0.906018 0.0953125 0.186111 0.789648
2 0.514323 0.480556 0.0755208 0.103704 0.808004
2 0.4375 0.483333 0.0541667 0.0925926 0.814762
2 0.489062 0.671759 0.09375 0.134259 0.832841
2 0.388542 0.514352 0.0541667 0.10463 0.834951
2 0.555469 0.44537 0.0703125 0.0814815 0.846734
2 0.503646 0.566667 0.0833333 0.114815 0.880274
