2 0.254167 0.318056 0.0208333 0.0305556 0.25877
7 0.951302 0.296296 0.0973958 0.592593 0.260606
2 0.305208 0.362037 0.046875 0.0611111 0.365903
2 0.605729 0.169907 0.0197917 0.0324074 0.408545
0 0.870833 0.846296 0.021875 0.0851852 0.419416
2 0.804688 0.241667 0.025 0.0444444 0.607189
7 0.629687 0.581481 0.0739583 0.12037 0.65888
2 0.155208 0.5375 0.0645833 0.10463 0.809611
7 0.715365 0.563426 0.0776042 0.167593 0.82419
2 0.35 0.725926 0.0854167 0.166667 0.833959
5 0.413542 0.243519 0.130208 0.131481 0.90061
