0 0.917188 0.719907 0.0166667 0.0638889 0.263911
0 0.913802 0.735185 0.0161458 0.0648148 0.277999
5 0.209896 0.284722 0.0375 0.0731481 0.278334
9 0.351562 0.352315 0.0135417 0.0416667 0.282408
0 0.959375 0.814815 0.0229167 0.0666667 0.296752
0 0.93724 0.798148 0.0244792 0.0740741 0.323867
2 0.841927 0.101852 0.0130208 0.0259259 0.384842
9 0.973698 0.738426 0.0119792 0.0527778 0.388828
2 0.559375 0.210185 0.028125 0.037037 0.406965
2 0.209635 0.284259 0.0369792 0.0722222 0.408288
5 0.273438 0.478704 0.0447917 0.124074 0.427357
0 0.929167 0.743056 0.015625 0.0657407 0.443293
7 0.273177 0.478704 0.0442708 0.125926 0.480113
2 0.423177 0.272222 0.0453125 0.0611111 0.513324
0 0.88151 0.74537 0.0171875 0.0722222 0.553648
5 0.457031 0.20463 0.0953125 0.0851852 0.560967
2 0.52474 0.241667 0.0380208 0.0425926 0.580745
7 0.420833 0.438889 0.0427083 0.107407 0.584776
2 0.817448 0.197222 0.0182292 0.0333333 0.594963
2 0.480208 0.280093 0.040625 0.0472222 0.700544
2 0.421094 0.346296 0.0421875 0.062963 0.744629
2 0.490365 0.422222 0.0494792 0.0796296 0.79318
2 0.715625 0.678704 0.096875 0.140741 0.811146
5 0.18151 0.576389 0.0817708 0.271296 0.839153
7 0.4875 0.548611 0.123958 0.234259 0.843388
2 0.560417 0.52037 0.0854167 0.127778 0.863668
2 0.666146 0.726852 0.110417 0.15 0.900518
2 0.79401 0.879167 0.129688 0.189815 0.917468
2 0.639844 0.849537 0.128646 0.189815 0.920073
