0 0.922656 0.721759 0.0161458 0.0675926 0.29601
0 0.0611979 0.650926 0.0130208 0.0537037 0.304662
9 0.973958 0.7375 0.0114583 0.0509259 0.312914
2 0.840104 0.112037 0.015625 0.0259259 0.350982
9 0.0617188 0.651852 0.0130208 0.0537037 0.359358
2 0.483854 0.227778 0.034375 0.037037 0.403401
2 0.210417 0.28287 0.0385417 0.0731481 0.42975
2 0.55599 0.189815 0.0338542 0.0444444 0.515284
5 0.442187 0.219907 0.119792 0.10463 0.523071
0 0.895312 0.513426 0.0135417 0.0601852 0.541476
2 0.450781 0.258796 0.0411458 0.0435185 0.556853
0 0.881771 0.746759 0.0177083 0.0712963 0.598123
2 0.489583 0.432407 0.0458333 0.087037 0.734661
2 0.395833 0.297222 0.05 0.0574074 0.740084
2 0.752604 0.8125 0.139583 0.212037 0.765284
2 0.40599 0.359259 0.0463542 0.0648148 0.813955
2 0.477604 0.561111 0.0760417 0.116667 0.833614
2 0.408594 0.463426 0.0463542 0.0898148 0.836559
