0 0.959635 0.815278 0.0234375 0.0675926 0.254983
9 0.973958 0.737037 0.0125 0.0555556 0.398603
0 0.924479 0.730556 0.021875 0.0851852 0.401475
0 0.936458 0.797222 0.0229167 0.0703704 0.408081
2 0.209896 0.284259 0.0375 0.0722222 0.441875
7 0.541406 0.494907 0.0890625 0.121296 0.485819
2 0.534896 0.225463 0.0354167 0.0472222 0.492606
2 0.405208 0.326389 0.05 0.0675926 0.502779
2 0.440625 0.484722 0.0510417 0.115741 0.534192
2 0.404167 0.422685 0.0354167 0.0731481 0.551637
7 0.440365 0.483796 0.0515625 0.117593 0.572435
5 0.44375 0.214815 0.122917 0.103704 0.583648
0 0.882031 0.745833 0.0192708 0.075 0.61706
2 0.828125 0.159722 0.0166667 0.025 0.645309
2 0.497656 0.266204 0.0421875 0.0472222 0.694116
2 0.395833 0.29537 0.05 0.0555556 0.715379
2 0.541927 0.493981 0.0880208 0.119444 0.782119
2 0.415365 0.339815 0.0442708 0.0592593 0.824444
7 0.391146 0.843982 0.139583 0.25463 0.876917
7 0.516667 0.586111 0.1375 0.255556 0.893843
2 0.802604 0.750463 0.119792 0.182407 0.896818
2 0.808594 0.894907 0.130729 0.191667 0.907644
2 0.66875 0.726389 0.110417 0.149074 0.908532
2 0.664583 0.872685 0.135417 0.193519 0.917071
