0 0.0875 0.511111 0.025 0.062963 0.254596
9 0.973958 0.7375 0.0125 0.0546296 0.277087
9 0.351823 0.352778 0.0130208 0.0444444 0.283671
0 0.922135 0.724074 0.0140625 0.062963 0.293212
2 0.214844 0.294907 0.0380208 0.0583333 0.309266
0 0.932552 0.744444 0.0192708 0.0666667 0.3144
0 0.0596354 0.67963 0.0130208 0.0518519 0.362967
0 0.892969 0.425926 0.0109375 0.05 0.372526
2 0.839583 0.108796 0.0166667 0.0268519 0.378434
2 0.925781 0.936574 0.131771 0.123148 0.383199
2 0.46901 0.258796 0.0453125 0.0564815 0.476281
0 0.936198 0.798611 0.0223958 0.0694444 0.482701
0 0.88151 0.74537 0.0171875 0.0722222 0.487125
7 0.925 0.937037 0.130208 0.124074 0.556494
0 0.90625 0.57037 0.0145833 0.0666667 0.633105
2 0.563021 0.183796 0.0291667 0.0361111 0.655318
5 0.442708 0.216204 0.123958 0.106481 0.666717
2 0.395312 0.295833 0.05 0.0564815 0.715517
2 0.395312 0.434259 0.0385417 0.0833333 0.797602
2 0.495052 0.588889 0.0838542 0.124074 0.831123
2 0.647917 0.630093 0.090625 0.128704 0.891744
2 0.634375 0.736574 0.117708 0.152778 0.912948
