0 0.0591146 0.620833 0.0130208 0.0490741 0.261316
0 0.935938 0.797685 0.0208333 0.0657407 0.307117
0 0.886719 0.448611 0.0171875 0.0935185 0.309393
2 0.49349 0.221759 0.0380208 0.0398148 0.32706
2 0.210156 0.283796 0.0369792 0.0731481 0.363981
9 0.974219 0.738889 0.0119792 0.0537037 0.405962
7 0.604167 0.660648 0.113542 0.173148 0.450158
2 0.45026 0.259259 0.0380208 0.0425926 0.512387
0 0.882292 0.746296 0.0177083 0.0740741 0.535324
2 0.604427 0.661574 0.113021 0.175 0.595041
5 0.440625 0.219907 0.122917 0.108333 0.612781
7 0.834635 0.868056 0.210938 0.260185 0.623072
2 0.396354 0.296296 0.05 0.0574074 0.671697
5 0.834635 0.868519 0.210938 0.261111 0.681979
2 0.389844 0.400463 0.0338542 0.0731481 0.786223
2 0.419531 0.337963 0.0526042 0.0611111 0.795672
2 0.471875 0.319907 0.028125 0.0583333 0.807603
2 0.421094 0.475463 0.0515625 0.0842593 0.814286
