0 0.059375 0.657407 0.015625 0.0574074 0.25978
2 0.840365 0.111574 0.0161458 0.0268519 0.260899
7 0.670573 0.2625 0.0703125 0.100926 0.336036
1 0.936719 0.797685 0.0234375 0.0712963 0.38488
0 0.921875 0.728704 0.0197917 0.0759259 0.385614
9 0.973958 0.737037 0.0125 0.05 0.404437
5 0.42474 0.224074 0.0807292 0.0925926 0.404813
2 0.780729 0.848611 0.141667 0.213889 0.43636
2 0.484115 0.226389 0.0380208 0.0398148 0.481922
2 0.45 0.25787 0.0427083 0.0453704 0.491793
0 0.896094 0.522685 0.0119792 0.0638889 0.492888
0 0.882031 0.746296 0.0171875 0.0722222 0.557522
5 0.78099 0.848148 0.140104 0.218519 0.558343
2 0.395833 0.296296 0.0510417 0.0574074 0.674427
7 0.780729 0.846296 0.141667 0.212963 0.702674
2 0.401563 0.368519 0.04375 0.0685185 0.785132
2 0.416146 0.479167 0.053125 0.0935185 0.798211
2 0.504948 0.461111 0.0536458 0.0907407 0.798309
2 0.497656 0.591667 0.0786458 0.112963 0.823793
