0 0.913542 0.7375 0.015625 0.0583333 0.279093
2 0.458333 0.300926 0.0416667 0.0444444 0.282208
2 0.489583 0.269907 0.0395833 0.0435185 0.325337
0 0.959635 0.815741 0.0223958 0.0648148 0.327292
7 0.255208 0.301389 0.0302083 0.0546296 0.332553
7 0.66276 0.251852 0.0557292 0.0814815 0.332739
9 0.973437 0.739352 0.0114583 0.0527778 0.344292
0 0.897656 0.456481 0.00989583 0.05 0.34575
0 0.886719 0.630556 0.0130208 0.0574074 0.415246
0 0.93724 0.794444 0.0192708 0.0685185 0.447811
2 0.530208 0.2375 0.0375 0.037963 0.476291
2 0.834375 0.955093 0.102083 0.087963 0.510483
0 0.928646 0.743519 0.0135417 0.0685185 0.55957
7 0.414323 0.409259 0.0526042 0.168519 0.65886
5 0.220052 0.311574 0.0630208 0.134259 0.716574
2 0.503646 0.474074 0.0604167 0.087037 0.734482
2 0.485156 0.336111 0.0369792 0.062963 0.749174
2 0.75026 0.397222 0.0505208 0.0648148 0.781087
2 0.471094 0.411111 0.0421875 0.0851852 0.783918
5 0.217969 0.468056 0.0682292 0.19537 0.813978
5 0.517708 0.178241 0.107292 0.0935185 0.829208
2 0.60599 0.580093 0.100521 0.141667 0.851541
2 0.485156 0.5375 0.0765625 0.10463 0.872587
2 0.486458 0.668519 0.09375 0.144444 0.889672
2 0.666406 0.73287 0.116146 0.162037 0.904397
