7 0.664062 0.254167 0.0583333 0.0842593 0.270745
0 0.973698 0.7375 0.0119792 0.0527778 0.290999
2 0.840104 0.108333 0.015625 0.0277778 0.293125
2 0.219792 0.300463 0.0427083 0.0805556 0.295968
9 0.973958 0.737037 0.0125 0.0537037 0.313168
0 0.0877604 0.511574 0.0255208 0.062037 0.314425
5 0.219792 0.301389 0.0427083 0.0805556 0.34916
0 0.93125 0.646296 0.0145833 0.0685185 0.389549
0 0.891406 0.461111 0.00989583 0.0462963 0.394049
0 0.876562 0.754167 0.0145833 0.0657407 0.40973
2 0.450781 0.256481 0.0463542 0.0481481 0.467458
2 0.855469 0.934259 0.132812 0.125926 0.567894
2 0.270312 0.331944 0.0260417 0.037963 0.570745
2 0.488021 0.236111 0.046875 0.0555556 0.585993
5 0.441667 0.218519 0.122917 0.107407 0.65624
2 0.399219 0.312037 0.0578125 0.0833333 0.722708
2 0.915625 0.883333 0.108333 0.168519 0.815943
2 0.470313 0.562037 0.0875 0.12037 0.893907
2 0.673698 0.782407 0.118229 0.166667 0.915079
