2 0.918229 0.935648 0.13125 0.126852 0.255791
0 0.922917 0.720833 0.0135417 0.0583333 0.2689
9 0.973958 0.7375 0.0125 0.0546296 0.28335
0 0.0604167 0.67963 0.0125 0.0518519 0.283628
9 0.351823 0.352778 0.0130208 0.0444444 0.286157
0 0.932813 0.74537 0.01875 0.0648148 0.286753
0 0.0875 0.511574 0.025 0.0638889 0.290063
2 0.213802 0.287037 0.0432292 0.0740741 0.334001
2 0.839583 0.108796 0.0166667 0.0268519 0.384148
0 0.892448 0.425926 0.00989583 0.0481481 0.387539
0 0.881771 0.74537 0.0177083 0.0722222 0.46829
2 0.471354 0.256944 0.0458333 0.0583333 0.481579
0 0.936198 0.799074 0.0213542 0.0685185 0.511457
0 0.90599 0.568056 0.0130208 0.062037 0.580093
7 0.91875 0.933796 0.13125 0.128704 0.651346
5 0.442708 0.216667 0.123958 0.107407 0.652449
2 0.564062 0.182407 0.028125 0.0351852 0.665964
2 0.395573 0.295833 0.0505208 0.0564815 0.720219
2 0.394271 0.431944 0.0385417 0.0842593 0.811889
2 0.490104 0.581944 0.08125 0.119444 0.869541
2 0.639844 0.622685 0.0890625 0.126852 0.89232
2 0.625 0.730556 0.111458 0.15 0.904072
