2 0.842448 0.101389 0.0140625 0.0287037 0.325861
7 0.952604 0.302315 0.09375 0.602778 0.336456
9 0.351562 0.352315 0.0135417 0.0416667 0.35061
0 0.0294271 0.987037 0.0130208 0.0259259 0.365083
2 0.209896 0.283796 0.0375 0.0712963 0.396689
0 0.928385 0.743519 0.0140625 0.0666667 0.404699
2 0.820833 0.184722 0.0145833 0.0287037 0.418821
2 0.427344 0.456019 0.0515625 0.113889 0.435101
7 0.664844 0.253704 0.0609375 0.0833333 0.437949
0 0.934896 0.798148 0.0197917 0.0703704 0.454572
7 0.427604 0.455556 0.0510417 0.112963 0.46219
9 0.974479 0.738426 0.0114583 0.0527778 0.466779
5 0.44375 0.215278 0.119792 0.0990741 0.52632
2 0.407552 0.285185 0.0463542 0.0574074 0.533581
2 0.518229 0.248148 0.0385417 0.0444444 0.563884
2 0.554427 0.212963 0.0307292 0.0407407 0.565526
5 0.195312 0.691204 0.0927083 0.363889 0.574562
2 0.467187 0.290278 0.0427083 0.0509259 0.586407
0 0.88151 0.745833 0.0203125 0.075 0.589027
7 0.195833 0.690741 0.09375 0.364815 0.610461
2 0.40651 0.371296 0.0411458 0.0685185 0.617655
7 0.279948 0.551389 0.0557292 0.143519 0.663943
2 0.499479 0.440741 0.0520833 0.0888889 0.679942
2 0.598698 0.558796 0.0953125 0.134259 0.861606
7 0.508594 0.578704 0.134896 0.25 0.879102
2 0.806771 0.766204 0.104167 0.147222 0.888027
2 0.669271 0.728241 0.111458 0.152778 0.898475
2 0.646354 0.85787 0.141667 0.191667 0.909541
2 0.795833 0.879167 0.130208 0.189815 0.913754
