2 0.217187 0.253704 0.0229167 0.0240741 0.263183
5 0.448958 0.251389 0.0791667 0.0824074 0.285959
0 0.9375 0.801852 0.015625 0.0574074 0.311928
0 0.959896 0.814815 0.0229167 0.0648148 0.315279
7 0.23776 0.336111 0.0515625 0.107407 0.40227
0 0.889583 0.525463 0.0104167 0.0546296 0.42325
0 0.973437 0.740741 0.0114583 0.0537037 0.476
2 0.840104 0.10787 0.0166667 0.0305556 0.494992
0 0.952865 0.74537 0.0151042 0.0555556 0.542657
2 0.482292 0.228241 0.0375 0.0416667 0.558638
5 0.443229 0.218981 0.119792 0.100926 0.674752
2 0.394792 0.32037 0.0572917 0.0648148 0.675288
2 0.272396 0.473611 0.0375 0.0898148 0.738659
2 0.450781 0.274074 0.0432292 0.0574074 0.766642
2 0.732813 0.847222 0.142708 0.198148 0.904578
