0 0.44974 0.659722 0.0348958 0.0972222 0.280658
0 0.908073 0.408796 0.0130208 0.0546296 0.306065
0 0.900781 0.891667 0.0171875 0.0888889 0.340679
2 0.84375 0.0990741 0.0125 0.0240741 0.352951
9 0.973958 0.737963 0.0114583 0.0537037 0.42441
0 0.883594 0.880093 0.0171875 0.0638889 0.490831
2 0.455208 0.25 0.040625 0.0425926 0.601003
2 0.352865 0.35 0.0546875 0.0740741 0.700321
2 0.349219 0.723611 0.0848958 0.163889 0.799693
2 0.2625 0.434259 0.0677083 0.0962963 0.811439
2 0.188802 0.469444 0.0619792 0.0851852 0.823038
5 0.44349 0.221296 0.119271 0.114815 0.824288
2 0.68125 0.65463 0.0770833 0.138889 0.863216
