0 0.905208 0.773611 0.0145833 0.0472222 0.287622
2 0.253385 0.319907 0.0213542 0.0324074 0.301148
2 0.298177 0.379167 0.0255208 0.037963 0.313878
5 0.477865 0.232407 0.0390625 0.0388889 0.327907
0 0.909375 0.436574 0.0114583 0.0583333 0.365558
9 0.973958 0.7375 0.0125 0.0527778 0.402758
2 0.842188 0.102778 0.015625 0.0277778 0.411697
5 0.477865 0.192593 0.0546875 0.0592593 0.435229
2 0.307292 0.37037 0.04375 0.0592593 0.438556
2 0.0473958 0.65 0.0416667 0.0722222 0.493425
2 0.477083 0.23287 0.0354167 0.037963 0.551418
5 0.421094 0.236111 0.0796875 0.0981481 0.569417
0 0.884635 0.781482 0.0161458 0.0666667 0.574457
2 0.421615 0.296759 0.0463542 0.062037 0.770814
2 0.35 0.726389 0.0864583 0.163889 0.861991
