2 0.210938 0.283796 0.0375 0.0712963 0.336508
0 0.924479 0.73287 0.021875 0.0805556 0.373058
7 0.441146 0.4875 0.0520833 0.117593 0.404707
2 0.559375 0.170833 0.0239583 0.0287037 0.41746
0 0.883073 0.736111 0.0171875 0.0555556 0.444845
9 0.974219 0.7375 0.0119792 0.0546296 0.450567
7 0.559115 0.511574 0.122396 0.162037 0.489574
7 0.4875 0.920833 0.163542 0.15463 0.497193
2 0.441406 0.487037 0.0515625 0.116667 0.504021
2 0.829167 0.153241 0.015625 0.0268519 0.521231
2 0.530208 0.236111 0.03125 0.0407407 0.553907
5 0.442969 0.216667 0.121354 0.107407 0.591049
2 0.396094 0.296296 0.0494792 0.0592593 0.652359
2 0.560156 0.511574 0.123438 0.162037 0.673329
2 0.40651 0.43287 0.0348958 0.0657407 0.685157
2 0.397396 0.366667 0.0427083 0.062963 0.710142
2 0.484115 0.277315 0.0432292 0.0472222 0.712266
2 0.901823 0.853704 0.124479 0.194444 0.719866
2 0.852083 0.92037 0.135417 0.155556 0.791694
2 0.680729 0.891667 0.142708 0.196296 0.872875
7 0.517448 0.582407 0.136979 0.25 0.876892
2 0.673437 0.733333 0.108333 0.146296 0.900415
