2 0.839583 0.110185 0.0145833 0.0259259 0.291894
0 0.946615 0.753241 0.0140625 0.0453704 0.321278
0 0.888021 0.558796 0.0104167 0.0546296 0.360562
0 0.447135 0.659722 0.0307292 0.0935185 0.362414
0 0.85 0.824537 0.0135417 0.0583333 0.385771
9 0.973437 0.737963 0.0125 0.0518519 0.409675
2 0.48125 0.228704 0.0354167 0.0388889 0.458699
0 0.935156 0.798611 0.0140625 0.062037 0.466271
2 0.26224 0.323148 0.0244792 0.0351852 0.507518
5 0.235677 0.37037 0.0453125 0.135185 0.522369
7 0.235677 0.37037 0.0442708 0.133333 0.533848
5 0.442448 0.22037 0.123438 0.112963 0.622947
2 0.857031 0.941204 0.140104 0.113889 0.673403
2 0.394531 0.324074 0.0536458 0.062963 0.686189
2 0.445312 0.276389 0.046875 0.062037 0.716133
2 0.299219 0.601389 0.0557292 0.125 0.866796
