0 0.905469 0.962037 0.0244792 0.0685185 0.309703
0 0.447656 0.658333 0.0296875 0.0907407 0.378289
2 0.253646 0.320833 0.0302083 0.0398148 0.383597
0 0.916146 0.480093 0.0135417 0.0657407 0.415849
0 0.9125 0.669444 0.0114583 0.0314815 0.424462
2 0.839844 0.108333 0.0171875 0.0277778 0.427246
0 0.886719 0.965278 0.0234375 0.062037 0.429104
9 0.973958 0.737963 0.0125 0.0518519 0.503367
5 0.440625 0.219444 0.1125 0.1 0.528301
0 0.914844 0.877315 0.0244792 0.0675926 0.534125
0 0.890625 0.688426 0.0145833 0.0675926 0.596968
2 0.395573 0.312963 0.0567708 0.0759259 0.634382
2 0.445312 0.27963 0.046875 0.0574074 0.709132
5 0.0695312 0.573148 0.139062 0.201852 0.810133
2 0.348958 0.725463 0.0854167 0.163889 0.860414
2 0.207031 0.484259 0.0557292 0.0814815 0.861706
