0 0.597135 0.569907 0.0161458 0.0398148 0.269694
0 0.913021 0.739815 0.0177083 0.0777778 0.276554
0 0.595312 0.583333 0.021875 0.0611111 0.279336
0 0.885938 0.468519 0.0104167 0.0518519 0.27998
7 0.666146 0.257407 0.0645833 0.0925926 0.31758
9 0.973698 0.738889 0.0109375 0.0537037 0.33297
2 0.596875 0.17963 0.021875 0.0296296 0.353244
0 0.929167 0.740278 0.015625 0.0712963 0.367369
3 0.602083 0.601389 0.03125 0.0601852 0.383216
0 0.93776 0.792593 0.0213542 0.0703704 0.399915
5 0.223958 0.311111 0.0552083 0.0944444 0.414915
2 0.4875 0.270833 0.0447917 0.0453704 0.416009
2 0.464583 0.402315 0.0364583 0.0694444 0.419908
0 0.903646 0.483796 0.0104167 0.0527778 0.492535
2 0.464323 0.352315 0.0359375 0.0694444 0.492909
2 0.568229 0.222222 0.03125 0.0407407 0.496184
2 0.530729 0.237037 0.0385417 0.0388889 0.557018
2 0.227865 0.883333 0.0890625 0.192593 0.612927
2 0.49974 0.471759 0.0671875 0.0916667 0.655981
7 0.409896 0.378704 0.04375 0.146296 0.677774
2 0.433333 0.477315 0.0520833 0.087963 0.81868
7 0.103906 0.544444 0.0869792 0.140741 0.838914
2 0.491927 0.553704 0.0786458 0.111111 0.856871
2 0.438021 0.602315 0.0729167 0.125 0.861725
2 0.543229 0.439815 0.06875 0.0814815 0.8684
2 0.384375 0.506019 0.05 0.100926 0.879459
