0 0.959635 0.812963 0.0213542 0.0611111 0.253054
9 0.351302 0.350463 0.0130208 0.0435185 0.259003
2 0.558594 0.207407 0.0348958 0.037037 0.288758
0 0.913021 0.739352 0.015625 0.0675926 0.302179
7 0.238542 0.381481 0.0458333 0.135185 0.308702
5 0.238542 0.381481 0.0447917 0.133333 0.329398
0 0.973958 0.738426 0.0114583 0.0527778 0.345789
9 0.973958 0.738426 0.0114583 0.0546296 0.356324
2 0.529688 0.239352 0.0385417 0.037963 0.424017
0 0.903125 0.481944 0.0104167 0.0546296 0.431516
2 0.497396 0.308333 0.0395833 0.0592593 0.438162
5 0.410156 0.387963 0.0442708 0.153704 0.466967
0 0.936979 0.793056 0.0197917 0.0694444 0.469136
5 0.535937 0.160648 0.0614583 0.0712963 0.493974
0 0.886979 0.578704 0.0125 0.062963 0.502469
7 0.671354 0.264815 0.0729167 0.105556 0.516773
0 0.928646 0.74213 0.015625 0.0712963 0.569485
5 0.21224 0.281019 0.0567708 0.0972222 0.63985
7 0.410156 0.385648 0.0453125 0.156481 0.642727
2 0.683854 0.859259 0.128125 0.17963 0.680398
2 0.461458 0.380556 0.0322917 0.0777778 0.70933
2 0.548177 0.513889 0.0848958 0.122222 0.790744
2 0.48151 0.443519 0.0473958 0.0814815 0.821094
2 0.654948 0.459722 0.0838542 0.0731481 0.83812
2 0.452865 0.499537 0.0630208 0.0972222 0.863529
2 0.423958 0.575926 0.06875 0.118519 0.880731
2 0.567708 0.633333 0.103125 0.133333 0.89261
