9 0.973437 0.737037 0.0135417 0.0537037 0.27155
0 0.0872396 0.515278 0.0234375 0.0675926 0.289894
9 0.350781 0.354167 0.0140625 0.0416667 0.321688
2 0.58125 0.19537 0.03125 0.0388889 0.390081
0 0.954948 0.676852 0.0140625 0.0685185 0.423858
2 0.523438 0.209259 0.0427083 0.0425926 0.438663
2 0.788021 0.326852 0.0416667 0.0888889 0.501602
2 0.749219 0.294444 0.0317708 0.0537037 0.641372
2 0.825781 0.160185 0.0151042 0.0296296 0.66288
0 0.883854 0.728704 0.0197917 0.0833333 0.718592
2 0.513802 0.247222 0.0401042 0.05 0.746051
2 0.444531 0.973611 0.0817708 0.0527778 0.809008
2 0.34974 0.725463 0.0859375 0.163889 0.837516
2 0.816406 0.921759 0.102604 0.156481 0.845482
2 0.11224 0.536574 0.0619792 0.0842593 0.848432
5 0.354427 0.289815 0.153646 0.162963 0.855875
