0 0.930208 0.73287 0.0229167 0.0601852 0.259249
0 0.0880208 0.510648 0.025 0.0638889 0.275779
9 0.351302 0.353241 0.0130208 0.0416667 0.302366
2 0.839323 0.111574 0.0151042 0.0268519 0.337203
7 0.210156 0.284259 0.0380208 0.0740741 0.364555
0 0.973437 0.738426 0.0125 0.0527778 0.391252
7 0.71849 0.783333 0.134896 0.212963 0.394591
0 0.922917 0.722685 0.015625 0.0694444 0.403407
0 0.0614583 0.642593 0.0135417 0.0518519 0.437658
2 0.483333 0.229167 0.03125 0.0342593 0.461254
2 0.71875 0.781482 0.134375 0.216667 0.483928
2 0.450521 0.258333 0.0416667 0.0444444 0.503558
5 0.438021 0.221296 0.110417 0.0962963 0.557428
0 0.881771 0.746296 0.0177083 0.0722222 0.565203
0 0.894531 0.5 0.0119792 0.0592593 0.587637
2 0.395573 0.296759 0.0494792 0.0564815 0.764511
2 0.40026 0.446759 0.0432292 0.0824074 0.796749
2 0.478646 0.40463 0.0375 0.0759259 0.828153
2 0.410937 0.352315 0.0489583 0.0657407 0.841549
2 0.461979 0.538889 0.0697917 0.111111 0.870332
