9 0.848437 0.827778 0.0125 0.0518519 0.253996
0 0.906771 0.764352 0.015625 0.0712963 0.28025
0 0.888802 0.556481 0.0119792 0.0648148 0.284782
0 0.918229 0.762037 0.0177083 0.0666667 0.2925
0 0.93724 0.797222 0.0182292 0.0685185 0.29553
0 0.973958 0.7375 0.0114583 0.0509259 0.329255
5 0.238021 0.366667 0.0427083 0.137037 0.381072
2 0.482292 0.22963 0.0385417 0.0444444 0.39472
9 0.973698 0.737037 0.0119792 0.0518519 0.416417
0 0.978125 0.608796 0.015625 0.0731481 0.420294
0 0.946875 0.752315 0.015625 0.0509259 0.459139
2 0.839583 0.110185 0.0145833 0.0259259 0.468427
5 0.441146 0.219444 0.125 0.107407 0.528618
0 0.447656 0.662037 0.0317708 0.0981481 0.530758
2 0.260938 0.32037 0.0229167 0.0351852 0.678543
2 0.396094 0.32037 0.0557292 0.0703704 0.731748
2 0.446354 0.275926 0.0447917 0.0592593 0.737471
2 0.850521 0.936111 0.123958 0.124074 0.833812
2 0.296094 0.587037 0.0557292 0.125926 0.846662
