9 0.974219 0.738889 0.0130208 0.0537037 0.291014
7 0.664062 0.252315 0.0572917 0.0805556 0.295322
2 0.840104 0.109259 0.0145833 0.0259259 0.299806
0 0.0867188 0.5125 0.0234375 0.0638889 0.300663
0 0.922396 0.726852 0.021875 0.0740741 0.328737
2 0.450521 0.259722 0.0427083 0.0453704 0.346164
2 0.490885 0.231481 0.0536458 0.0574074 0.363386
2 0.210677 0.282407 0.0359375 0.0740741 0.377373
5 0.43099 0.216667 0.0953125 0.0907407 0.377974
7 0.871094 0.909259 0.144271 0.174074 0.456882
0 0.881771 0.745833 0.0177083 0.0712963 0.484807
0 0.899219 0.553704 0.0130208 0.062963 0.495565
0 0.936198 0.795833 0.0234375 0.075 0.503645
2 0.460156 0.543056 0.0734375 0.110185 0.731555
2 0.395573 0.296296 0.0494792 0.0555556 0.75537
2 0.391406 0.405093 0.0380208 0.075 0.802684
2 0.573438 0.684259 0.0989583 0.133333 0.821368
2 0.58151 0.559259 0.0776042 0.114815 0.840378
