2 0.48125 0.228704 0.0395833 0.0444444 0.263634
2 0.384635 0.324537 0.0338542 0.0527778 0.294226
0 0.911979 0.668519 0.0125 0.0481481 0.301062
2 0.399219 0.310185 0.0526042 0.0666667 0.321828
3 0.3875 0.327778 0.0385417 0.0537037 0.330962
0 0.833854 0.944907 0.0166667 0.0694444 0.342308
0 0.917448 0.488889 0.0130208 0.0592593 0.365477
0 0.447656 0.658333 0.0296875 0.0907407 0.367149
2 0.254427 0.317593 0.0213542 0.0314815 0.432501
2 0.840625 0.106944 0.0166667 0.0305556 0.441563
0 0.890365 0.674074 0.0151042 0.0648148 0.446829
0 0.911198 0.856481 0.0192708 0.0740741 0.518212
9 0.973958 0.7375 0.0125 0.0527778 0.560174
5 0.44375 0.216667 0.119792 0.101852 0.563247
2 0.445833 0.280093 0.046875 0.0583333 0.722089
2 0.225 0.462037 0.05 0.0777778 0.843714
2 0.349219 0.725 0.0859375 0.162963 0.854813
5 0.0786458 0.552778 0.157292 0.209259 0.873945
