7 0.663802 0.253241 0.0567708 0.0824074 0.262351
0 0.922656 0.72037 0.0151042 0.0666667 0.268699
2 0.839583 0.115278 0.0135417 0.0305556 0.293681
0 0.935938 0.797222 0.0208333 0.0666667 0.299138
2 0.210156 0.283333 0.0359375 0.0722222 0.320807
2 0.496615 0.219907 0.0390625 0.037963 0.382533
9 0.973698 0.738889 0.0119792 0.0537037 0.416627
2 0.45 0.25787 0.0395833 0.0453704 0.421673
2 0.989323 0.949074 0.0213542 0.0944444 0.486391
0 0.882292 0.746296 0.0177083 0.0740741 0.489456
7 0.81276 0.858796 0.209896 0.276852 0.518943
5 0.439583 0.22037 0.122917 0.111111 0.559268
2 0.472917 0.311111 0.0291667 0.0574074 0.646177
2 0.396354 0.295833 0.05 0.0583333 0.664056
2 0.589844 0.646296 0.108854 0.17037 0.702723
5 0.8125 0.859722 0.209375 0.278704 0.750291
2 0.389062 0.398148 0.0333333 0.0722222 0.762263
2 0.417969 0.468981 0.0505208 0.0787037 0.806737
2 0.420052 0.338426 0.0494792 0.0583333 0.826986
