1 0.936198 0.796759 0.0234375 0.0731481 0.281549
0 0.933073 0.743981 0.0213542 0.062037 0.282449
0 0.0609375 0.637963 0.0125 0.0518519 0.298214
9 0.352083 0.35463 0.0135417 0.0425926 0.3086
2 0.838542 0.113426 0.0166667 0.0287037 0.319733
7 0.663542 0.251852 0.05625 0.0796296 0.321586
9 0.589844 0.171296 0.0161458 0.0388889 0.353032
2 0.209896 0.283333 0.0375 0.0777778 0.371639
2 0.486979 0.225926 0.0364583 0.0388889 0.380517
9 0.973958 0.737963 0.0125 0.0537037 0.380731
7 0.925 0.914815 0.146875 0.17037 0.393348
0 0.0877604 0.511111 0.0255208 0.0648148 0.402617
2 0.45026 0.258796 0.0421875 0.0435185 0.473049
0 0.922656 0.724074 0.0182292 0.0740741 0.507803
0 0.89349 0.493981 0.0130208 0.0601852 0.570842
0 0.882292 0.746296 0.0177083 0.0722222 0.587515
5 0.441667 0.219907 0.122917 0.110185 0.66494
2 0.685417 0.75 0.13125 0.207407 0.723244
2 0.396094 0.297222 0.0494792 0.0592593 0.783361
2 0.446354 0.512963 0.0614583 0.109259 0.809486
2 0.471354 0.377778 0.034375 0.0703704 0.820842
2 0.395833 0.431019 0.0385417 0.0805556 0.82618
2 0.414844 0.344444 0.0473958 0.0648148 0.847451
