5 0.476042 0.198148 0.0572917 0.0685185 0.252537
0 0.449219 0.659259 0.0276042 0.0888889 0.263749
2 0.48099 0.229167 0.0380208 0.0416667 0.309614
2 0.841146 0.106019 0.015625 0.0305556 0.343717
0 0.910156 0.688426 0.0130208 0.0453704 0.394521
2 0.254167 0.32037 0.0239583 0.0351852 0.403836
9 0.973958 0.737963 0.0125 0.0537037 0.495843
0 0.891146 0.696296 0.0145833 0.0611111 0.536414
2 0.380729 0.322222 0.0333333 0.0444444 0.550335
5 0.436719 0.219444 0.104687 0.0962963 0.550879
2 0.445833 0.279167 0.0458333 0.0546296 0.719807
2 0.188021 0.506481 0.059375 0.0851852 0.809042
5 0.0575521 0.581944 0.114063 0.180556 0.829365
2 0.349479 0.725926 0.0864583 0.164815 0.862421
