3 0.90625 0.887963 0.0208333 0.0555556 0.250312
2 0.491927 0.269907 0.0380208 0.0416667 0.253591
0 0.904167 0.484722 0.0104167 0.0490741 0.265035
7 0.234115 0.334259 0.0557292 0.1 0.266048
5 0.234115 0.333333 0.0557292 0.1 0.273022
2 0.564844 0.203241 0.0286458 0.0361111 0.356666
9 0.973958 0.737037 0.0114583 0.0518519 0.376144
2 0.53125 0.236111 0.0354167 0.037037 0.38291
0 0.93724 0.79537 0.0182292 0.0648148 0.385811
2 0.464063 0.352778 0.0364583 0.0703704 0.389817
0 0.884375 0.524074 0.0125 0.0592593 0.431411
0 0.928646 0.738889 0.0145833 0.0666667 0.435167
2 0.515625 0.283333 0.0375 0.0537037 0.51004
0 0.91224 0.739815 0.0140625 0.0759259 0.511451
7 0.670052 0.264352 0.0713542 0.106481 0.557045
2 0.466146 0.409722 0.0364583 0.0694444 0.636677
7 0.409896 0.378704 0.0447917 0.15 0.676582
2 0.436719 0.480556 0.0536458 0.0925926 0.774574
2 0.51276 0.480556 0.0744792 0.105556 0.791203
2 0.38776 0.513426 0.0526042 0.10463 0.818619
2 0.242188 0.904167 0.0947917 0.187963 0.826003
2 0.552344 0.444907 0.0692708 0.0805556 0.852416
2 0.501562 0.565278 0.0833333 0.115741 0.882926
2 0.48099 0.660185 0.0869792 0.135185 0.896062
