7 0.95026 0.298148 0.0994792 0.596296 0.262783
0 0.90625 0.4 0.009375 0.05 0.275472
0 0.85625 0.984259 0.03125 0.0296296 0.39669
0 0.878906 0.935648 0.0161458 0.0638889 0.436805
2 0.256771 0.316667 0.0239583 0.0333333 0.440366
0 0.0859375 0.514352 0.0229167 0.0675926 0.554531
2 0.434896 0.263426 0.0385417 0.0509259 0.575186
2 0.305208 0.393056 0.05625 0.0787037 0.605122
2 0.744271 0.466667 0.0510417 0.0851852 0.759145
5 0.442187 0.220833 0.121875 0.119444 0.782196
2 0.349219 0.724074 0.0848958 0.166667 0.793197
2 0.216146 0.479167 0.0708333 0.10463 0.794725
2 0.0976562 0.556481 0.0619792 0.0925926 0.813866
