2 0.464583 0.402315 0.0364583 0.075 0.274948
0 0.883854 0.500463 0.0104167 0.0564815 0.28054
0 0.352865 0.353704 0.0119792 0.0407407 0.300621
9 0.973958 0.738889 0.0114583 0.0537037 0.327509
2 0.57474 0.195833 0.0244792 0.0324074 0.335171
7 0.227865 0.316667 0.0515625 0.0962963 0.341415
2 0.534635 0.249074 0.0421875 0.0555556 0.36728
2 0.464063 0.353241 0.0364583 0.075 0.374905
2 0.488021 0.27037 0.0427083 0.0444444 0.392499
3 0.710677 0.709259 0.0421875 0.0759259 0.400197
0 0.9375 0.793519 0.0208333 0.0703704 0.408191
7 0.66276 0.252315 0.0588542 0.0805556 0.426788
0 0.928906 0.74213 0.0140625 0.0657407 0.452668
0 0.91224 0.743519 0.0151042 0.0685185 0.467619
0 0.904167 0.481944 0.0104167 0.0546296 0.488105
2 0.229427 0.882407 0.0890625 0.190741 0.702753
7 0.409635 0.37963 0.0442708 0.148148 0.708536
2 0.433854 0.476852 0.053125 0.087037 0.821526
2 0.502604 0.475463 0.0697917 0.102778 0.84791
2 0.440625 0.605556 0.0739583 0.118519 0.851885
2 0.492969 0.55463 0.0776042 0.109259 0.860235
2 0.543229 0.440741 0.06875 0.0814815 0.880232
2 0.384375 0.506481 0.05 0.101852 0.888403
