9 0.351823 0.351852 0.0130208 0.0444444 0.262538
0 0.448958 0.659259 0.0270833 0.0888889 0.266833
0 0.911719 0.677778 0.0109375 0.0333333 0.294826
2 0.840885 0.106944 0.0151042 0.0305556 0.308948
2 0.480729 0.228704 0.0395833 0.0425926 0.321726
0 0.830729 0.965741 0.0197917 0.0611111 0.332022
0 0.890625 0.968518 0.0260417 0.0592593 0.375752
2 0.383594 0.325 0.0348958 0.0555556 0.424191
9 0.973958 0.738426 0.0125 0.0527778 0.509481
2 0.253646 0.320833 0.0260417 0.0398148 0.518818
5 0.442448 0.21713 0.117188 0.0990741 0.571189
0 0.917708 0.888889 0.0239583 0.0796296 0.607611
0 0.891146 0.691667 0.0145833 0.062963 0.614737
2 0.445052 0.27963 0.0473958 0.0574074 0.729091
5 0.0635417 0.578704 0.127083 0.190741 0.747439
2 0.197135 0.494444 0.0598958 0.0851852 0.812276
2 0.349479 0.725926 0.0864583 0.164815 0.866529
