0 0.93099 0.737037 0.0203125 0.0611111 0.297923
0 0.921875 0.725 0.01875 0.0685185 0.33206
0 0.973698 0.738889 0.0119792 0.0537037 0.350927
0 0.89349 0.441204 0.00989583 0.0472222 0.356185
2 0.39375 0.296759 0.046875 0.0564815 0.362387
9 0.351562 0.352778 0.0125 0.0425926 0.381323
7 0.213802 0.29213 0.0411458 0.0824074 0.385715
2 0.423177 0.29537 0.0536458 0.062963 0.396888
5 0.213542 0.29213 0.040625 0.0805556 0.410221
2 0.839844 0.107407 0.0161458 0.0296296 0.421202
0 0.93724 0.797222 0.0234375 0.0703704 0.443144
7 0.668229 0.260648 0.0666667 0.0990741 0.4497
5 0.426302 0.227778 0.0859375 0.0962963 0.478433
2 0.52474 0.212963 0.0401042 0.0444444 0.498733
0 0.882031 0.747222 0.0182292 0.0740741 0.524453
0 0.919531 0.610648 0.0171875 0.0712963 0.570637
2 0.482552 0.227778 0.0338542 0.037037 0.593344
2 0.422917 0.498148 0.0625 0.101852 0.843418
2 0.580729 0.689815 0.105208 0.140741 0.88799
2 0.745833 0.850463 0.133333 0.178704 0.892136
2 0.78724 0.764815 0.108854 0.153704 0.908013
