9 0.974219 0.7375 0.0119792 0.0546296 0.285035
0 0.905469 0.37963 0.00885417 0.0425926 0.291212
0 0.861198 0.904167 0.0223958 0.0564815 0.417898
2 0.177865 0.496759 0.0546875 0.0787037 0.479767
2 0.254948 0.316667 0.0213542 0.0333333 0.529421
2 0.495833 0.869444 0.11875 0.192593 0.56423
2 0.125521 0.570833 0.071875 0.115741 0.635153
5 0.467448 0.203241 0.0546875 0.0675926 0.654366
2 0.78724 0.311574 0.0286458 0.0583333 0.666645
7 0.497396 0.867593 0.119792 0.192593 0.706603
2 0.38099 0.306019 0.0494792 0.0509259 0.708973
7 0.626562 0.820833 0.127083 0.252778 0.759797
2 0.233594 0.459722 0.0619792 0.087963 0.781608
5 0.411198 0.237037 0.0890625 0.0925926 0.808546
2 0.34974 0.725 0.0848958 0.164815 0.833006
