2 0.870833 0.562963 0.0208333 0.0296296 0.284441
0 0.448438 0.661111 0.0302083 0.0925926 0.284525
2 0.217708 0.294444 0.04375 0.0796296 0.319104
2 0.482552 0.227778 0.0369792 0.0407407 0.320019
9 0.351562 0.352778 0.0135417 0.0425926 0.32286
2 0.263281 0.32037 0.0265625 0.0351852 0.32299
0 0.923437 0.627778 0.0166667 0.0722222 0.345368
0 0.891927 0.451389 0.00989583 0.0490741 0.345565
2 0.450781 0.256944 0.0401042 0.0416667 0.353774
9 0.973698 0.7375 0.0119792 0.0527778 0.360346
0 0.921875 0.724537 0.0197917 0.0712963 0.363783
7 0.667969 0.259259 0.0661458 0.0944444 0.406388
0 0.932292 0.744907 0.0208333 0.0638889 0.431044
2 0.839583 0.10787 0.0166667 0.0287037 0.462076
5 0.432552 0.225 0.0984375 0.105556 0.476989
0 0.88099 0.749074 0.0171875 0.0777778 0.498633
2 0.507812 0.225463 0.0385417 0.0472222 0.509874
2 0.402604 0.302778 0.0645833 0.0722222 0.704
2 0.801823 0.898611 0.132812 0.169444 0.777033
2 0.445052 0.528704 0.0703125 0.105556 0.888051
2 0.852344 0.828241 0.108854 0.158333 0.89741
2 0.626302 0.735185 0.113021 0.155556 0.90187
