7 0.23125 0.812037 0.153125 0.375926 0.263447
0 0.973958 0.738426 0.0114583 0.0527778 0.291473
2 0.210417 0.284722 0.0385417 0.0731481 0.332544
5 0.476302 0.208333 0.0567708 0.0907407 0.369042
9 0.974219 0.7375 0.0119792 0.0527778 0.370523
0 0.0210938 0.986574 0.0151042 0.0268519 0.380325
2 0.509115 0.452315 0.0567708 0.0842593 0.391195
7 0.6625 0.251389 0.0552083 0.0768519 0.406585
0 0.929688 0.742593 0.0145833 0.0666667 0.447764
7 0.509375 0.453241 0.0583333 0.0861111 0.451132
2 0.551562 0.218981 0.0322917 0.037963 0.496682
2 0.823177 0.178704 0.0171875 0.0296296 0.50395
5 0.228646 0.815741 0.155208 0.368519 0.528483
2 0.4 0.294444 0.0489583 0.0574074 0.537417
5 0.447135 0.212963 0.117188 0.101852 0.54108
2 0.513802 0.250926 0.0421875 0.0444444 0.54474
0 0.936719 0.796296 0.0213542 0.0722222 0.548868
2 0.433073 0.468056 0.0546875 0.113889 0.568147
2 0.402865 0.388426 0.0401042 0.0731481 0.638199
2 0.455208 0.300463 0.0447917 0.0546296 0.647907
0 0.881771 0.742593 0.01875 0.0685185 0.667701
7 0.294531 0.620833 0.0723958 0.173148 0.804323
2 0.876562 0.842593 0.105208 0.162963 0.860392
2 0.642969 0.597222 0.103646 0.137037 0.883668
7 0.515885 0.58287 0.138021 0.247222 0.905542
2 0.668229 0.726852 0.110417 0.15 0.91353
2 0.654948 0.863426 0.132812 0.189815 0.918864
2 0.796094 0.879167 0.130729 0.191667 0.919278
