5 0.421875 0.231019 0.0729167 0.0953704 0.258354
9 0.959115 0.225463 0.0807292 0.0490741 0.262805
5 0.210417 0.284722 0.0375 0.0712963 0.26766
7 0.666667 0.256944 0.0625 0.0898148 0.271679
0 0.89974 0.393519 0.0109375 0.0481481 0.320019
2 0.366146 0.983333 0.0427083 0.0314815 0.321173
2 0.560938 0.208333 0.0291667 0.037037 0.351792
5 0.476823 0.201852 0.0567708 0.0777778 0.356113
5 0.442708 0.253704 0.059375 0.062963 0.376387
2 0.209896 0.284259 0.0364583 0.0703704 0.381668
0 0.940625 0.79213 0.0229167 0.0675926 0.395403
9 0.973958 0.737963 0.0125 0.0537037 0.407038
2 0.435937 0.293056 0.0427083 0.106481 0.407636
2 0.364323 0.912963 0.0640625 0.103704 0.42869
0 0.928646 0.743519 0.0166667 0.0685185 0.430878
2 0.527865 0.240278 0.0390625 0.0416667 0.46696
0 0.88099 0.745833 0.0171875 0.0712963 0.471991
5 0.45 0.210185 0.111458 0.1 0.473066
2 0.813281 0.209722 0.0213542 0.037963 0.497909
7 0.273698 0.430093 0.0390625 0.102778 0.53638
2 0.439844 0.260185 0.0432292 0.0518519 0.563829
2 0.96849 0.922222 0.0619792 0.140741 0.584768
2 0.486458 0.273148 0.0416667 0.0462963 0.599038
7 0.416667 0.429167 0.0354167 0.106481 0.662379
2 0.485156 0.410185 0.0411458 0.0851852 0.7073
5 0.192188 0.503704 0.0864583 0.233333 0.708163
2 0.431771 0.331481 0.0427083 0.0574074 0.747389
7 0.476562 0.527778 0.119792 0.225926 0.809415
2 0.544531 0.498148 0.0828125 0.125926 0.82028
2 0.790885 0.875 0.128646 0.194444 0.893153
2 0.647656 0.706019 0.106771 0.139815 0.893766
2 0.656771 0.622685 0.0885417 0.117593 0.894625
2 0.628125 0.840278 0.129167 0.193519 0.913451
