7 0.670052 0.261574 0.0682292 0.100926 0.2742
2 0.254948 0.315741 0.0223958 0.0333333 0.305801
0 0.963021 0.675 0.0114583 0.0444444 0.322234
2 0.584896 0.186111 0.0333333 0.0462963 0.340371
9 0.351302 0.35463 0.0140625 0.0407407 0.395391
2 0.786719 0.334722 0.0421875 0.0916667 0.426692
7 0.78724 0.334259 0.0421875 0.0925926 0.539444
2 0.526302 0.202315 0.0453125 0.0361111 0.587695
2 0.82526 0.162963 0.0161458 0.0296296 0.627813
0 0.883333 0.735648 0.0197917 0.0805556 0.648551
2 0.745573 0.301389 0.0338542 0.0546296 0.662005
2 0.125781 0.525926 0.0619792 0.0814815 0.744431
2 0.51875 0.238889 0.0364583 0.0537037 0.754413
2 0.814323 0.925463 0.102604 0.147222 0.831341
2 0.34974 0.725463 0.0859375 0.163889 0.838078
5 0.357552 0.283333 0.152604 0.155556 0.838293
