0 0.0872396 0.511111 0.0244792 0.062963 0.272173
9 0.973698 0.737037 0.0119792 0.0537037 0.27777
0 0.928906 0.738426 0.0151042 0.0638889 0.320182
2 0.54375 0.222685 0.0354167 0.037963 0.382481
0 0.918229 0.720833 0.0166667 0.0731481 0.402362
2 0.508854 0.255556 0.04375 0.0462963 0.465387
0 0.00963542 0.983333 0.0192708 0.0314815 0.478639
2 0.209896 0.284259 0.0375 0.0722222 0.485802
5 0.26875 0.84213 0.203125 0.312037 0.54159
2 0.43724 0.476389 0.0536458 0.115741 0.547627
2 0.825781 0.169444 0.0182292 0.0277778 0.557638
0 0.882031 0.745833 0.0182292 0.075 0.633284
2 0.194792 0.712037 0.0708333 0.0907407 0.639615
5 0.442448 0.21713 0.124479 0.108333 0.641421
2 0.26875 0.844444 0.196875 0.311111 0.668719
2 0.396875 0.294907 0.05 0.0564815 0.683632
2 0.522396 0.469907 0.0614583 0.0861111 0.716417
7 0.321875 0.703704 0.0947917 0.207407 0.717323
2 0.440625 0.313889 0.04375 0.0555556 0.755541
2 0.402865 0.402315 0.0369792 0.0768519 0.770859
2 0.948698 0.910648 0.0994792 0.158333 0.833577
7 0.516927 0.583796 0.138021 0.249074 0.880537
2 0.703646 0.656944 0.111458 0.158333 0.908588
2 0.667969 0.725463 0.109896 0.150926 0.911281
2 0.796094 0.879167 0.130729 0.191667 0.920033
2 0.660417 0.86713 0.13125 0.189815 0.920359
