0 0.919792 0.738889 0.025 0.0666667 0.25643
5 0.210677 0.284259 0.0380208 0.0722222 0.278822
0 0.913542 0.738426 0.015625 0.0527778 0.309706
7 0.316146 0.85787 0.223958 0.278704 0.313219
7 0.413542 0.409722 0.0333333 0.0972222 0.321886
9 0.973958 0.737963 0.0114583 0.0518519 0.352262
2 0.558594 0.20787 0.0338542 0.0416667 0.364871
5 0.458333 0.207407 0.107292 0.0962963 0.371216
0 0.900521 0.400463 0.0135417 0.0472222 0.376472
2 0.841146 0.1 0.015625 0.0277778 0.379384
2 0.315885 0.858796 0.222396 0.282407 0.424183
5 0.481771 0.194907 0.0572917 0.0731481 0.43258
5 0.277865 0.375926 0.0348958 0.0944444 0.437271
2 0.528906 0.238889 0.0380208 0.0388889 0.445558
2 0.448177 0.3125 0.0442708 0.0527778 0.481712
0 0.882031 0.733333 0.0171875 0.0574074 0.512624
0 0.929688 0.74213 0.01875 0.0731481 0.531874
2 0.0567708 0.649074 0.0520833 0.0925926 0.547923
2 0.490885 0.271759 0.0390625 0.0435185 0.575504
2 0.806771 0.235185 0.021875 0.0351852 0.590874
5 0.316146 0.857407 0.223958 0.27963 0.605205
2 0.481771 0.393519 0.0354167 0.0777778 0.638293
7 0.882812 0.841204 0.135417 0.189815 0.646562
5 0.429167 0.224074 0.0760417 0.1 0.721657
5 0.2125 0.43287 0.0708333 0.180556 0.76334
7 0.453646 0.5 0.101042 0.209259 0.845417
2 0.601562 0.57037 0.08125 0.103704 0.886592
2 0.524219 0.483333 0.0723958 0.103704 0.895116
2 0.777344 0.855093 0.128646 0.189815 0.895925
2 0.620052 0.679167 0.103646 0.137963 0.899191
2 0.622396 0.829167 0.125 0.182407 0.910271
