7 0.0182292 0.634259 0.0364583 0.125926 0.285506
0 0.907812 0.715278 0.0135417 0.037963 0.286563
2 0.482812 0.228241 0.0364583 0.0435185 0.290859
7 0.95 0.296759 0.1 0.593518 0.305536
1 0.909896 0.458333 0.0135417 0.0574074 0.329625
9 0.973958 0.738426 0.0125 0.0527778 0.348229
0 0.90599 0.733333 0.0171875 0.0740741 0.353579
0 0.889844 0.725926 0.0151042 0.0574074 0.429684
2 0.841667 0.103241 0.0166667 0.0287037 0.434722
5 0.43776 0.227778 0.110937 0.109259 0.522055
2 0.375 0.333333 0.05625 0.0796296 0.777314
2 0.44375 0.279167 0.0447917 0.0583333 0.819725
2 0.349479 0.725463 0.0864583 0.165741 0.831279
2 0.123177 0.574074 0.0671875 0.0962963 0.839293
