2 0.217187 0.254167 0.021875 0.025 0.267213
0 0.93776 0.801389 0.0161458 0.0583333 0.324246
5 0.236719 0.335648 0.0515625 0.106481 0.334887
0 0.959896 0.814815 0.0229167 0.0648148 0.357761
0 0.889583 0.527778 0.0104167 0.0555556 0.42879
7 0.236979 0.335648 0.0520833 0.106481 0.461993
0 0.973437 0.740278 0.0114583 0.0527778 0.485809
2 0.840104 0.10787 0.0166667 0.0305556 0.495871
0 0.952344 0.747222 0.0151042 0.0611111 0.514548
2 0.482552 0.228704 0.0380208 0.0425926 0.570251
5 0.44349 0.219444 0.119271 0.1 0.5914
2 0.395312 0.320833 0.0552083 0.0657407 0.645198
2 0.272917 0.471759 0.0354167 0.087963 0.728633
2 0.450521 0.274074 0.04375 0.0574074 0.780957
2 0.73099 0.843056 0.141146 0.197222 0.921288
