0 0.872396 0.443981 0.0114583 0.0527778 0.271711
0 0.9125 0.742593 0.0145833 0.0555556 0.297047
7 0.665885 0.260185 0.0630208 0.0962963 0.30011
2 0.528906 0.238426 0.0380208 0.037963 0.331091
9 0.973958 0.737037 0.0125 0.0537037 0.344974
0 0.938281 0.796296 0.0213542 0.0685185 0.418774
2 0.455729 0.303241 0.0416667 0.0490741 0.425113
0 0.929427 0.744907 0.0182292 0.0657407 0.460211
2 0.801042 0.255556 0.0239583 0.0425926 0.492111
2 0.490365 0.269907 0.0411458 0.0453704 0.502756
0 0.88125 0.736111 0.0177083 0.0759259 0.507651
5 0.490365 0.2 0.0515625 0.0851852 0.550003
7 0.277604 0.353704 0.0333333 0.0814815 0.585988
2 0.480208 0.386574 0.0354167 0.0805556 0.658988
5 0.228646 0.393519 0.0552083 0.153704 0.742908
5 0.277865 0.798611 0.188021 0.397222 0.762141
2 0.111719 0.588426 0.0609375 0.0953704 0.776681
5 0.4375 0.222685 0.0770833 0.0916667 0.799465
2 0.578906 0.547685 0.0776042 0.100926 0.865849
2 0.513021 0.47037 0.0666667 0.103704 0.868043
7 0.442187 0.480556 0.090625 0.198148 0.875306
2 0.797917 0.748148 0.133333 0.196296 0.87592
2 0.776563 0.856944 0.129167 0.187963 0.876734
2 0.59401 0.65463 0.0953125 0.12963 0.895274
2 0.617969 0.823611 0.125521 0.180556 0.899189
