9 0.410417 0.380556 0.0427083 0.144444 0.258659
0 0.886719 0.535185 0.0109375 0.0481481 0.280273
2 0.489844 0.270833 0.0348958 0.0398148 0.293922
5 0.236979 0.34213 0.053125 0.108333 0.311181
0 0.903646 0.481481 0.0104167 0.0555556 0.38157
0 0.9375 0.793519 0.0197917 0.0685185 0.453921
2 0.530208 0.236574 0.0354167 0.037963 0.466342
9 0.973958 0.738426 0.0114583 0.0509259 0.482896
2 0.56224 0.206944 0.0286458 0.0342593 0.490085
2 0.509896 0.293056 0.040625 0.0546296 0.513051
7 0.410417 0.380093 0.04375 0.147222 0.553116
0 0.914062 0.735185 0.0177083 0.0833333 0.554971
0 0.929167 0.743056 0.015625 0.0712963 0.558767
2 0.4625 0.359722 0.034375 0.0731481 0.560501
5 0.410417 0.380093 0.04375 0.147222 0.576841
2 0.46849 0.41713 0.0401042 0.0731481 0.713643
2 0.257292 0.928241 0.114583 0.137963 0.771281
2 0.53151 0.714815 0.0994792 0.153704 0.827095
2 0.520052 0.485185 0.0776042 0.107407 0.851857
2 0.394271 0.524074 0.0541667 0.103704 0.856988
2 0.566406 0.450463 0.0755208 0.0824074 0.874
2 0.439323 0.487963 0.0578125 0.0944444 0.877894
2 0.515365 0.578704 0.0848958 0.118519 0.909735
