7 0.950521 0.298148 0.0979167 0.596296 0.302426
0 0.876302 0.956019 0.0286458 0.0768519 0.332615
2 0.256771 0.31713 0.0239583 0.0342593 0.345365
5 0.428385 0.271296 0.0411458 0.0462963 0.356212
0 0.896094 0.956019 0.0244792 0.0787037 0.394034
0 0.851302 0.976389 0.0265625 0.0453704 0.423918
0 0.90625 0.393056 0.0104167 0.0490741 0.431836
0 0.0869792 0.512037 0.0239583 0.062963 0.441167
2 0.427604 0.272222 0.0395833 0.0481481 0.637908
2 0.290625 0.400463 0.0666667 0.087963 0.685809
2 0.0710938 0.583333 0.0609375 0.0907407 0.751175
2 0.754687 0.42963 0.046875 0.0851852 0.753626
2 0.349219 0.724074 0.0859375 0.166667 0.793809
2 0.201562 0.49537 0.071875 0.109259 0.80788
5 0.442187 0.222222 0.121875 0.118519 0.825151
