2 0.480729 0.229167 0.0375 0.0416667 0.250032
0 0.446875 0.656482 0.0302083 0.087037 0.255904
0 0.91875 0.501852 0.0125 0.062963 0.261046
2 0.254427 0.317593 0.0213542 0.0296296 0.272197
0 0.907552 0.918519 0.0223958 0.0574074 0.27396
9 0.352083 0.350926 0.0135417 0.0444444 0.307656
5 0.440625 0.218056 0.126042 0.110185 0.448806
0 0.839063 0.912037 0.0177083 0.05 0.453347
0 0.910937 0.670833 0.0145833 0.0768519 0.46529
9 0.973958 0.737963 0.0114583 0.0537037 0.466115
2 0.395573 0.319907 0.0546875 0.0694444 0.469581
0 0.890885 0.664815 0.0140625 0.062963 0.482627
0 0.908073 0.841667 0.0192708 0.0759259 0.513245
2 0.841406 0.106019 0.0161458 0.0342593 0.523206
2 0.445052 0.27963 0.0473958 0.0648148 0.612908
2 0.23776 0.443056 0.0453125 0.0712963 0.823286
2 0.349219 0.724537 0.0848958 0.162037 0.834713
5 0.0890625 0.544907 0.166667 0.223148 0.8891
