0 0.0877604 0.511574 0.0244792 0.0638889 0.26118
2 0.485417 0.227778 0.0322917 0.0351852 0.276589
0 0.0606771 0.637037 0.0130208 0.0537037 0.285271
9 0.351562 0.353704 0.0135417 0.0425926 0.300135
7 0.210156 0.282407 0.0380208 0.0777778 0.311153
0 0.929167 0.733796 0.0229167 0.0675926 0.319878
2 0.839323 0.113889 0.0151042 0.0259259 0.331908
2 0.44974 0.258333 0.0411458 0.0444444 0.374876
0 0.973698 0.738889 0.0130208 0.0537037 0.408732
0 0.922656 0.724074 0.0171875 0.0722222 0.452064
2 0.688542 0.753241 0.130208 0.206481 0.50634
0 0.89349 0.49537 0.0119792 0.0574074 0.557129
0 0.881771 0.746296 0.0177083 0.0722222 0.557876
5 0.433854 0.222222 0.102083 0.0962963 0.567923
7 0.689323 0.752315 0.129688 0.20463 0.580056
2 0.395833 0.296759 0.05 0.0583333 0.775321
2 0.413542 0.344444 0.0479167 0.062963 0.791918
2 0.472396 0.380093 0.0333333 0.0694444 0.810573
2 0.396615 0.431944 0.0390625 0.0787037 0.826657
2 0.448438 0.519907 0.0614583 0.0990741 0.86447
