9 0.351562 0.35463 0.0125 0.0407407 0.262943
0 0.973698 0.73287 0.0171875 0.0638889 0.270834
2 0.254687 0.31713 0.0208333 0.0324074 0.359112
2 0.548437 0.193981 0.0333333 0.0324074 0.390761
7 0.78099 0.361574 0.0494792 0.0990741 0.422585
2 0.597396 0.17963 0.0270833 0.0333333 0.501637
2 0.780729 0.361574 0.0489583 0.0972222 0.535092
2 0.535677 0.225926 0.0338542 0.0444444 0.619675
2 0.822656 0.172685 0.0161458 0.0287037 0.705847
0 0.883854 0.747685 0.021875 0.0805556 0.708821
2 0.733854 0.334722 0.0364583 0.0638889 0.732108
2 0.159896 0.491667 0.059375 0.0740741 0.819679
5 0.367969 0.282407 0.151562 0.159259 0.830353
2 0.349479 0.725463 0.0854167 0.163889 0.838765
2 0.80625 0.936574 0.102083 0.125 0.867951
