58 0.0289063 0.785185 0.0557292 0.146296 0.258271
0 0.917969 0.71713 0.0151042 0.0694444 0.274356
7 0.210677 0.286111 0.0401042 0.0722222 0.276131
2 0.592448 0.147685 0.0223958 0.0305556 0.28425
2 0.260938 0.825 0.196875 0.35 0.295427
7 0.51875 0.462963 0.0572917 0.0888889 0.352526
0 0.951563 0.562037 0.0125 0.062963 0.371001
2 0.210156 0.284722 0.0390625 0.0712963 0.397015
7 0.6625 0.251852 0.0552083 0.0777778 0.39919
9 0.974219 0.7375 0.0119792 0.0527778 0.415484
0 0.928646 0.744907 0.0145833 0.0657407 0.417551
0 0.0106771 0.983796 0.0192708 0.0305556 0.436181
2 0.510417 0.256481 0.0427083 0.0407407 0.447027
5 0.261719 0.828241 0.199479 0.343519 0.455378
2 0.397135 0.294444 0.0463542 0.0611111 0.464001
2 0.82474 0.174537 0.0161458 0.0287037 0.479645
2 0.518229 0.464352 0.0572917 0.087963 0.482398
2 0.546875 0.221759 0.0333333 0.0398148 0.48983
5 0.443229 0.21713 0.119792 0.112037 0.59279
0 0.88151 0.745833 0.0203125 0.0768519 0.622356
2 0.401042 0.405556 0.0354167 0.0666667 0.658924
2 0.444792 0.310648 0.04375 0.0546296 0.663784
2 0.93125 0.896296 0.0958333 0.164815 0.670404
2 0.436719 0.474074 0.0546875 0.114815 0.741058
7 0.31224 0.684259 0.0880208 0.207407 0.822805
2 0.689323 0.637963 0.110937 0.151852 0.871238
7 0.517448 0.581944 0.139062 0.247222 0.900677
2 0.668229 0.726852 0.110417 0.15 0.906643
2 0.796094 0.879167 0.130729 0.193519 0.915537
2 0.658333 0.866667 0.133333 0.190741 0.918204
